0.000000	0.301236	0.272027	0.301743	0.274128	0.243775	0.245122	0.272110	0.278626	0.275837	0.273900	0.280005	0.265608	0.303112	0.293210	0.304303	0.246562	0.277659	0.312598	0.265107	0.305598	0.280509	0.281527	0.277476	0.268303	0.274812	0.271625	0.290224	0.283374	0.277461	0.280075	0.282747	0.278568	0.276658	0.274464	0.274675	0.273634	0.268120	0.278711	0.246003	0.248910	0.307661	0.298862	0.307441	0.306904	0.315827	0.308957	0.237360	0.279655	0.279623	0.283431	0.278876	0.275785	0.272626	0.244224	0.276880	0.269140	0.305405	0.244483	0.302297	0.259572	0.302665	0.242199	0.276612	0.242509	0.271844	0.249528	0.239801	0.246838	0.277297	0.250051	0.242773	0.281410	0.269615	0.277101	0.277918	0.295208	0.276631	0.279425	0.252925	0.279175	0.278972	0.283812	0.235665	0.278116	0.250641	0.283976	0.264750	0.240786	0.268240	0.288855	0.278013	0.281403	0.276024	0.278755	0.271385	0.285346	
0.301236	0.000000	0.295188	0.250847	0.297231	0.305988	0.308632	0.292928	0.299593	0.307454	0.298767	0.300434	0.296739	0.243899	0.243135	0.240503	0.312218	0.297119	0.245143	0.298317	0.249381	0.302445	0.310709	0.299540	0.309741	0.299965	0.296774	0.314223	0.317050	0.310894	0.306383	0.308120	0.300045	0.305717	0.297700	0.290391	0.299860	0.294197	0.301087	0.301259	0.305947	0.250620	0.243917	0.241758	0.248706	0.244198	0.246237	0.303906	0.317866	0.302770	0.300983	0.310469	0.295051	0.289447	0.302979	0.290399	0.298370	0.239211	0.301319	0.249159	0.303813	0.242961	0.306768	0.301817	0.305671	0.293750	0.306503	0.302666	0.307207	0.297645	0.304048	0.304594	0.301496	0.287754	0.291633	0.294704	0.272268	0.302802	0.300503	0.305659	0.303053	0.300163	0.298646	0.314802	0.302956	0.304635	0.308190	0.300054	0.299941	0.282912	0.287091	0.293674	0.305590	0.299203	0.303176	0.287682	0.297278	
0.272027	0.295188	0.000000	0.299222	0.254859	0.275152	0.276737	0.256383	0.266148	0.256518	0.260971	0.254988	0.247364	0.294477	0.293918	0.296596	0.278877	0.257710	0.303303	0.265330	0.297412	0.273505	0.263753	0.252143	0.271080	0.254951	0.257978	0.272317	0.274259	0.269834	0.272550	0.267928	0.259135	0.261268	0.262057	0.257891	0.256495	0.259374	0.256828	0.274934	0.279725	0.297179	0.295330	0.303198	0.292784	0.306452	0.300159	0.269945	0.281775	0.253896	0.262283	0.271729	0.258728	0.249605	0.279311	0.252051	0.254513	0.298365	0.280089	0.302081	0.278155	0.296974	0.280707	0.255517	0.287082	0.257766	0.286025	0.272226	0.280366	0.253553	0.274901	0.279541	0.267473	0.253071	0.257970	0.269771	0.279492	0.260574	0.260052	0.284757	0.258316	0.264066	0.264794	0.269634	0.253323	0.273665	0.259958	0.249235	0.273466	0.258748	0.265673	0.258031	0.255730	0.246982	0.254089	0.253019	0.270710	
0.301743	0.250847	0.299222	0.000000	0.291382	0.304046	0.299039	0.294987	0.311247	0.311310	0.306981	0.304638	0.301487	0.254137	0.255211	0.250485	0.300944	0.295846	0.241888	0.306254	0.250791	0.309281	0.303630	0.307138	0.311077	0.292403	0.296051	0.315374	0.309100	0.296871	0.309010	0.306729	0.295197	0.303938	0.306732	0.288630	0.298031	0.292808	0.304580	0.292796	0.310328	0.245898	0.251945	0.251093	0.252013	0.248913	0.245105	0.302840	0.310538	0.310162	0.292040	0.300558	0.299952	0.293407	0.304010	0.289873	0.298113	0.245136	0.299780	0.246542	0.304421	0.248947	0.305914	0.297010	0.314842	0.293378	0.302079	0.308104	0.304699	0.300420	0.297146	0.304959	0.295800	0.288731	0.287493	0.283338	0.271505	0.298926	0.304605	0.308671	0.301622	0.298096	0.309025	0.281761	0.304760	0.300366	0.286245	0.279253	0.293073	0.302162	0.298906	0.303021	0.305934	0.306907	0.303924	0.290538	0.301451	
0.274128	0.297231	0.254859	0.291382	0.000000	0.277044	0.275630	0.253951	0.266413	0.258095	0.263170	0.263617	0.255331	0.289165	0.290901	0.296462	0.281143	0.259678	0.293101	0.267755	0.299027	0.264902	0.270989	0.269479	0.269320	0.257633	0.265641	0.271058	0.268907	0.262747	0.277753	0.267136	0.258129	0.260260	0.266340	0.256959	0.256180	0.262528	0.266263	0.275095	0.278825	0.290970	0.294951	0.301685	0.302047	0.301904	0.305317	0.275220	0.279268	0.258842	0.255940	0.267287	0.261105	0.263978	0.281739	0.256208	0.256515	0.294865	0.284388	0.301481	0.278771	0.291633	0.282522	0.254020	0.281254	0.256736	0.277228	0.281455	0.278533	0.266031	0.277138	0.276797	0.264399	0.252947	0.250596	0.267741	0.291601	0.260098	0.268902	0.273455	0.257591	0.263270	0.267830	0.269180	0.262528	0.270747	0.287912	0.261261	0.276304	0.255136	0.263345	0.262430	0.262302	0.261526	0.260045	0.252472	0.273062	
0.243775	0.305988	0.275152	0.304046	0.277044	0.000000	0.245343	0.281763	0.280417	0.283408	0.279946	0.282365	0.276209	0.305843	0.301208	0.304759	0.240538	0.278099	0.303685	0.271967	0.308549	0.277389	0.290221	0.282743	0.275885	0.274539	0.285057	0.288972	0.286129	0.278965	0.286047	0.275621	0.285993	0.278292	0.283742	0.272878	0.283608	0.276518	0.278057	0.248241	0.252062	0.304007	0.305853	0.308004	0.308470	0.311709	0.313662	0.242080	0.281908	0.282537	0.286008	0.285051	0.276587	0.275571	0.247989	0.279234	0.276403	0.304555	0.249740	0.307884	0.259426	0.303606	0.248014	0.277692	0.243056	0.275028	0.241079	0.243529	0.240153	0.279839	0.246227	0.247931	0.283501	0.268487	0.276314	0.282384	0.296352	0.284898	0.281153	0.247684	0.284371	0.287313	0.288072	0.255888	0.283118	0.255898	0.298990	0.263131	0.239818	0.273236	0.294443	0.278433	0.282854	0.274185	0.283474	0.272261	0.289485	
0.245122	0.308632	0.276737	0.299039	0.275630	0.245343	0.000000	0.277411	0.284085	0.287237	0.282180	0.285227	0.278927	0.307170	0.299711	0.304264	0.246679	0.285013	0.310356	0.275113	0.308974	0.278604	0.281914	0.286575	0.279503	0.279615	0.286515	0.287933	0.278374	0.274616	0.285043	0.278839	0.286729	0.275452	0.282142	0.283886	0.284762	0.273433	0.281582	0.243613	0.251862	0.302015	0.302496	0.311061	0.310708	0.312721	0.313808	0.239737	0.285196	0.281901	0.282588	0.278275	0.285046	0.275316	0.250692	0.279868	0.281433	0.311978	0.246413	0.312246	0.264451	0.309097	0.250480	0.280045	0.246959	0.274785	0.241876	0.245726	0.243527	0.285527	0.245084	0.242823	0.280840	0.269841	0.279022	0.286973	0.290422	0.283108	0.291433	0.258034	0.287818	0.285751	0.294939	0.239686	0.281357	0.254083	0.275720	0.274419	0.245323	0.269965	0.291262	0.287057	0.287487	0.279097	0.284223	0.278412	0.283426	
0.272110	0.292928	0.256383	0.294987	0.253951	0.281763	0.277411	0.000000	0.261871	0.257528	0.255774	0.266265	0.256262	0.298065	0.291029	0.297844	0.277489	0.255051	0.300226	0.272539	0.297952	0.275774	0.267672	0.261008	0.265271	0.257602	0.265027	0.274633	0.272936	0.265453	0.276075	0.273371	0.261526	0.255506	0.259539	0.257426	0.254671	0.262657	0.258540	0.276440	0.287898	0.301063	0.303773	0.312224	0.301805	0.302258	0.301578	0.276955	0.279796	0.262681	0.254656	0.267932	0.257562	0.254408	0.284900	0.249091	0.263163	0.295797	0.279625	0.298995	0.275579	0.299773	0.282234	0.258391	0.282189	0.254062	0.278988	0.281454	0.278773	0.261334	0.281313	0.274655	0.258490	0.255324	0.250819	0.262869	0.277894	0.261744	0.270070	0.281732	0.259917	0.258902	0.263709	0.281875	0.255000	0.271019	0.289421	0.262562	0.277127	0.247678	0.272239	0.268453	0.258757	0.261284	0.256986	0.262188	0.261718	
0.278626	0.299593	0.266148	0.311247	0.266413	0.280417	0.284085	0.261871	0.000000	0.259564	0.267145	0.270862	0.259033	0.310079	0.301666	0.306471	0.272766	0.262322	0.305380	0.269876	0.304117	0.277224	0.260925	0.266272	0.273449	0.265749	0.267758	0.279624	0.283152	0.276258	0.280412	0.276067	0.263031	0.259375	0.269685	0.260619	0.257881	0.256261	0.255998	0.282033	0.289134	0.299826	0.303652	0.309819	0.300183	0.308278	0.311389	0.279504	0.284125	0.261811	0.261504	0.276622	0.265813	0.250805	0.285469	0.256443	0.267848	0.297805	0.283225	0.297857	0.278900	0.303018	0.286250	0.264731	0.282271	0.255036	0.274990	0.279046	0.281037	0.260924	0.286998	0.276940	0.265628	0.253878	0.258033	0.265949	0.288527	0.268749	0.266848	0.274413	0.262629	0.262505	0.269589	0.290302	0.266882	0.271799	0.282000	0.261020	0.278619	0.254010	0.261926	0.267650	0.267039	0.262806	0.266956	0.257995	0.278086	
0.275837	0.307454	0.256518	0.311310	0.258095	0.283408	0.287237	0.257528	0.259564	0.000000	0.267162	0.264745	0.265815	0.300866	0.303262	0.303182	0.284143	0.261525	0.306039	0.268237	0.307645	0.264318	0.270467	0.262994	0.280449	0.265301	0.263596	0.274035	0.272636	0.279213	0.279860	0.268242	0.257184	0.264357	0.263865	0.261467	0.253896	0.258589	0.262875	0.276624	0.291606	0.306755	0.310842	0.310328	0.308098	0.313081	0.308097	0.276857	0.274131	0.270051	0.261974	0.276239	0.262347	0.261475	0.287415	0.258023	0.265979	0.306290	0.283072	0.309340	0.277484	0.308155	0.287193	0.258201	0.287143	0.260533	0.278033	0.285278	0.282853	0.258655	0.282857	0.285855	0.263581	0.256905	0.251803	0.271558	0.297357	0.263409	0.262573	0.279281	0.262156	0.261808	0.264092	0.271139	0.265914	0.265871	0.264069	0.255853	0.281667	0.260798	0.281059	0.264980	0.266471	0.264427	0.261027	0.254963	0.266111	
0.273900	0.298767	0.260971	0.306981	0.263170	0.279946	0.282180	0.255774	0.267145	0.267162	0.000000	0.255230	0.263736	0.293312	0.295135	0.294836	0.281134	0.265478	0.304058	0.268686	0.293696	0.268555	0.269651	0.257364	0.269848	0.253619	0.266187	0.277842	0.281936	0.271485	0.272250	0.271152	0.261095	0.263021	0.264706	0.258866	0.261383	0.261659	0.263041	0.275204	0.284599	0.296401	0.297818	0.302295	0.304532	0.304890	0.304632	0.276844	0.279888	0.261035	0.265158	0.272272	0.264609	0.258406	0.276042	0.258689	0.255058	0.297412	0.274021	0.301902	0.273511	0.292936	0.276011	0.261928	0.283061	0.255663	0.277582	0.273230	0.277699	0.263174	0.276755	0.276812	0.267654	0.252916	0.260437	0.266322	0.287749	0.264596	0.262433	0.278852	0.256912	0.262573	0.280485	0.298995	0.262794	0.274871	0.256461	0.253465	0.274858	0.261285	0.264891	0.265289	0.268952	0.255118	0.261465	0.255425	0.272843	
0.280005	0.300434	0.254988	0.304638	0.263617	0.282365	0.285227	0.266265	0.270862	0.264745	0.255230	0.000000	0.252603	0.303285	0.301530	0.301564	0.286498	0.263879	0.304304	0.266488	0.301081	0.275077	0.263491	0.267369	0.274311	0.264594	0.267057	0.284236	0.276048	0.273817	0.282013	0.282747	0.268430	0.262442	0.271189	0.264702	0.259363	0.262792	0.261231	0.277620	0.288722	0.305421	0.303903	0.299975	0.309917	0.313095	0.308692	0.271760	0.284358	0.272895	0.265882	0.285802	0.258168	0.263642	0.284728	0.255723	0.262006	0.305662	0.280094	0.302809	0.276559	0.301561	0.282453	0.267012	0.280865	0.259477	0.293544	0.278972	0.280010	0.266349	0.285697	0.286714	0.271215	0.264744	0.256956	0.265941	0.273011	0.264123	0.261127	0.276012	0.261560	0.260666	0.259268	0.295896	0.268899	0.275978	0.260274	0.249424	0.279406	0.252914	0.278781	0.260078	0.267095	0.263164	0.262055	0.255287	0.274014	
0.265608	0.296739	0.247364	0.301487	0.255331	0.276209	0.278927	0.256262	0.259033	0.265815	0.263736	0.252603	0.000000	0.298862	0.305338	0.298918	0.277681	0.257040	0.306625	0.263889	0.290278	0.276017	0.262774	0.262350	0.274859	0.263188	0.256960	0.282012	0.279908	0.270568	0.278103	0.261581	0.267652	0.259310	0.265668	0.262358	0.268231	0.262939	0.263025	0.282669	0.282447	0.292376	0.288684	0.302803	0.303149	0.312517	0.311512	0.273681	0.277241	0.267106	0.245532	0.278222	0.264875	0.261682	0.284730	0.262172	0.268152	0.301803	0.273538	0.298032	0.268140	0.298720	0.281647	0.267026	0.272638	0.255348	0.292659	0.282087	0.286585	0.268544	0.275910	0.280614	0.273447	0.251790	0.269816	0.265786	0.266386	0.260930	0.264101	0.287161	0.270044	0.264882	0.272769	0.285330	0.263187	0.275831	0.262590	0.272523	0.277299	0.266050	0.260304	0.267429	0.266354	0.257040	0.261314	0.257030	0.273872	
0.303112	0.243899	0.294477	0.254137	0.289165	0.305843	0.307170	0.298065	0.310079	0.300866	0.293312	0.303285	0.298862	0.000000	0.243731	0.238893	0.308779	0.289349	0.243213	0.297692	0.243716	0.300995	0.294723	0.301767	0.306862	0.296840	0.299316	0.306029	0.308194	0.301683	0.313531	0.303694	0.301515	0.299976	0.304734	0.287617	0.299173	0.294585	0.298299	0.306440	0.303129	0.242805	0.238222	0.240765	0.240705	0.238627	0.251700	0.304930	0.304164	0.308203	0.307229	0.305646	0.298599	0.298673	0.303995	0.286338	0.294609	0.239588	0.303089	0.229556	0.303593	0.236885	0.308802	0.300013	0.305481	0.295608	0.309988	0.308943	0.300219	0.300062	0.297961	0.300258	0.301438	0.287858	0.291594	0.297416	0.271953	0.305596	0.302604	0.301874	0.303682	0.299899	0.294062	0.305849	0.300375	0.305940	0.279279	0.287493	0.300469	0.286454	0.299591	0.294846	0.294496	0.297029	0.299214	0.294093	0.290197	
0.293210	0.243135	0.293918	0.255211	0.290901	0.301208	0.299711	0.291029	0.301666	0.303262	0.295135	0.301530	0.305338	0.243731	0.000000	0.243734	0.299768	0.293728	0.238240	0.294707	0.246047	0.303819	0.299267	0.290228	0.300166	0.298133	0.297156	0.302999	0.301042	0.287449	0.303977	0.296803	0.298438	0.290565	0.289339	0.293148	0.290799	0.283821	0.296235	0.288193	0.298428	0.238351	0.252514	0.246094	0.241969	0.246582	0.252249	0.295599	0.305884	0.292639	0.296867	0.298663	0.294576	0.291003	0.293720	0.283903	0.290121	0.240323	0.293740	0.251531	0.298778	0.238571	0.302419	0.285046	0.299413	0.289968	0.303489	0.299244	0.296756	0.292991	0.291727	0.298787	0.291329	0.279624	0.288063	0.284444	0.268606	0.294302	0.297543	0.296852	0.297490	0.296188	0.302817	0.289244	0.291878	0.300225	0.304147	0.273214	0.294964	0.284644	0.286572	0.291897	0.298825	0.289679	0.302213	0.281782	0.292764	
0.304303	0.240503	0.296596	0.250485	0.296462	0.304759	0.304264	0.297844	0.306471	0.303182	0.294836	0.301564	0.298918	0.238893	0.243734	0.000000	0.301806	0.294847	0.241187	0.297529	0.241281	0.302074	0.299506	0.295893	0.305948	0.291940	0.296451	0.301665	0.305985	0.301322	0.315456	0.306020	0.291053	0.295820	0.297868	0.288826	0.295560	0.292160	0.299626	0.301123	0.307917	0.232568	0.247000	0.243077	0.239708	0.242121	0.244391	0.300730	0.313629	0.306633	0.304950	0.308994	0.298461	0.290549	0.303113	0.293718	0.291120	0.247978	0.301940	0.238904	0.308268	0.239356	0.307141	0.298634	0.302549	0.303225	0.303975	0.301893	0.306085	0.296807	0.304051	0.305024	0.302818	0.287516	0.287986	0.293926	0.254530	0.303421	0.301909	0.309492	0.298793	0.292758	0.300249	0.301129	0.296591	0.301728	0.301010	0.296076	0.302985	0.303867	0.294629	0.292334	0.298430	0.295836	0.300761	0.292927	0.292886	
0.246562	0.312218	0.278877	0.300944	0.281143	0.240538	0.246679	0.277489	0.272766	0.284143	0.281134	0.286498	0.277681	0.308779	0.299768	0.301806	0.000000	0.281651	0.312778	0.269207	0.305404	0.279094	0.292902	0.280441	0.281673	0.277839	0.280374	0.291082	0.279792	0.270790	0.280372	0.282263	0.276629	0.275172	0.279018	0.279843	0.280261	0.276703	0.276584	0.246992	0.244701	0.309926	0.304914	0.309064	0.308154	0.307701	0.316289	0.249168	0.280679	0.279979	0.282013	0.282030	0.281763	0.280622	0.250848	0.276499	0.271610	0.308842	0.249840	0.304492	0.268011	0.306570	0.240255	0.278010	0.241379	0.284716	0.252695	0.248404	0.243661	0.278905	0.249518	0.247417	0.286783	0.269761	0.273215	0.282559	0.285495	0.279825	0.280676	0.261765	0.285957	0.276232	0.283537	0.236740	0.287610	0.257893	0.300000	0.261048	0.240143	0.278908	0.275047	0.275593	0.285684	0.278748	0.279945	0.271007	0.288132	
0.277659	0.297119	0.257710	0.295846	0.259678	0.278099	0.285013	0.255051	0.262322	0.261525	0.265478	0.263879	0.257040	0.289349	0.293728	0.294847	0.281651	0.000000	0.293417	0.264211	0.290414	0.270198	0.264647	0.264145	0.273772	0.256045	0.261072	0.272260	0.270970	0.271201	0.279180	0.273492	0.266587	0.256513	0.262988	0.262377	0.257215	0.256995	0.262140	0.283546	0.283270	0.292114	0.292422	0.291767	0.298737	0.298622	0.304812	0.271379	0.281278	0.262159	0.255039	0.272709	0.264853	0.257907	0.279792	0.251444	0.259608	0.297240	0.280493	0.296539	0.278097	0.297143	0.282934	0.250613	0.277841	0.256190	0.282260	0.281992	0.279452	0.264539	0.276406	0.279143	0.267947	0.259016	0.256522	0.270433	0.282504	0.258695	0.259826	0.283336	0.262370	0.263447	0.275621	0.291274	0.260082	0.272707	0.268537	0.263106	0.277895	0.265621	0.266944	0.268982	0.263904	0.263158	0.264033	0.250712	0.265804	
0.312598	0.245143	0.303303	0.241888	0.293101	0.303685	0.310356	0.300226	0.305380	0.306039	0.304058	0.304304	0.306625	0.243213	0.238240	0.241187	0.312778	0.293417	0.000000	0.299432	0.242797	0.309336	0.307964	0.302998	0.305286	0.298326	0.295943	0.309143	0.308196	0.305398	0.306562	0.307852	0.296296	0.297062	0.301623	0.295840	0.295554	0.299865	0.305607	0.307518	0.303701	0.242104	0.240156	0.234095	0.245404	0.246168	0.240861	0.301745	0.309296	0.309504	0.302689	0.307108	0.298945	0.291662	0.305165	0.298664	0.295703	0.246189	0.300538	0.244337	0.300457	0.235834	0.318799	0.298677	0.305595	0.294924	0.308721	0.310533	0.303675	0.299895	0.307764	0.308189	0.303193	0.287248	0.290599	0.296186	0.271056	0.300910	0.299339	0.307424	0.304360	0.299925	0.299624	0.332068	0.297258	0.304069	0.293634	0.282895	0.306561	0.300049	0.293975	0.292296	0.299196	0.296510	0.298674	0.285404	0.295778	
0.265107	0.298317	0.265330	0.306254	0.267755	0.271967	0.275113	0.272539	0.269876	0.268237	0.268686	0.266488	0.263889	0.297692	0.294707	0.297529	0.269207	0.264211	0.299432	0.000000	0.299331	0.272245	0.270004	0.265526	0.272527	0.261545	0.265024	0.285862	0.282041	0.273936	0.274921	0.276653	0.270645	0.263563	0.274873	0.264455	0.262087	0.266306	0.263799	0.272574	0.274768	0.299800	0.302700	0.305948	0.300309	0.309611	0.304914	0.269582	0.276623	0.271705	0.275039	0.277833	0.263480	0.260373	0.271072	0.263408	0.264149	0.297184	0.269772	0.300825	0.211247	0.302209	0.276081	0.265943	0.265561	0.260750	0.268172	0.270515	0.266793	0.266375	0.273990	0.273695	0.266349	0.265933	0.258250	0.268407	0.287135	0.261632	0.272060	0.266373	0.269784	0.269008	0.272506	0.278223	0.269147	0.271996	0.280943	0.254130	0.270992	0.263047	0.271976	0.261264	0.271941	0.271383	0.276741	0.260664	0.268722	
0.305598	0.249381	0.297412	0.250791	0.299027	0.308549	0.308974	0.297952	0.304117	0.307645	0.293696	0.301081	0.290278	0.243716	0.246047	0.241281	0.305404	0.290414	0.242797	0.299331	0.000000	0.301451	0.301428	0.299211	0.311368	0.290920	0.297143	0.310195	0.311408	0.307418	0.316675	0.305885	0.299559	0.301832	0.298891	0.299808	0.288545	0.289934	0.300332	0.303537	0.306032	0.241010	0.237346	0.232986	0.240714	0.242157	0.248052	0.302247	0.312935	0.297806	0.301982	0.301019	0.295546	0.292023	0.310929	0.290929	0.299819	0.243164	0.306785	0.242967	0.307562	0.234714	0.311185	0.299613	0.311243	0.294443	0.308419	0.309369	0.303261	0.295400	0.303976	0.306210	0.298485	0.290754	0.295449	0.291073	0.270093	0.301900	0.298512	0.294515	0.300177	0.299581	0.297824	0.309136	0.301363	0.304435	0.321792	0.294207	0.303130	0.294372	0.293799	0.298162	0.303476	0.298210	0.299586	0.288254	0.288837	
0.280509	0.302445	0.273505	0.309281	0.264902	0.277389	0.278604	0.275774	0.277224	0.264318	0.268555	0.275077	0.276017	0.300995	0.303819	0.302074	0.279094	0.270198	0.309336	0.272245	0.301451	0.000000	0.274221	0.273100	0.242552	0.265740	0.271976	0.268504	0.241253	0.248051	0.240971	0.240768	0.274412	0.267809	0.278125	0.269855	0.268744	0.264681	0.267306	0.272694	0.284030	0.301901	0.302275	0.309078	0.305064	0.315493	0.308645	0.272207	0.246986	0.273491	0.274836	0.238757	0.272517	0.270763	0.277751	0.268595	0.272285	0.307994	0.274671	0.306335	0.279937	0.307856	0.282813	0.272727	0.272318	0.274994	0.274328	0.275516	0.272226	0.270509	0.269273	0.278966	0.275664	0.276743	0.261034	0.270383	0.291790	0.274401	0.275461	0.286297	0.269299	0.273985	0.283695	0.277452	0.270833	0.272898	0.282511	0.252353	0.275659	0.253463	0.297715	0.261354	0.275107	0.275946	0.273191	0.266156	0.278542	
0.281527	0.310709	0.263753	0.303630	0.270989	0.290221	0.281914	0.267672	0.260925	0.270467	0.269651	0.263491	0.262774	0.294723	0.299267	0.299506	0.292902	0.264647	0.307964	0.270004	0.301428	0.274221	0.000000	0.278782	0.265913	0.264541	0.266654	0.284711	0.277684	0.276548	0.283532	0.280176	0.274711	0.270471	0.269757	0.267841	0.262592	0.268886	0.264634	0.282383	0.288176	0.302300	0.292571	0.304633	0.311445	0.311245	0.311164	0.269847	0.290909	0.273402	0.268138	0.279361	0.270319	0.265099	0.284258	0.264660	0.275257	0.301097	0.286290	0.301550	0.279116	0.304454	0.289718	0.265744	0.293205	0.266013	0.281369	0.288970	0.287434	0.271969	0.291849	0.280140	0.267155	0.260373	0.268179	0.268519	0.287540	0.270334	0.273643	0.281408	0.271762	0.270177	0.277271	0.271556	0.266872	0.278621	0.227273	0.259878	0.294964	0.254517	0.276367	0.260563	0.270108	0.274695	0.274156	0.262663	0.273793	
0.277476	0.299540	0.252143	0.307138	0.269479	0.282743	0.286575	0.261008	0.266272	0.262994	0.257364	0.267369	0.262350	0.301767	0.290228	0.295893	0.280441	0.264145	0.302998	0.265526	0.299211	0.273100	0.278782	0.000000	0.270756	0.260238	0.259263	0.277718	0.275692	0.271083	0.275804	0.272955	0.268066	0.259442	0.264608	0.257649	0.263695	0.256327	0.263450	0.278094	0.281009	0.299771	0.301805	0.307071	0.301661	0.307040	0.302817	0.273955	0.278579	0.262936	0.258853	0.271174	0.264857	0.258571	0.281919	0.254801	0.259328	0.301936	0.281101	0.298809	0.273033	0.296837	0.278294	0.261207	0.283718	0.261441	0.291578	0.278300	0.282104	0.267442	0.283086	0.282314	0.269256	0.259045	0.258221	0.265950	0.285287	0.263676	0.263566	0.278048	0.261086	0.258186	0.268635	0.268571	0.259518	0.277526	0.285132	0.247595	0.273941	0.260586	0.262029	0.257700	0.268033	0.263049	0.258032	0.260893	0.270470	
0.268303	0.309741	0.271080	0.311077	0.269320	0.275885	0.279503	0.265271	0.273449	0.280449	0.269848	0.274311	0.274859	0.306862	0.300166	0.305948	0.281673	0.273772	0.305286	0.272527	0.311368	0.242552	0.265913	0.270756	0.000000	0.270187	0.274282	0.269720	0.239660	0.241827	0.247475	0.247158	0.281959	0.263615	0.271678	0.268028	0.268766	0.266459	0.269638	0.273086	0.282574	0.298977	0.299607	0.311726	0.306925	0.312653	0.305826	0.267282	0.243106	0.271619	0.272150	0.243129	0.266624	0.264986	0.283057	0.265692	0.269123	0.304561	0.277177	0.305550	0.273970	0.303130	0.286155	0.269010	0.284035	0.264407	0.272708	0.272087	0.269797	0.268627	0.279434	0.280198	0.273276	0.261747	0.267501	0.271580	0.285590	0.277766	0.279351	0.277873	0.275452	0.267329	0.283535	0.278215	0.273355	0.275713	0.302128	0.264890	0.273256	0.264677	0.279333	0.261606	0.276414	0.276997	0.274508	0.276696	0.286900	
0.274812	0.299965	0.254951	0.292403	0.257633	0.274539	0.279615	0.257602	0.265749	0.265301	0.253619	0.264594	0.263188	0.296840	0.298133	0.291940	0.277839	0.256045	0.298326	0.261545	0.290920	0.265740	0.264541	0.260238	0.270187	0.000000	0.261838	0.273302	0.270203	0.275936	0.277382	0.274723	0.259263	0.261165	0.261682	0.259833	0.261656	0.255508	0.262928	0.276874	0.282102	0.294929	0.297951	0.299927	0.295123	0.301442	0.305201	0.267668	0.284740	0.267820	0.260037	0.272371	0.258923	0.254243	0.277319	0.258385	0.263863	0.294411	0.277847	0.300228	0.277607	0.297470	0.282208	0.261065	0.283323	0.255148	0.271990	0.277081	0.281649	0.256661	0.278890	0.278011	0.267397	0.256950	0.260527	0.266430	0.278685	0.261786	0.263286	0.274100	0.265530	0.257294	0.278826	0.280668	0.263892	0.269405	0.261224	0.252920	0.277784	0.263375	0.261357	0.267521	0.269766	0.259857	0.265059	0.257882	0.275087	
0.271625	0.296774	0.257978	0.296051	0.265641	0.285057	0.286515	0.265027	0.267758	0.263596	0.266187	0.267057	0.256960	0.299316	0.297156	0.296451	0.280374	0.261072	0.295943	0.265024	0.297143	0.271976	0.266654	0.259263	0.274282	0.261838	0.000000	0.277947	0.279075	0.269393	0.277679	0.266831	0.269304	0.255330	0.262868	0.262156	0.258419	0.255998	0.263361	0.281237	0.286727	0.301467	0.298426	0.300234	0.300613	0.304149	0.297394	0.278439	0.277952	0.265205	0.266707	0.272792	0.259529	0.255499	0.286757	0.256599	0.260479	0.296557	0.280401	0.294399	0.279170	0.299812	0.283046	0.262187	0.282496	0.260378	0.277614	0.285453	0.280909	0.254477	0.278756	0.282144	0.265972	0.257106	0.251839	0.259865	0.278709	0.262638	0.257208	0.290182	0.259355	0.261550	0.277548	0.297671	0.258760	0.274933	0.268839	0.268329	0.276580	0.257300	0.261548	0.265605	0.269583	0.260574	0.265059	0.266535	0.269998	
0.290224	0.314223	0.272317	0.315374	0.271058	0.288972	0.287933	0.274633	0.279624	0.274035	0.277842	0.284236	0.282012	0.306029	0.302999	0.301665	0.291082	0.272260	0.309143	0.285862	0.310195	0.268504	0.284711	0.277718	0.269720	0.273302	0.277947	0.000000	0.266111	0.272661	0.268885	0.263722	0.277559	0.279675	0.288509	0.267024	0.268572	0.270939	0.275849	0.282156	0.295722	0.306330	0.302923	0.304862	0.305748	0.310494	0.314178	0.283000	0.270122	0.281747	0.274699	0.269405	0.275622	0.282349	0.289483	0.275176	0.280029	0.301792	0.284474	0.309423	0.294986	0.307175	0.287000	0.272291	0.290364	0.280553	0.294836	0.285497	0.294483	0.283068	0.291142	0.288823	0.280870	0.273764	0.272186	0.270590	0.292308	0.274705	0.272840	0.289558	0.275396	0.282116	0.287946	0.279754	0.277169	0.287093	0.289641	0.278289	0.285348	0.262424	0.286872	0.270187	0.279542	0.281794	0.272354	0.270934	0.281147	
0.283374	0.317050	0.274259	0.309100	0.268907	0.286129	0.278374	0.272936	0.283152	0.272636	0.281936	0.276048	0.279908	0.308194	0.301042	0.305985	0.279792	0.270970	0.308196	0.282041	0.311408	0.241253	0.277684	0.275692	0.239660	0.270203	0.279075	0.266111	0.000000	0.247320	0.246119	0.246274	0.283415	0.272500	0.284122	0.272205	0.269482	0.263447	0.281081	0.277976	0.293872	0.306578	0.303280	0.312520	0.309087	0.318287	0.315900	0.277887	0.246899	0.275482	0.271611	0.250834	0.272017	0.272954	0.282640	0.269419	0.274119	0.309219	0.284933	0.308451	0.285256	0.311207	0.283682	0.277772	0.283136	0.273741	0.268586	0.285609	0.278379	0.281223	0.286076	0.284412	0.274069	0.272577	0.271180	0.277279	0.287443	0.281976	0.279753	0.285604	0.277545	0.276344	0.282798	0.273493	0.272585	0.273863	0.251029	0.275422	0.281130	0.260177	0.284923	0.275276	0.282000	0.278307	0.267401	0.275111	0.297101	
0.277461	0.310894	0.269834	0.296871	0.262747	0.278965	0.274616	0.265453	0.276258	0.279213	0.271485	0.273817	0.270568	0.301683	0.287449	0.301322	0.270790	0.271201	0.305398	0.273936	0.307418	0.248051	0.276548	0.271083	0.241827	0.275936	0.269393	0.272661	0.247320	0.000000	0.246206	0.247422	0.275230	0.271604	0.279094	0.272879	0.261925	0.264247	0.272757	0.274958	0.283840	0.301984	0.304319	0.299194	0.301754	0.312892	0.308039	0.273701	0.247453	0.274381	0.270500	0.248179	0.271243	0.266487	0.281683	0.269794	0.269991	0.302338	0.277684	0.302158	0.277594	0.301644	0.281912	0.271416	0.276765	0.267740	0.273914	0.275455	0.279547	0.270969	0.277433	0.273381	0.275254	0.269595	0.261748	0.276369	0.287757	0.280814	0.282565	0.283564	0.276420	0.269450	0.291080	0.278604	0.272311	0.272696	0.262195	0.259146	0.277120	0.265717	0.273259	0.267369	0.271986	0.274258	0.273472	0.267330	0.274204	
0.280075	0.306383	0.272550	0.309010	0.277753	0.286047	0.285043	0.276075	0.280412	0.279860	0.272250	0.282013	0.278103	0.313531	0.303977	0.315456	0.280372	0.279180	0.306562	0.274921	0.316675	0.240971	0.283532	0.275804	0.247475	0.277382	0.277679	0.268885	0.246119	0.246206	0.000000	0.250598	0.284560	0.271971	0.285907	0.274235	0.276196	0.270462	0.276985	0.278306	0.295831	0.311176	0.311916	0.313264	0.310384	0.315522	0.317414	0.285899	0.252109	0.284570	0.284908	0.253033	0.279708	0.273922	0.282389	0.275074	0.274965	0.315582	0.278032	0.310637	0.283705	0.308600	0.284461	0.281113	0.290127	0.271654	0.276551	0.285020	0.278031	0.275621	0.291242	0.283445	0.281316	0.273035	0.267099	0.281350	0.299872	0.279108	0.283330	0.279338	0.278909	0.275590	0.287948	0.291747	0.279695	0.269458	0.296680	0.259128	0.278875	0.273923	0.278949	0.273370	0.275370	0.279351	0.279573	0.278143	0.285150	
0.282747	0.308120	0.267928	0.306729	0.267136	0.275621	0.278839	0.273371	0.276067	0.268242	0.271152	0.282747	0.261581	0.303694	0.296803	0.306020	0.282263	0.273492	0.307852	0.276653	0.305885	0.240768	0.280176	0.272955	0.247158	0.274723	0.266831	0.263722	0.246274	0.247422	0.250598	0.000000	0.275932	0.269549	0.268238	0.269531	0.268120	0.267542	0.276429	0.273670	0.280215	0.307258	0.301992	0.313596	0.307535	0.310941	0.313729	0.274447	0.252757	0.276430	0.272406	0.249620	0.275698	0.266343	0.282818	0.267339	0.271629	0.308602	0.284226	0.308891	0.280441	0.306911	0.283220	0.276873	0.279650	0.271736	0.266429	0.281571	0.281036	0.276713	0.279906	0.280280	0.274821	0.274981	0.262815	0.276366	0.305350	0.275584	0.276960	0.280879	0.275534	0.277613	0.280862	0.282540	0.280921	0.274239	0.273279	0.253627	0.283670	0.264296	0.282005	0.269259	0.275188	0.273864	0.267563	0.275005	0.287287	
0.278568	0.300045	0.259135	0.295197	0.258129	0.285993	0.286729	0.261526	0.263031	0.257184	0.261095	0.268430	0.267652	0.301515	0.298438	0.291053	0.276629	0.266587	0.296296	0.270645	0.299559	0.274412	0.274711	0.268066	0.281959	0.259263	0.269304	0.277559	0.283415	0.275230	0.284560	0.275932	0.000000	0.260986	0.271409	0.259455	0.260725	0.258461	0.261227	0.282991	0.288569	0.296636	0.302064	0.303661	0.298585	0.306916	0.304070	0.273943	0.280016	0.259921	0.264823	0.276016	0.260179	0.261201	0.287448	0.265363	0.258254	0.301660	0.282504	0.301070	0.279949	0.303177	0.281340	0.262003	0.291190	0.260904	0.278007	0.287541	0.283740	0.259638	0.284838	0.282988	0.268308	0.259435	0.252685	0.274968	0.287677	0.263316	0.255724	0.295831	0.265175	0.265752	0.276270	0.290162	0.267131	0.275005	0.247012	0.272282	0.285639	0.262562	0.259786	0.266011	0.263863	0.264565	0.266624	0.262060	0.273418	
0.276658	0.305717	0.261268	0.303938	0.260260	0.278292	0.275452	0.255506	0.259375	0.264357	0.263021	0.262442	0.259310	0.299976	0.290565	0.295820	0.275172	0.256513	0.297062	0.263563	0.301832	0.267809	0.270471	0.259442	0.263615	0.261165	0.255330	0.279675	0.272500	0.271604	0.271971	0.269549	0.260986	0.000000	0.261778	0.262653	0.250703	0.252982	0.259232	0.274577	0.278465	0.300131	0.296316	0.305260	0.297977	0.306566	0.303441	0.275346	0.276585	0.261869	0.259547	0.273607	0.261433	0.248037	0.273743	0.252934	0.265317	0.301023	0.278454	0.300842	0.274882	0.299165	0.280228	0.264406	0.279515	0.249453	0.266873	0.276736	0.279546	0.254024	0.274569	0.269745	0.268968	0.257137	0.253868	0.263469	0.281505	0.256910	0.260464	0.280213	0.260554	0.264029	0.267375	0.278505	0.257234	0.266667	0.306000	0.253570	0.271923	0.248993	0.260469	0.259931	0.262804	0.255353	0.263152	0.257790	0.266061	
0.274464	0.297700	0.262057	0.306732	0.266340	0.283742	0.282142	0.259539	0.269685	0.263865	0.264706	0.271189	0.265668	0.304734	0.289339	0.297868	0.279018	0.262988	0.301623	0.274873	0.298891	0.278125	0.269757	0.264608	0.271678	0.261682	0.262868	0.288509	0.284122	0.279094	0.285907	0.268238	0.271409	0.261778	0.000000	0.268327	0.264363	0.267631	0.265657	0.283765	0.286837	0.301540	0.297666	0.305603	0.302692	0.311165	0.301713	0.272074	0.282287	0.270563	0.265529	0.275748	0.264031	0.262170	0.281181	0.261631	0.269464	0.297650	0.277231	0.300344	0.280303	0.302592	0.281906	0.266724	0.283338	0.262175	0.278719	0.284876	0.283137	0.267853	0.282075	0.276539	0.266861	0.256832	0.262836	0.275252	0.292185	0.270320	0.264390	0.276074	0.273590	0.269709	0.270399	0.278719	0.270621	0.273734	0.289421	0.265810	0.284744	0.273553	0.274445	0.269497	0.266154	0.270854	0.266442	0.257719	0.282182	
0.274675	0.290391	0.257891	0.288630	0.256959	0.272878	0.283886	0.257426	0.260619	0.261467	0.258866	0.264702	0.262358	0.287617	0.293148	0.288826	0.279843	0.262377	0.295840	0.264455	0.299808	0.269855	0.267841	0.257649	0.268028	0.259833	0.262156	0.267024	0.272205	0.272879	0.274235	0.269531	0.259455	0.262653	0.268327	0.000000	0.250105	0.254966	0.265668	0.273577	0.280581	0.297445	0.295500	0.295983	0.294890	0.299608	0.304168	0.271982	0.274084	0.259758	0.268037	0.270981	0.255849	0.252969	0.276470	0.252596	0.259310	0.299416	0.271561	0.294041	0.277943	0.297443	0.279936	0.253838	0.274906	0.252520	0.272936	0.277996	0.273222	0.258748	0.280016	0.275803	0.265400	0.260076	0.257681	0.260598	0.280790	0.258621	0.260377	0.276159	0.265003	0.264052	0.273697	0.265957	0.259960	0.277845	0.254000	0.261470	0.278458	0.260538	0.270101	0.255707	0.262851	0.262022	0.257075	0.259042	0.267417	
0.273634	0.299860	0.256495	0.298031	0.256180	0.283608	0.284762	0.254671	0.257881	0.253896	0.261383	0.259363	0.268231	0.299173	0.290799	0.295560	0.280261	0.257215	0.295554	0.262087	0.288545	0.268744	0.262592	0.263695	0.268766	0.261656	0.258419	0.268572	0.269482	0.261925	0.276196	0.268120	0.260725	0.250703	0.264363	0.250105	0.000000	0.255834	0.261042	0.271144	0.281553	0.299947	0.294377	0.292542	0.301316	0.303924	0.298393	0.275104	0.274524	0.257893	0.259205	0.271408	0.250339	0.246644	0.282970	0.251474	0.260396	0.293728	0.277608	0.299086	0.271693	0.296136	0.285954	0.256781	0.284028	0.252889	0.281560	0.282433	0.277754	0.256033	0.274406	0.279215	0.261953	0.246444	0.250345	0.262699	0.272511	0.254729	0.256014	0.280282	0.260299	0.255427	0.264625	0.286713	0.262014	0.274177	0.274029	0.243038	0.276271	0.249327	0.274823	0.264095	0.257889	0.252567	0.258772	0.258858	0.264963	
0.268120	0.294197	0.259374	0.292808	0.262528	0.276518	0.273433	0.262657	0.256261	0.258589	0.261659	0.262792	0.262939	0.294585	0.283821	0.292160	0.276703	0.256995	0.299865	0.266306	0.289934	0.264681	0.268886	0.256327	0.266459	0.255508	0.255998	0.270939	0.263447	0.264247	0.270462	0.267542	0.258461	0.252982	0.267631	0.254966	0.255834	0.000000	0.257885	0.271987	0.285150	0.299487	0.293373	0.300082	0.291611	0.298046	0.296810	0.266887	0.272359	0.255457	0.257928	0.270867	0.260694	0.255906	0.278155	0.250568	0.260484	0.293081	0.278998	0.300703	0.279254	0.300356	0.276886	0.262069	0.275443	0.257931	0.271311	0.281469	0.277874	0.254608	0.273546	0.278092	0.269373	0.255495	0.255580	0.262986	0.278952	0.260555	0.253104	0.275558	0.261999	0.253486	0.260537	0.270270	0.259593	0.265985	0.286573	0.256372	0.269609	0.257554	0.255172	0.260668	0.260511	0.258537	0.248035	0.255331	0.267711	
0.278711	0.301087	0.256828	0.304580	0.266263	0.278057	0.281582	0.258540	0.255998	0.262875	0.263041	0.261231	0.263025	0.298299	0.296235	0.299626	0.276584	0.262140	0.305607	0.263799	0.300332	0.267306	0.264634	0.263450	0.269638	0.262928	0.263361	0.275849	0.281081	0.272757	0.276985	0.276429	0.261227	0.259232	0.265657	0.265668	0.261042	0.257885	0.000000	0.279152	0.282304	0.304432	0.300426	0.304246	0.305190	0.308998	0.306830	0.281170	0.280722	0.262484	0.261421	0.276605	0.260625	0.258484	0.279210	0.257046	0.265459	0.300203	0.278930	0.297557	0.277014	0.300866	0.287766	0.259226	0.286935	0.257539	0.281879	0.277701	0.278146	0.260898	0.286158	0.276976	0.268127	0.258534	0.260314	0.272387	0.282933	0.266774	0.267835	0.286932	0.261460	0.262253	0.261613	0.286272	0.266815	0.266892	0.276860	0.269744	0.284742	0.257620	0.279019	0.264205	0.267065	0.256885	0.271701	0.253832	0.271840	
0.246003	0.301259	0.274934	0.292796	0.275095	0.248241	0.243613	0.276440	0.282033	0.276624	0.275204	0.277620	0.282669	0.306440	0.288193	0.301123	0.246992	0.283546	0.307518	0.272574	0.303537	0.272694	0.282383	0.278094	0.273086	0.276874	0.281237	0.282156	0.277976	0.274958	0.278306	0.273670	0.282991	0.274577	0.283765	0.273577	0.271144	0.271987	0.279152	0.000000	0.253357	0.302226	0.298492	0.308268	0.305105	0.309586	0.307708	0.242156	0.279490	0.282781	0.276905	0.276059	0.277544	0.274384	0.241929	0.270793	0.276652	0.310878	0.238220	0.304848	0.261311	0.302889	0.244719	0.280069	0.244506	0.271507	0.243480	0.243753	0.243238	0.273460	0.253320	0.248295	0.283868	0.270210	0.275143	0.276580	0.285834	0.274934	0.278426	0.254616	0.286993	0.277089	0.294458	0.245592	0.281322	0.255770	0.246493	0.266899	0.246800	0.261568	0.285073	0.276464	0.279136	0.272352	0.280451	0.272662	0.290323	
0.248910	0.305947	0.279725	0.310328	0.278825	0.252062	0.251862	0.287898	0.289134	0.291606	0.284599	0.288722	0.282447	0.303129	0.298428	0.307917	0.244701	0.283270	0.303701	0.274768	0.306032	0.284030	0.288176	0.281009	0.282574	0.282102	0.286727	0.295722	0.293872	0.283840	0.295831	0.280215	0.288569	0.278465	0.286837	0.280581	0.281553	0.285150	0.282304	0.253357	0.000000	0.306641	0.300614	0.310300	0.311183	0.313329	0.310740	0.249607	0.285614	0.286584	0.290111	0.293053	0.287939	0.280562	0.247729	0.281604	0.286122	0.310910	0.254128	0.304020	0.271180	0.305481	0.254079	0.287024	0.246062	0.277235	0.257783	0.250376	0.248794	0.277344	0.251489	0.242550	0.276992	0.275482	0.281258	0.291846	0.295127	0.283369	0.289264	0.256308	0.292144	0.284842	0.296875	0.262142	0.289100	0.259316	0.304609	0.279803	0.245496	0.283768	0.288014	0.291822	0.293178	0.284769	0.286685	0.274969	0.289328	
0.307661	0.250620	0.297179	0.245898	0.290970	0.304007	0.302015	0.301063	0.299826	0.306755	0.296401	0.305421	0.292376	0.242805	0.238351	0.232568	0.309926	0.292114	0.242104	0.299800	0.241010	0.301901	0.302300	0.299771	0.298977	0.294929	0.301467	0.306330	0.306578	0.301984	0.311176	0.307258	0.296636	0.300131	0.301540	0.297445	0.299947	0.299487	0.304432	0.302226	0.306641	0.000000	0.235997	0.236572	0.238003	0.238733	0.237655	0.301638	0.308870	0.302436	0.301889	0.302118	0.302650	0.294296	0.308783	0.294857	0.295391	0.243295	0.306514	0.237694	0.304945	0.242851	0.311129	0.296988	0.309460	0.294332	0.300338	0.300234	0.302795	0.301043	0.304944	0.308799	0.306480	0.287677	0.291933	0.294863	0.269402	0.301654	0.303992	0.306119	0.307251	0.304837	0.300833	0.303165	0.304542	0.304958	0.295918	0.294176	0.303419	0.299663	0.292749	0.300640	0.293902	0.296210	0.303454	0.299027	0.299292	
0.298862	0.243917	0.295330	0.251945	0.294951	0.305853	0.302496	0.303773	0.303652	0.310842	0.297818	0.303903	0.288684	0.238222	0.252514	0.247000	0.304914	0.292422	0.240156	0.302700	0.237346	0.302275	0.292571	0.301805	0.299607	0.297951	0.298426	0.302923	0.303280	0.304319	0.311916	0.301992	0.302064	0.296316	0.297666	0.295500	0.294377	0.293373	0.300426	0.298492	0.300614	0.235997	0.000000	0.239720	0.238582	0.240458	0.245884	0.298026	0.309208	0.301098	0.298882	0.296041	0.297583	0.296011	0.300275	0.296518	0.298862	0.242736	0.299253	0.243716	0.304936	0.241627	0.305502	0.293634	0.307937	0.299378	0.305586	0.302063	0.303021	0.302401	0.301967	0.302158	0.292918	0.286818	0.288636	0.289650	0.265570	0.303185	0.302320	0.300547	0.301531	0.304633	0.296192	0.302597	0.300339	0.297768	0.315574	0.282980	0.294899	0.294191	0.300031	0.292067	0.299723	0.297039	0.301526	0.284356	0.297844	
0.307441	0.241758	0.303198	0.251093	0.301685	0.308004	0.311061	0.312224	0.309819	0.310328	0.302295	0.299975	0.302803	0.240765	0.246094	0.243077	0.309064	0.291767	0.234095	0.305948	0.232986	0.309078	0.304633	0.307071	0.311726	0.299927	0.300234	0.304862	0.312520	0.299194	0.313264	0.313596	0.303661	0.305260	0.305603	0.295983	0.292542	0.300082	0.304246	0.308268	0.310300	0.236572	0.239720	0.000000	0.233232	0.238206	0.242079	0.307570	0.315620	0.303824	0.301493	0.311406	0.301305	0.298907	0.311827	0.297053	0.298117	0.242333	0.298671	0.245892	0.309837	0.239784	0.312588	0.303793	0.311201	0.302577	0.313178	0.313668	0.308182	0.299700	0.307027	0.309930	0.307626	0.294563	0.295582	0.285699	0.272976	0.303841	0.308134	0.309762	0.311560	0.303492	0.303399	0.322682	0.303573	0.314962	0.281437	0.299010	0.306942	0.297291	0.305171	0.302379	0.305398	0.306225	0.303267	0.294968	0.303781	
0.306904	0.248706	0.292784	0.252013	0.302047	0.308470	0.310708	0.301805	0.300183	0.308098	0.304532	0.309917	0.303149	0.240705	0.241969	0.239708	0.308154	0.298737	0.245404	0.300309	0.240714	0.305064	0.311445	0.301661	0.306925	0.295123	0.300613	0.305748	0.309087	0.301754	0.310384	0.307535	0.298585	0.297977	0.302692	0.294890	0.301316	0.291611	0.305190	0.305105	0.311183	0.238003	0.238582	0.233232	0.000000	0.248786	0.245849	0.306763	0.310146	0.299869	0.301167	0.307832	0.302478	0.295514	0.306248	0.290260	0.293503	0.239243	0.300488	0.250810	0.305273	0.240487	0.310495	0.296623	0.308110	0.295461	0.297564	0.308098	0.311713	0.295247	0.306789	0.305203	0.299935	0.289209	0.296898	0.294303	0.273073	0.303101	0.298871	0.301901	0.299321	0.298893	0.296933	0.307982	0.303685	0.308102	0.314928	0.283009	0.304242	0.291407	0.303813	0.302107	0.298895	0.297915	0.300022	0.302575	0.297627	
