0.000000	0.297678	0.269858	0.293171	0.268057	0.237724	0.245095	0.275068	0.280380	0.271535	0.271651	0.278435	0.264502	0.300341	0.294766	0.298820	0.251283	0.272185	0.302720	0.267459	0.305544	0.275227	0.279875	0.277431	0.269082	0.272453	0.275636	0.285059	0.282316	0.275471	0.275392	0.280004	0.275148	0.272159	0.277862	0.273710	0.274187	0.272476	0.268852	0.245319	0.251161	0.306912	0.296174	0.300833	0.306000	0.306396	0.304030	0.233630	0.282624	0.277179	0.274658	0.276364	0.270390	0.271657	0.247251	0.274073	0.268368	0.301444	0.243545	0.300458	0.258597	0.303743	0.244134	0.276433	0.246830	0.273771	0.257790	0.243673	0.243962	0.271926	0.249745	0.241019	0.275586	0.267215	0.272916	0.277057	0.283379	0.270812	0.278235	0.251526	0.280571	0.281834	0.280843	0.247965	0.280158	0.250555	0.252988	0.265337	0.240174	0.274251	0.291890	0.275837	0.274886	0.277001	0.276619	0.268555	0.284492	
0.297678	0.000000	0.290398	0.251618	0.295510	0.300275	0.305238	0.294457	0.297124	0.303213	0.292498	0.298526	0.296991	0.250265	0.241340	0.244613	0.307901	0.301571	0.245127	0.299373	0.243292	0.303303	0.304640	0.298458	0.306180	0.293835	0.297379	0.307792	0.315436	0.306963	0.306066	0.303950	0.298327	0.300322	0.301244	0.294098	0.297141	0.301225	0.291985	0.299710	0.300656	0.250168	0.246948	0.241226	0.249218	0.245851	0.248829	0.301534	0.311364	0.298415	0.298314	0.304735	0.296769	0.292188	0.306545	0.290608	0.298005	0.246435	0.306641	0.247546	0.311207	0.240480	0.306972	0.301807	0.303763	0.292618	0.310043	0.305785	0.303983	0.297239	0.307805	0.302388	0.297685	0.291022	0.290185	0.297013	0.270629	0.301577	0.299822	0.306322	0.304463	0.297286	0.294078	0.318937	0.301736	0.301969	0.298729	0.287919	0.304948	0.288718	0.285215	0.288702	0.299318	0.302019	0.299655	0.289550	0.288390	
0.269858	0.290398	0.000000	0.295817	0.260016	0.271900	0.274819	0.261194	0.259098	0.259717	0.250237	0.257187	0.256672	0.296010	0.295313	0.296834	0.276468	0.251131	0.293440	0.261625	0.296544	0.272300	0.253233	0.251998	0.272829	0.253730	0.261318	0.274268	0.279772	0.267199	0.275642	0.264812	0.262563	0.260806	0.266596	0.256567	0.259215	0.259173	0.258211	0.275153	0.280126	0.299989	0.295429	0.301534	0.294983	0.304499	0.297474	0.270526	0.281727	0.256316	0.254557	0.273359	0.261262	0.253245	0.282389	0.259541	0.255298	0.290442	0.274952	0.301100	0.277807	0.293792	0.280080	0.255511	0.280167	0.258254	0.283434	0.278699	0.276654	0.259890	0.280931	0.280803	0.265437	0.245247	0.261887	0.266245	0.282590	0.262595	0.259944	0.281405	0.258560	0.257850	0.257611	0.270711	0.261665	0.274720	0.278351	0.265696	0.276355	0.257353	0.262381	0.256586	0.258085	0.255111	0.257572	0.254306	0.265557	
0.293171	0.251618	0.295817	0.000000	0.283434	0.303053	0.293705	0.299711	0.304908	0.303790	0.305294	0.299192	0.304571	0.259972	0.252962	0.247832	0.300632	0.300507	0.251343	0.303167	0.251875	0.313185	0.297087	0.307065	0.305584	0.299038	0.290244	0.307734	0.304532	0.297486	0.303801	0.310580	0.302834	0.305435	0.308348	0.289125	0.298637	0.283524	0.293717	0.293676	0.314900	0.237284	0.253303	0.243908	0.254783	0.247415	0.242373	0.298724	0.316057	0.305976	0.294428	0.308937	0.298246	0.303139	0.303550	0.302290	0.290927	0.254106	0.298758	0.249396	0.308645	0.245014	0.304400	0.299698	0.314344	0.300600	0.303710	0.310237	0.305225	0.307749	0.294816	0.309804	0.299719	0.288350	0.291643	0.293293	0.277877	0.301041	0.292571	0.313492	0.306262	0.301188	0.316336	0.282178	0.305220	0.301484	0.280000	0.282799	0.298741	0.307385	0.293550	0.304084	0.299976	0.300193	0.302314	0.299805	0.289200	
0.268057	0.295510	0.260016	0.283434	0.000000	0.277141	0.273955	0.260452	0.266622	0.257785	0.260248	0.261920	0.267549	0.291340	0.296549	0.297562	0.286418	0.266475	0.296649	0.269466	0.294144	0.270986	0.271925	0.265694	0.272379	0.263739	0.262132	0.274583	0.276510	0.270893	0.276038	0.273479	0.260185	0.266086	0.268499	0.265981	0.259387	0.266258	0.268650	0.276095	0.281748	0.307580	0.295699	0.305543	0.305487	0.308590	0.303444	0.271447	0.288672	0.260223	0.258157	0.277071	0.263668	0.258533	0.286252	0.263683	0.261569	0.298310	0.284376	0.304125	0.278963	0.296902	0.279805	0.261022	0.275106	0.261760	0.278846	0.284604	0.276548	0.269922	0.282497	0.278632	0.265911	0.257712	0.252114	0.263501	0.292563	0.263832	0.265180	0.279318	0.264650	0.267767	0.270159	0.274653	0.269550	0.278951	0.262473	0.256046	0.277288	0.257779	0.272610	0.267101	0.260473	0.269474	0.259629	0.257470	0.270575	
0.237724	0.300275	0.271900	0.303053	0.277141	0.000000	0.244258	0.280435	0.272869	0.278006	0.273418	0.279935	0.280512	0.300569	0.302509	0.307271	0.246252	0.279137	0.300768	0.267431	0.305032	0.274975	0.282761	0.278675	0.276851	0.275957	0.284452	0.290709	0.285623	0.275718	0.275604	0.275855	0.282387	0.274365	0.285154	0.271654	0.275862	0.274314	0.275567	0.245041	0.255664	0.309774	0.305462	0.304200	0.310074	0.310281	0.311597	0.242209	0.283011	0.282965	0.277954	0.281930	0.286095	0.273861	0.245947	0.274649	0.274816	0.302074	0.253796	0.306287	0.259444	0.301666	0.240973	0.275768	0.248915	0.275182	0.251156	0.247684	0.242477	0.278374	0.250026	0.251823	0.274635	0.269034	0.275854	0.282573	0.288560	0.280012	0.279049	0.255908	0.281843	0.281484	0.285448	0.243346	0.280624	0.256289	0.261477	0.269000	0.246464	0.271870	0.278893	0.277036	0.279715	0.285288	0.281229	0.271765	0.285652	
0.245095	0.305238	0.274819	0.293705	0.273955	0.244258	0.000000	0.283143	0.278093	0.285842	0.278621	0.278723	0.280834	0.299339	0.302021	0.306510	0.254249	0.284380	0.303678	0.270307	0.304209	0.274869	0.279932	0.287984	0.279389	0.281335	0.284841	0.294262	0.288923	0.272347	0.278551	0.279215	0.290901	0.269564	0.286736	0.278219	0.282176	0.279691	0.279506	0.246921	0.256454	0.306735	0.298424	0.303746	0.308464	0.307373	0.305955	0.242454	0.289172	0.279340	0.283059	0.277283	0.276620	0.277584	0.251800	0.284147	0.276384	0.307340	0.248909	0.307701	0.260751	0.304053	0.248462	0.278172	0.245412	0.278441	0.240613	0.242807	0.241566	0.286784	0.247890	0.249759	0.272459	0.265226	0.276043	0.283531	0.285997	0.278317	0.284021	0.256569	0.289979	0.287207	0.292271	0.252597	0.283623	0.253685	0.263692	0.274720	0.248776	0.278497	0.291654	0.283130	0.290076	0.288813	0.280958	0.274422	0.284576	
0.275068	0.294457	0.261194	0.299711	0.260452	0.280435	0.283143	0.000000	0.258924	0.258045	0.256150	0.264172	0.263345	0.302057	0.291893	0.299990	0.282671	0.258868	0.303111	0.266949	0.302340	0.275469	0.263957	0.267486	0.272237	0.269554	0.259871	0.280581	0.279742	0.273924	0.282012	0.277733	0.265300	0.263127	0.266506	0.261095	0.258135	0.266452	0.261108	0.281225	0.287193	0.304497	0.304503	0.309424	0.303641	0.307531	0.302458	0.275815	0.282993	0.265073	0.257684	0.274428	0.259414	0.263471	0.284178	0.258652	0.266632	0.302703	0.286001	0.301832	0.283816	0.304894	0.283604	0.260040	0.285572	0.260960	0.283450	0.284401	0.281094	0.265992	0.286360	0.279378	0.264509	0.258037	0.259563	0.268549	0.290275	0.260643	0.263180	0.290213	0.269905	0.264135	0.261579	0.285358	0.262241	0.278143	0.283465	0.263619	0.278518	0.258110	0.278402	0.269939	0.260440	0.265023	0.260706	0.260954	0.263824	
0.280380	0.297124	0.259098	0.304908	0.266622	0.272869	0.278093	0.258924	0.000000	0.261661	0.254427	0.264287	0.270868	0.307590	0.301488	0.304718	0.276867	0.263375	0.298856	0.267396	0.300913	0.275706	0.259811	0.262695	0.274776	0.269199	0.266646	0.281580	0.284018	0.277167	0.279532	0.279352	0.262758	0.259259	0.268016	0.261814	0.262015	0.264410	0.263074	0.278366	0.284595	0.305004	0.300457	0.309201	0.303740	0.302375	0.304383	0.276717	0.290953	0.257741	0.265905	0.278342	0.262096	0.258248	0.279952	0.261458	0.269308	0.296783	0.282267	0.301406	0.281579	0.301488	0.287903	0.266403	0.284282	0.260220	0.270242	0.282859	0.285541	0.263635	0.288704	0.278894	0.262898	0.257924	0.258505	0.261812	0.285412	0.269246	0.267127	0.280824	0.257016	0.265411	0.268749	0.279449	0.267606	0.275378	0.250988	0.237721	0.278685	0.267301	0.266548	0.264371	0.266021	0.265029	0.261470	0.257657	0.269288	
0.271535	0.303213	0.259717	0.303790	0.257785	0.278006	0.285842	0.258045	0.261661	0.000000	0.256976	0.265105	0.262639	0.306246	0.306766	0.305742	0.289805	0.263094	0.300099	0.265382	0.308359	0.269525	0.269337	0.264924	0.281017	0.265309	0.265015	0.277655	0.272704	0.278071	0.278352	0.265717	0.262340	0.261137	0.263593	0.266877	0.257927	0.253219	0.267288	0.278007	0.289894	0.308409	0.310332	0.310177	0.308040	0.311952	0.303115	0.272131	0.284918	0.268493	0.258527	0.273211	0.262668	0.256688	0.287322	0.256647	0.262403	0.304014	0.280819	0.315680	0.277345	0.310711	0.289681	0.256338	0.281640	0.264319	0.280288	0.285436	0.282622	0.265486	0.286936	0.283840	0.258472	0.260687	0.256101	0.277317	0.293537	0.263292	0.259879	0.281705	0.264842	0.257582	0.269781	0.268615	0.264222	0.267916	0.257996	0.262721	0.277553	0.263950	0.279650	0.264323	0.269824	0.266214	0.264464	0.251855	0.260541	
0.271651	0.292498	0.250237	0.305294	0.260248	0.273418	0.278621	0.256150	0.254427	0.256976	0.000000	0.253284	0.261501	0.294975	0.299145	0.299859	0.281098	0.261182	0.294953	0.263682	0.292425	0.271038	0.260807	0.257333	0.274518	0.256192	0.255854	0.272780	0.281250	0.271186	0.273642	0.268364	0.262401	0.259771	0.261210	0.260870	0.250156	0.256133	0.256621	0.274645	0.278836	0.305253	0.297520	0.303267	0.300010	0.300591	0.300301	0.275191	0.281459	0.259219	0.256405	0.274070	0.252611	0.252804	0.277074	0.259137	0.259814	0.299228	0.279972	0.301595	0.278342	0.298358	0.279876	0.262739	0.278235	0.256484	0.271434	0.276476	0.273457	0.258774	0.274824	0.277947	0.261580	0.250000	0.257971	0.261019	0.287359	0.254120	0.254849	0.280171	0.258618	0.258233	0.267894	0.296621	0.261047	0.270582	0.262425	0.266307	0.278011	0.259919	0.264392	0.257654	0.270706	0.258042	0.257437	0.258293	0.256356	
0.278435	0.298526	0.257187	0.299192	0.261920	0.279935	0.278723	0.264172	0.264287	0.265105	0.253284	0.000000	0.250890	0.302363	0.304949	0.305779	0.290138	0.258398	0.302527	0.270047	0.299913	0.275680	0.257862	0.264231	0.272948	0.259339	0.263001	0.282149	0.280706	0.274962	0.279804	0.280303	0.264091	0.259667	0.266765	0.267396	0.256772	0.262754	0.261036	0.282772	0.288662	0.308716	0.301940	0.303865	0.309073	0.310974	0.303913	0.274319	0.285714	0.271381	0.261747	0.281872	0.257989	0.259712	0.279424	0.261423	0.258581	0.303090	0.282213	0.310345	0.281170	0.302638	0.281600	0.271591	0.282638	0.258870	0.290276	0.283691	0.278650	0.258912	0.287464	0.288155	0.274032	0.254975	0.260560	0.260904	0.286742	0.258614	0.266203	0.278488	0.263592	0.260813	0.265744	0.285920	0.269401	0.278739	0.265625	0.251712	0.282807	0.263983	0.270451	0.260353	0.268344	0.266306	0.263344	0.255387	0.267506	
0.264502	0.296991	0.256672	0.304571	0.267549	0.280512	0.280834	0.263345	0.270868	0.262639	0.261501	0.250890	0.000000	0.300032	0.306343	0.301850	0.283122	0.257630	0.309035	0.263343	0.287096	0.280445	0.268936	0.259939	0.276027	0.264209	0.250416	0.287120	0.295539	0.273009	0.271893	0.268954	0.272033	0.262756	0.268118	0.267528	0.267943	0.260463	0.267022	0.274078	0.282734	0.305941	0.281970	0.300000	0.304540	0.304828	0.310897	0.266366	0.289879	0.269872	0.249726	0.270805	0.270668	0.259623	0.278738	0.267029	0.264884	0.295969	0.279668	0.298870	0.280369	0.299688	0.287050	0.263485	0.275639	0.261404	0.287894	0.280572	0.283196	0.263889	0.283269	0.284009	0.274607	0.252206	0.265280	0.270209	0.274254	0.270099	0.270294	0.282985	0.272606	0.266541	0.275263	0.294040	0.267857	0.279173	0.261484	0.276477	0.284159	0.272580	0.263948	0.263120	0.268935	0.258862	0.261034	0.260280	0.287650	
0.300341	0.250265	0.296010	0.259972	0.291340	0.300569	0.299339	0.302057	0.307590	0.306246	0.294975	0.302363	0.300032	0.000000	0.248861	0.243302	0.310524	0.296216	0.238804	0.304746	0.235536	0.304247	0.295547	0.299146	0.303143	0.298048	0.300316	0.307618	0.309286	0.304092	0.308528	0.306793	0.296660	0.299580	0.309648	0.300529	0.302320	0.299720	0.299860	0.302763	0.309097	0.245723	0.244204	0.246989	0.242095	0.239532	0.244394	0.298124	0.312801	0.303514	0.308061	0.303825	0.303278	0.300072	0.304877	0.290314	0.298073	0.240404	0.309740	0.229868	0.313891	0.240484	0.312116	0.299834	0.303455	0.296163	0.305476	0.310104	0.306221	0.306032	0.303277	0.303012	0.300893	0.292051	0.294809	0.298494	0.278033	0.306883	0.297564	0.307719	0.308605	0.299013	0.292140	0.321879	0.300024	0.306272	0.309577	0.281879	0.307382	0.291813	0.298583	0.301012	0.300965	0.303001	0.304922	0.305596	0.288727	
0.294766	0.241340	0.295313	0.252962	0.296549	0.302509	0.302021	0.291893	0.301488	0.306766	0.299145	0.304949	0.306343	0.248861	0.000000	0.242889	0.304454	0.296833	0.244351	0.295208	0.254195	0.313061	0.292084	0.295702	0.297817	0.294375	0.297065	0.303477	0.303968	0.300604	0.299070	0.296685	0.291152	0.294907	0.298465	0.289219	0.297326	0.288439	0.297718	0.294895	0.305265	0.243762	0.252908	0.243387	0.243994	0.244787	0.251880	0.299865	0.312718	0.289267	0.303116	0.298604	0.295044	0.289592	0.299029	0.288066	0.293537	0.244096	0.297720	0.249903	0.314794	0.243660	0.302732	0.291724	0.303861	0.298996	0.297435	0.300285	0.303216	0.300317	0.302232	0.302100	0.290146	0.285656	0.290313	0.295241	0.278723	0.295112	0.301620	0.309699	0.297976	0.295531	0.293692	0.290765	0.299897	0.308521	0.286682	0.277286	0.300378	0.289917	0.283916	0.292834	0.298519	0.300117	0.298144	0.287767	0.288520	
0.298820	0.244613	0.296834	0.247832	0.297562	0.307271	0.306510	0.299990	0.304718	0.305742	0.299859	0.305779	0.301850	0.243302	0.242889	0.000000	0.304685	0.299669	0.240726	0.304550	0.243290	0.310778	0.302397	0.299009	0.310191	0.297615	0.298641	0.301171	0.306565	0.307282	0.312100	0.303009	0.291945	0.296489	0.300475	0.297633	0.299277	0.294781	0.296749	0.300824	0.311347	0.242210	0.249868	0.237832	0.240016	0.241504	0.245856	0.300305	0.314912	0.305617	0.305664	0.312813	0.302381	0.298703	0.303088	0.302403	0.300976	0.249019	0.307591	0.240081	0.314490	0.239959	0.308720	0.302094	0.306373	0.306463	0.304772	0.307034	0.306528	0.299485	0.304555	0.309580	0.301856	0.291574	0.293080	0.298246	0.260164	0.298646	0.301252	0.314600	0.306406	0.297724	0.298206	0.313358	0.302368	0.306046	0.302000	0.291195	0.299228	0.304721	0.286564	0.291014	0.301461	0.300925	0.299070	0.299501	0.295044	
0.251283	0.307901	0.276468	0.300632	0.286418	0.246252	0.254249	0.282671	0.276867	0.289805	0.281098	0.290138	0.283122	0.310524	0.304454	0.304685	0.000000	0.283648	0.312958	0.277157	0.304394	0.281570	0.285932	0.281572	0.286627	0.282235	0.285089	0.293792	0.284708	0.279622	0.284067	0.281467	0.282385	0.278538	0.288504	0.285352	0.286485	0.280235	0.280778	0.248045	0.254452	0.313409	0.306277	0.311870	0.312606	0.313673	0.307921	0.244896	0.292296	0.280691	0.275202	0.287298	0.284466	0.280912	0.250580	0.278511	0.276506	0.307807	0.259157	0.303886	0.265630	0.308910	0.248759	0.281681	0.246909	0.289155	0.260098	0.250291	0.253919	0.286008	0.252951	0.248690	0.279271	0.271866	0.277735	0.282345	0.295355	0.280858	0.282028	0.269532	0.289655	0.280782	0.284314	0.241667	0.288760	0.262595	0.310484	0.270092	0.251633	0.283042	0.277795	0.278076	0.286198	0.281481	0.278237	0.266667	0.287120	
0.272185	0.301571	0.251131	0.300507	0.266475	0.279137	0.284380	0.258868	0.263375	0.263094	0.261182	0.258398	0.257630	0.296216	0.296833	0.299669	0.283648	0.000000	0.300235	0.267403	0.292332	0.273058	0.263262	0.263773	0.275742	0.259856	0.266149	0.273872	0.279200	0.269675	0.279852	0.276677	0.266217	0.261812	0.264986	0.262717	0.257634	0.261458	0.254757	0.288200	0.282568	0.298960	0.292559	0.298657	0.300201	0.299299	0.300020	0.272680	0.282005	0.262326	0.256234	0.271558	0.264337	0.252108	0.283320	0.257460	0.258306	0.296278	0.279381	0.301875	0.279148	0.300878	0.286942	0.261354	0.285928	0.257379	0.284947	0.285099	0.280482	0.258672	0.281628	0.288777	0.262944	0.261508	0.259630	0.273402	0.285744	0.261874	0.257287	0.284302	0.271093	0.262780	0.266490	0.287680	0.260363	0.280513	0.257426	0.254652	0.283851	0.262710	0.271386	0.263662	0.262894	0.267927	0.257573	0.259009	0.274033	
0.302720	0.245127	0.293440	0.251343	0.296649	0.300768	0.303678	0.303111	0.298856	0.300099	0.294953	0.302527	0.309035	0.238804	0.244351	0.240726	0.312958	0.300235	0.000000	0.303782	0.238809	0.310507	0.305182	0.302455	0.302557	0.297184	0.299391	0.309156	0.306166	0.302637	0.307660	0.304141	0.293228	0.297303	0.303195	0.299082	0.296229	0.297861	0.295479	0.297768	0.304343	0.247863	0.241613	0.238641	0.245153	0.243478	0.244606	0.298779	0.311254	0.299400	0.297715	0.302539	0.297699	0.293431	0.303735	0.299096	0.299484	0.248669	0.301080	0.240709	0.307630	0.239706	0.308227	0.302237	0.302807	0.292946	0.309564	0.308875	0.301128	0.302126	0.303573	0.301895	0.300577	0.291317	0.293929	0.293762	0.271836	0.300257	0.299146	0.307923	0.311220	0.302139	0.303960	0.327250	0.298489	0.304095	0.307229	0.279780	0.308527	0.297135	0.292954	0.297080	0.297153	0.301759	0.297345	0.299928	0.284276	
0.267459	0.299373	0.261625	0.303167	0.269466	0.267431	0.270307	0.266949	0.267396	0.265382	0.263682	0.270047	0.263343	0.304746	0.295208	0.304550	0.277157	0.267403	0.303782	0.000000	0.303217	0.279056	0.269601	0.269246	0.275105	0.265064	0.272999	0.282676	0.285024	0.274641	0.276082	0.273417	0.275595	0.264466	0.270393	0.269719	0.267593	0.267816	0.269379	0.272072	0.276941	0.309319	0.306314	0.305858	0.305638	0.312822	0.307319	0.267473	0.288236	0.268767	0.271800	0.271662	0.269752	0.265674	0.275315	0.267432	0.265827	0.300782	0.270571	0.307951	0.218622	0.301223	0.275365	0.268413	0.261612	0.268053	0.268377	0.270382	0.272538	0.265696	0.274065	0.277633	0.265381	0.261572	0.260558	0.271568	0.293278	0.264061	0.264161	0.269337	0.271330	0.270566	0.271610	0.271332	0.268985	0.272097	0.255859	0.264706	0.274294	0.269581	0.266141	0.262957	0.271171	0.265673	0.268774	0.255297	0.269062	
0.305544	0.243292	0.296544	0.251875	0.294144	0.305032	0.304209	0.302340	0.300913	0.308359	0.292425	0.299913	0.287096	0.235536	0.254195	0.243290	0.304394	0.292332	0.238809	0.303217	0.000000	0.302564	0.299745	0.295764	0.305567	0.293364	0.292111	0.302345	0.304475	0.305495	0.311757	0.301161	0.296022	0.294990	0.302013	0.297330	0.292926	0.296654	0.289667	0.307847	0.307862	0.243257	0.236820	0.238325	0.241748	0.241213	0.245346	0.299272	0.313343	0.300060	0.298198	0.300924	0.300080	0.288042	0.309957	0.290444	0.294680	0.240750	0.306922	0.240500	0.309550	0.230912	0.305463	0.302842	0.304795	0.297787	0.307516	0.305558	0.299232	0.295834	0.304868	0.307473	0.298699	0.288022	0.300170	0.292791	0.274377	0.295337	0.292103	0.304814	0.303661	0.302562	0.293270	0.325016	0.303658	0.301866	0.306613	0.288778	0.303242	0.293149	0.297942	0.290555	0.292142	0.300936	0.298874	0.295097	0.286721	
0.275227	0.303303	0.272300	0.313185	0.270986	0.274975	0.274869	0.275469	0.275706	0.269525	0.271038	0.275680	0.280445	0.304247	0.313061	0.310778	0.281570	0.273058	0.310507	0.279056	0.302564	0.000000	0.272843	0.278011	0.245329	0.266526	0.274186	0.271510	0.247467	0.253873	0.248546	0.245100	0.272278	0.268649	0.280625	0.282030	0.269967	0.273284	0.271352	0.278561	0.283591	0.305890	0.304884	0.314508	0.309346	0.314432	0.311990	0.272095	0.251181	0.277038	0.277456	0.247275	0.273618	0.271851	0.280514	0.274185	0.268628	0.308349	0.280918	0.313924	0.289792	0.312953	0.286791	0.273076	0.272985	0.279463	0.277038	0.280821	0.276689	0.273323	0.277690	0.278378	0.277979	0.271636	0.266532	0.278765	0.304018	0.277900	0.268876	0.294593	0.273672	0.272011	0.274576	0.282404	0.275975	0.276211	0.268722	0.255800	0.283371	0.262029	0.293524	0.269998	0.278109	0.280878	0.270790	0.271438	0.281337	
0.279875	0.304640	0.253233	0.297087	0.271925	0.282761	0.279932	0.263957	0.259811	0.269337	0.260807	0.257862	0.268936	0.295547	0.292084	0.302397	0.285932	0.263262	0.305182	0.269601	0.299745	0.272843	0.000000	0.273311	0.264733	0.261658	0.269245	0.279703	0.279978	0.276762	0.271061	0.279839	0.269707	0.260447	0.274144	0.267628	0.261155	0.265347	0.265832	0.284370	0.292005	0.295010	0.296443	0.303151	0.307748	0.304364	0.303536	0.266043	0.298065	0.267003	0.266355	0.276484	0.262484	0.270852	0.281527	0.265427	0.267715	0.302254	0.283112	0.299909	0.288516	0.299403	0.288322	0.260452	0.280477	0.266631	0.279780	0.283309	0.282400	0.265955	0.282889	0.284459	0.263098	0.258223	0.266568	0.265655	0.283145	0.263702	0.264180	0.288187	0.269284	0.265481	0.260826	0.258416	0.264117	0.276078	0.234604	0.263753	0.296631	0.258028	0.282188	0.264365	0.266981	0.264908	0.267411	0.256488	0.264550	
0.277431	0.298458	0.251998	0.307065	0.265694	0.278675	0.287984	0.267486	0.262695	0.264924	0.257333	0.264231	0.259939	0.299146	0.295702	0.299009	0.281572	0.263773	0.302455	0.269246	0.295764	0.278011	0.273311	0.000000	0.275971	0.263513	0.259374	0.277890	0.277600	0.271391	0.275789	0.277397	0.267693	0.260652	0.261721	0.261778	0.265071	0.264298	0.259339	0.278520	0.281368	0.303725	0.302273	0.310228	0.302004	0.304084	0.300216	0.274369	0.284937	0.260572	0.255463	0.275233	0.263939	0.258719	0.278700	0.266149	0.263369	0.298547	0.288326	0.300021	0.280993	0.303532	0.277133	0.266304	0.279129	0.262476	0.285143	0.289035	0.282035	0.261865	0.289509	0.282003	0.269846	0.260106	0.263784	0.271302	0.295372	0.262040	0.255122	0.285844	0.261777	0.259204	0.262807	0.268308	0.263902	0.279418	0.280242	0.244724	0.281378	0.257452	0.249014	0.257306	0.267785	0.263315	0.263929	0.258577	0.270341	
0.269082	0.306180	0.272829	0.305584	0.272379	0.276851	0.279389	0.272237	0.274776	0.281017	0.274518	0.272948	0.276027	0.303143	0.297817	0.310191	0.286627	0.275742	0.302557	0.275105	0.305567	0.245329	0.264733	0.275971	0.000000	0.278667	0.276124	0.274643	0.252032	0.247287	0.253273	0.246017	0.278859	0.269694	0.274915	0.279687	0.274172	0.270250	0.271397	0.278231	0.279323	0.300021	0.302068	0.311536	0.310727	0.311676	0.310235	0.270414	0.249260	0.275604	0.271472	0.245375	0.276816	0.269664	0.284671	0.273199	0.271812	0.304158	0.282882	0.303552	0.287493	0.306744	0.281945	0.272483	0.285733	0.267938	0.274367	0.278297	0.277306	0.274716	0.277363	0.281894	0.275967	0.259288	0.269206	0.276656	0.290022	0.278896	0.277070	0.286506	0.280062	0.267018	0.280657	0.267146	0.270362	0.281592	0.272917	0.272774	0.281104	0.271715	0.280275	0.269190	0.274987	0.281535	0.275159	0.278868	0.284022	
0.272453	0.293835	0.253730	0.299038	0.263739	0.275957	0.281335	0.269554	0.269199	0.265309	0.256192	0.259339	0.264209	0.298048	0.294375	0.297615	0.282235	0.259856	0.297184	0.265064	0.293364	0.266526	0.261658	0.263513	0.278667	0.000000	0.262088	0.276330	0.276578	0.272029	0.282776	0.275988	0.264919	0.261376	0.258068	0.264209	0.260544	0.256118	0.259794	0.274830	0.282390	0.302524	0.295563	0.297763	0.297798	0.303904	0.301966	0.271166	0.283689	0.258154	0.262647	0.270733	0.260959	0.260173	0.277419	0.263423	0.260422	0.299422	0.273789	0.303743	0.278567	0.300212	0.285773	0.265613	0.286845	0.264486	0.274303	0.278629	0.273834	0.259813	0.277743	0.281846	0.266484	0.256496	0.264750	0.271804	0.275641	0.260627	0.261918	0.283688	0.265180	0.252591	0.268855	0.290816	0.267747	0.277358	0.272727	0.260542	0.277544	0.260618	0.259448	0.268071	0.267642	0.261844	0.266490	0.253859	0.270797	
0.275636	0.297379	0.261318	0.290244	0.262132	0.284452	0.284841	0.259871	0.266646	0.265015	0.255854	0.263001	0.250416	0.300316	0.297065	0.298641	0.285089	0.266149	0.299391	0.272999	0.292111	0.274186	0.269245	0.259374	0.276124	0.262088	0.000000	0.273729	0.281943	0.266870	0.274235	0.271575	0.266098	0.261596	0.263916	0.263900	0.259430	0.258670	0.261635	0.285960	0.287384	0.309609	0.301855	0.297903	0.301494	0.302570	0.296772	0.278583	0.284589	0.264898	0.259036	0.273772	0.254251	0.256745	0.290036	0.265511	0.258463	0.295996	0.283667	0.301045	0.289946	0.298688	0.286595	0.267932	0.283792	0.259721	0.281614	0.284124	0.286062	0.260010	0.288943	0.284398	0.263226	0.258880	0.258686	0.263169	0.280483	0.256340	0.252786	0.290996	0.262375	0.259836	0.265857	0.286788	0.261396	0.282071	0.281437	0.268738	0.285016	0.260994	0.279512	0.262262	0.264453	0.257846	0.259926	0.267431	0.270143	
0.285059	0.307792	0.274268	0.307734	0.274583	0.290709	0.294262	0.280581	0.281580	0.277655	0.272780	0.282149	0.287120	0.307618	0.303477	0.301171	0.293792	0.273872	0.309156	0.282676	0.302345	0.271510	0.279703	0.277890	0.274643	0.276330	0.273729	0.000000	0.270949	0.270358	0.272586	0.267059	0.276293	0.272400	0.288736	0.274377	0.273187	0.280207	0.282678	0.286414	0.294145	0.313487	0.306190	0.307980	0.314245	0.313524	0.310393	0.281109	0.272357	0.280808	0.271212	0.275349	0.272358	0.276588	0.293596	0.279891	0.278922	0.303112	0.285446	0.311278	0.296053	0.308873	0.289950	0.280820	0.290731	0.277501	0.284716	0.288383	0.293815	0.282155	0.295092	0.290235	0.282140	0.268690	0.276443	0.278462	0.298720	0.277856	0.270257	0.291505	0.283308	0.273210	0.276719	0.286498	0.279446	0.292834	0.278826	0.281385	0.291042	0.266702	0.275362	0.274084	0.282482	0.285648	0.269894	0.267659	0.280846	
0.282316	0.315436	0.279772	0.304532	0.276510	0.285623	0.288923	0.279742	0.284018	0.272704	0.281250	0.280706	0.295539	0.309286	0.303968	0.306565	0.284708	0.279200	0.306166	0.285024	0.304475	0.247467	0.279978	0.277600	0.252032	0.276578	0.281943	0.270949	0.000000	0.249622	0.255891	0.252187	0.283658	0.280968	0.285445	0.276905	0.276621	0.265755	0.286797	0.283898	0.295788	0.309978	0.305921	0.313892	0.309339	0.316538	0.314948	0.280750	0.248052	0.278221	0.271625	0.255920	0.278539	0.275834	0.287499	0.280155	0.272578	0.305866	0.287795	0.312513	0.293845	0.312419	0.292782	0.281260	0.287152	0.283001	0.273386	0.289531	0.281649	0.278110	0.284021	0.291429	0.280187	0.275536	0.272796	0.286850	0.296480	0.278702	0.282140	0.287659	0.279894	0.277848	0.284204	0.271907	0.280990	0.284214	0.250000	0.283469	0.283011	0.270691	0.288063	0.277159	0.281508	0.280751	0.274040	0.280029	0.291184	
0.275471	0.306963	0.267199	0.297486	0.270893	0.275718	0.272347	0.273924	0.277167	0.278071	0.271186	0.274962	0.273009	0.304092	0.300604	0.307282	0.279622	0.269675	0.302637	0.274641	0.305495	0.253873	0.276762	0.271391	0.247287	0.272029	0.266870	0.270358	0.249622	0.000000	0.249149	0.250131	0.275299	0.275505	0.277766	0.271482	0.266393	0.269566	0.277089	0.274701	0.280008	0.310508	0.305476	0.305927	0.307773	0.310845	0.308230	0.280314	0.251504	0.279337	0.275078	0.250492	0.274112	0.265599	0.288368	0.277397	0.270279	0.302309	0.281695	0.304897	0.287930	0.306630	0.280220	0.272617	0.281573	0.270480	0.271993	0.278680	0.278757	0.262454	0.286926	0.276860	0.275816	0.269610	0.271721	0.273816	0.290630	0.278817	0.277611	0.284909	0.276859	0.271981	0.283411	0.298009	0.274123	0.276421	0.246988	0.261725	0.274959	0.282359	0.283747	0.261443	0.281667	0.278917	0.277306	0.273012	0.277316	
0.275392	0.306066	0.275642	0.303801	0.276038	0.275604	0.278551	0.282012	0.279532	0.278352	0.273642	0.279804	0.271893	0.308528	0.299070	0.312100	0.284067	0.279852	0.307660	0.276082	0.311757	0.248546	0.271061	0.275789	0.253273	0.282776	0.274235	0.272586	0.255891	0.249149	0.000000	0.249922	0.278577	0.277136	0.284889	0.277647	0.281906	0.276170	0.275604	0.282383	0.290561	0.311026	0.308209	0.317342	0.309743	0.314878	0.310046	0.280562	0.256100	0.281317	0.281177	0.249078	0.279779	0.270342	0.283282	0.276684	0.274433	0.306550	0.277640	0.311817	0.289540	0.307790	0.287932	0.281465	0.285769	0.275661	0.272077	0.285347	0.280731	0.280143	0.290032	0.281312	0.282878	0.275087	0.270012	0.283869	0.301192	0.275271	0.285086	0.285348	0.275396	0.279471	0.293093	0.283163	0.284000	0.276887	0.253061	0.257028	0.282411	0.271826	0.279612	0.271234	0.275685	0.284259	0.275862	0.279562	0.283377	
0.280004	0.303950	0.264812	0.310580	0.273479	0.275855	0.279215	0.277733	0.279352	0.265717	0.268364	0.280303	0.268954	0.306793	0.296685	0.303009	0.281467	0.276677	0.304141	0.273417	0.301161	0.245100	0.279839	0.277397	0.246017	0.275988	0.271575	0.267059	0.252187	0.250131	0.249922	0.000000	0.275093	0.270831	0.273485	0.272755	0.269563	0.269726	0.280668	0.274448	0.282326	0.308172	0.301526	0.308762	0.306212	0.308239	0.308371	0.274701	0.254795	0.273359	0.274336	0.248840	0.275476	0.261084	0.283217	0.273356	0.268017	0.308302	0.278954	0.311091	0.283601	0.303249	0.284313	0.276710	0.280297	0.277308	0.267041	0.282124	0.282969	0.275826	0.282449	0.277886	0.277946	0.270958	0.270148	0.276714	0.295099	0.276111	0.271503	0.283281	0.283837	0.276575	0.277858	0.290139	0.281140	0.278532	0.276553	0.251239	0.281183	0.265521	0.280922	0.275962	0.280673	0.276777	0.273607	0.280547	0.284118	
0.275148	0.298327	0.262563	0.302834	0.260185	0.282387	0.290901	0.265300	0.262758	0.262340	0.262401	0.264091	0.272033	0.296660	0.291152	0.291945	0.282385	0.266217	0.293228	0.275595	0.296022	0.272278	0.269707	0.267693	0.278859	0.264919	0.266098	0.276293	0.283658	0.275299	0.278577	0.275093	0.000000	0.258061	0.271078	0.262855	0.264243	0.261410	0.264539	0.280378	0.286705	0.302069	0.296075	0.300179	0.296692	0.299074	0.297930	0.277911	0.280242	0.259263	0.269288	0.279897	0.264048	0.260998	0.285743	0.265445	0.255582	0.296481	0.280875	0.305254	0.276765	0.300431	0.280576	0.261388	0.288859	0.264961	0.278450	0.286539	0.286113	0.262692	0.291809	0.284177	0.265557	0.259209	0.259637	0.273398	0.288510	0.267239	0.263988	0.293807	0.262210	0.264272	0.266748	0.284126	0.267169	0.276535	0.263780	0.261859	0.284744	0.264036	0.261203	0.273348	0.264861	0.265156	0.268631	0.261867	0.278806	
0.272159	0.300322	0.260806	0.305435	0.266086	0.274365	0.269564	0.263127	0.259259	0.261137	0.259771	0.259667	0.262756	0.299580	0.294907	0.296489	0.278538	0.261812	0.297303	0.264466	0.294990	0.268649	0.260447	0.260652	0.269694	0.261376	0.261596	0.272400	0.280968	0.275505	0.277136	0.270831	0.258061	0.000000	0.267480	0.264832	0.251506	0.252743	0.261689	0.278465	0.282734	0.304448	0.296877	0.303618	0.302214	0.303215	0.299132	0.268468	0.283680	0.259685	0.262454	0.272980	0.263314	0.247923	0.274679	0.256775	0.261660	0.295852	0.276826	0.301379	0.275140	0.299105	0.278658	0.262479	0.277212	0.258988	0.267240	0.277617	0.280000	0.255150	0.277426	0.274680	0.272582	0.254972	0.254272	0.265823	0.281028	0.258636	0.257772	0.284769	0.254952	0.260690	0.263415	0.283406	0.258472	0.270409	0.269841	0.255723	0.268924	0.263679	0.258844	0.265527	0.258036	0.258492	0.260223	0.258703	0.280261	
0.277862	0.301244	0.266596	0.308348	0.268499	0.285154	0.286736	0.266506	0.268016	0.263593	0.261210	0.266765	0.268118	0.309648	0.298465	0.300475	0.288504	0.264986	0.303195	0.270393	0.302013	0.280625	0.274144	0.261721	0.274915	0.258068	0.263916	0.288736	0.285445	0.277766	0.284889	0.273485	0.271078	0.267480	0.000000	0.270685	0.261733	0.267289	0.266292	0.280748	0.285084	0.307364	0.302323	0.309476	0.307358	0.308661	0.306599	0.271905	0.288771	0.271656	0.265029	0.277911	0.262484	0.262218	0.282949	0.269692	0.266617	0.307762	0.285224	0.310634	0.279155	0.306927	0.284193	0.261884	0.286877	0.263510	0.284886	0.289566	0.283900	0.266920	0.283803	0.284929	0.264744	0.262661	0.262640	0.267705	0.295230	0.271892	0.264747	0.281519	0.271808	0.267311	0.268678	0.273238	0.268263	0.279793	0.284314	0.259042	0.282214	0.264923	0.279893	0.268135	0.263889	0.270545	0.266782	0.263758	0.271301	
0.273710	0.294098	0.256567	0.289125	0.265981	0.271654	0.278219	0.261095	0.261814	0.266877	0.260870	0.267396	0.267528	0.300529	0.289219	0.297633	0.285352	0.262717	0.299082	0.269719	0.297330	0.282030	0.267628	0.261778	0.279687	0.264209	0.263900	0.274377	0.276905	0.271482	0.277647	0.272755	0.262855	0.264832	0.270685	0.000000	0.259309	0.261338	0.262458	0.275032	0.282230	0.301584	0.300000	0.301392	0.296687	0.295618	0.299890	0.269508	0.281599	0.269551	0.260468	0.266275	0.263624	0.259193	0.279151	0.264251	0.265390	0.298286	0.276952	0.302004	0.282491	0.299051	0.279741	0.263955	0.281429	0.265503	0.276987	0.281484	0.279170	0.261345	0.281976	0.280821	0.264577	0.259939	0.260891	0.269718	0.280503	0.261184	0.261308	0.286830	0.265514	0.266837	0.271617	0.282960	0.263892	0.277023	0.269685	0.261568	0.280886	0.263083	0.274041	0.260429	0.268434	0.267326	0.262666	0.262120	0.270613	
0.274187	0.297141	0.259215	0.298637	0.259387	0.275862	0.282176	0.258135	0.262015	0.257927	0.250156	0.256772	0.267943	0.302320	0.297326	0.299277	0.286485	0.257634	0.296229	0.267593	0.292926	0.269967	0.261155	0.265071	0.274172	0.260544	0.259430	0.273187	0.276621	0.266393	0.281906	0.269563	0.264243	0.251506	0.261733	0.259309	0.000000	0.261121	0.266322	0.279541	0.283382	0.307018	0.301395	0.302856	0.305209	0.301755	0.297795	0.273747	0.275837	0.256689	0.260307	0.274904	0.255556	0.255462	0.284020	0.261086	0.262870	0.295145	0.281401	0.301100	0.273420	0.306302	0.279046	0.257851	0.284498	0.257593	0.281510	0.286177	0.279255	0.259413	0.278957	0.282062	0.265422	0.249314	0.255875	0.264279	0.284600	0.262590	0.259358	0.287127	0.264890	0.257821	0.264762	0.293300	0.267145	0.273298	0.261663	0.249372	0.275926	0.250183	0.262340	0.266381	0.259112	0.260035	0.258148	0.261116	0.274429	
0.272476	0.301225	0.259173	0.283524	0.266258	0.274314	0.279691	0.266452	0.264410	0.253219	0.256133	0.262754	0.260463	0.299720	0.288439	0.294781	0.280235	0.261458	0.297861	0.267816	0.296654	0.273284	0.265347	0.264298	0.270250	0.256118	0.258670	0.280207	0.265755	0.269566	0.276170	0.269726	0.261410	0.252743	0.267289	0.261338	0.261121	0.000000	0.261575	0.273518	0.286132	0.303575	0.290319	0.301611	0.291607	0.298521	0.299797	0.267457	0.278384	0.255501	0.262608	0.274781	0.259732	0.253787	0.275434	0.265654	0.261656	0.297029	0.280399	0.304118	0.286669	0.299750	0.275688	0.263040	0.280653	0.267685	0.271059	0.285049	0.274812	0.256286	0.282049	0.281653	0.268069	0.247120	0.257770	0.262860	0.280927	0.262506	0.263129	0.280077	0.266802	0.255097	0.265667	0.273238	0.259797	0.272757	0.276680	0.259149	0.275829	0.266985	0.251856	0.257744	0.255218	0.263674	0.253176	0.254204	0.278384	
0.268852	0.291985	0.258211	0.293717	0.268650	0.275567	0.279506	0.261108	0.263074	0.267288	0.256621	0.261036	0.267022	0.299860	0.297718	0.296749	0.280778	0.254757	0.295479	0.269379	0.289667	0.271352	0.265832	0.259339	0.271397	0.259794	0.261635	0.282678	0.286797	0.277089	0.275604	0.280668	0.264539	0.261689	0.266292	0.262458	0.266322	0.261575	0.000000	0.275596	0.281689	0.306507	0.300000	0.303850	0.301628	0.306337	0.303532	0.274441	0.285170	0.261386	0.258991	0.270750	0.258245	0.254227	0.283979	0.261124	0.267312	0.295117	0.277465	0.292131	0.283925	0.301156	0.281422	0.257776	0.284223	0.257837	0.285039	0.277990	0.273403	0.258524	0.288179	0.274957	0.264202	0.259041	0.263586	0.273889	0.282383	0.263924	0.262920	0.285165	0.263742	0.262245	0.259026	0.279431	0.260249	0.275302	0.254132	0.270654	0.286475	0.263004	0.280100	0.265656	0.267762	0.264398	0.263695	0.256759	0.264492	
0.245319	0.299710	0.275153	0.293676	0.276095	0.245041	0.246921	0.281225	0.278366	0.278007	0.274645	0.282772	0.274078	0.302763	0.294895	0.300824	0.248045	0.288200	0.297768	0.272072	0.307847	0.278561	0.284370	0.278520	0.278231	0.274830	0.285960	0.286414	0.283898	0.274701	0.282383	0.274448	0.280378	0.278465	0.280748	0.275032	0.279541	0.273518	0.275596	0.000000	0.252143	0.308664	0.296429	0.302099	0.305214	0.307823	0.303039	0.238853	0.287570	0.278176	0.277612	0.278066	0.279988	0.278457	0.243117	0.276923	0.278358	0.304208	0.244623	0.303186	0.265784	0.305400	0.247051	0.278605	0.245361	0.275594	0.244215	0.248022	0.243853	0.280558	0.253098	0.250228	0.279303	0.269475	0.279855	0.283603	0.295154	0.278962	0.276692	0.256823	0.285541	0.283520	0.288880	0.250780	0.287498	0.263262	0.247525	0.271969	0.244479	0.272099	0.284488	0.278519	0.284195	0.283066	0.278627	0.271060	0.299300	
0.251161	0.300656	0.280126	0.314900	0.281748	0.255664	0.256454	0.287193	0.284595	0.289894	0.278836	0.288662	0.282734	0.309097	0.305265	0.311347	0.254452	0.282568	0.304343	0.276941	0.307862	0.283591	0.292005	0.281368	0.279323	0.282390	0.287384	0.294145	0.295788	0.280008	0.290561	0.282326	0.286705	0.282734	0.285084	0.282230	0.283382	0.286132	0.281689	0.252143	0.000000	0.312361	0.301909	0.308771	0.311234	0.312888	0.307300	0.253968	0.289872	0.283332	0.283434	0.282358	0.284678	0.284611	0.251292	0.284253	0.281503	0.311042	0.255912	0.308732	0.271545	0.305083	0.256055	0.284851	0.248201	0.281616	0.257613	0.246981	0.257154	0.285481	0.256554	0.253885	0.279676	0.280654	0.285128	0.293612	0.296614	0.285485	0.293054	0.266598	0.296137	0.287330	0.290645	0.259305	0.295271	0.260451	0.300797	0.260107	0.247695	0.288023	0.292221	0.284632	0.290071	0.284717	0.286174	0.270925	0.292884	
0.306912	0.250168	0.299989	0.237284	0.307580	0.309774	0.306735	0.304497	0.305004	0.308409	0.305253	0.308716	0.305941	0.245723	0.243762	0.242210	0.313409	0.298960	0.247863	0.309319	0.243257	0.305890	0.295010	0.303725	0.300021	0.302524	0.309609	0.313487	0.309978	0.310508	0.311026	0.308172	0.302069	0.304448	0.307364	0.301584	0.307018	0.303575	0.306507	0.308664	0.312361	0.000000	0.241390	0.243478	0.246985	0.241083	0.246438	0.304375	0.318480	0.295324	0.309162	0.311030	0.306716	0.302772	0.313112	0.301154	0.298613	0.247168	0.312170	0.240113	0.315364	0.243080	0.312506	0.304390	0.309710	0.306276	0.306790	0.308870	0.308685	0.309662	0.315430	0.312628	0.309346	0.295161	0.296722	0.303314	0.270578	0.308897	0.305013	0.312351	0.311642	0.302168	0.300352	0.307982	0.306955	0.310295	0.297787	0.285010	0.308420	0.302153	0.294311	0.299492	0.298722	0.307980	0.305927	0.304457	0.299701	
0.296174	0.246948	0.295429	0.253303	0.295699	0.305462	0.298424	0.304503	0.300457	0.310332	0.297520	0.301940	0.281970	0.244204	0.252908	0.249868	0.306277	0.292559	0.241613	0.306314	0.236820	0.304884	0.296443	0.302273	0.302068	0.295563	0.301855	0.306190	0.305921	0.305476	0.308209	0.301526	0.296075	0.296877	0.302323	0.300000	0.301395	0.290319	0.300000	0.296429	0.301909	0.241390	0.000000	0.242776	0.242347	0.242005	0.243138	0.299547	0.312005	0.298266	0.300546	0.304659	0.294557	0.294408	0.305430	0.293920	0.296111	0.244034	0.297515	0.243740	0.313660	0.244471	0.305887	0.296504	0.305924	0.302152	0.300933	0.307155	0.302097	0.305847	0.308543	0.303795	0.290751	0.287561	0.293011	0.295787	0.265995	0.302895	0.297591	0.305939	0.307150	0.306136	0.294839	0.299548	0.303193	0.297651	0.303462	0.285348	0.298078	0.299655	0.296331	0.289888	0.295202	0.303990	0.300397	0.295167	0.296657	
0.300833	0.241226	0.301534	0.243908	0.305543	0.304200	0.303746	0.309424	0.309201	0.310177	0.303267	0.303865	0.300000	0.246989	0.243387	0.237832	0.311870	0.298657	0.238641	0.305858	0.238325	0.314508	0.303151	0.310228	0.311536	0.297763	0.297903	0.307980	0.313892	0.305927	0.317342	0.308762	0.300179	0.303618	0.309476	0.301392	0.302856	0.301611	0.303850	0.302099	0.308771	0.243478	0.242776	0.000000	0.240451	0.240345	0.241220	0.301704	0.323004	0.296906	0.301725	0.310034	0.304504	0.301844	0.307515	0.295321	0.298199	0.247238	0.304269	0.234709	0.318348	0.240413	0.311760	0.308266	0.310358	0.302804	0.319562	0.313536	0.305656	0.304276	0.310509	0.307606	0.306219	0.295284	0.303530	0.286008	0.270855	0.304387	0.310560	0.310647	0.310958	0.301492	0.309110	0.316739	0.308162	0.312734	0.287129	0.307692	0.309185	0.295086	0.297047	0.300503	0.302686	0.310881	0.298079	0.300018	0.295706	
0.306000	0.249218	0.294983	0.254783	0.305487	0.310074	0.308464	0.303641	0.303740	0.308040	0.300010	0.309073	0.304540	0.242095	0.243994	0.240016	0.312606	0.300201	0.245153	0.305638	0.241748	0.309346	0.307748	0.302004	0.310727	0.297798	0.301494	0.314245	0.309339	0.307773	0.309743	0.306212	0.296692	0.302214	0.307358	0.296687	0.305209	0.291607	0.301628	0.305214	0.311234	0.246985	0.242347	0.240451	0.000000	0.246630	0.240821	0.306516	0.321066	0.297019	0.303752	0.307283	0.303316	0.299860	0.307121	0.297091	0.293587	0.243129	0.304673	0.251738	0.317180	0.240837	0.311934	0.302117	0.312578	0.300440	0.305324	0.312002	0.309805	0.304339	0.315806	0.306846	0.299023	0.296241	0.296454	0.297725	0.267733	0.302276	0.303714	0.311220	0.306456	0.303720	0.303516	0.305868	0.305985	0.307047	0.308316	0.286348	0.309798	0.297162	0.308745	0.308521	0.299950	0.302375	0.300909	0.303960	0.296975	
