0.00000000099999999997 0.99999999799999994554 0.00000000099999999997 
0.00000000099999999998 0.00000000099999999998 0.99999999799999994554 
0.99999999544909479177 0.00000000355090516574 0.00000000099999999999 
0.12391781589313723144 0.00027119185517259468 0.87581099225169001254 
0.99556035342827575718 0.00443962262881110112 0.00000002394291304822 
0.00000000099999999996 0.99999999800000005656 0.00000000099999999996 
0.00000000099999999995 0.99999999799999994554 0.00000000099999999995 
0.99999999800000005656 0.00000000099999999998 0.00000000099999999998 
0.99999996630089116323 0.00000000099999999999 0.00000003269910892391 
0.99999999799999994554 0.00000000099999999998 0.00000000099999999998 
0.99999997057847667126 0.00000002842152331516 0.00000000099999999999 
0.99999999636839354000 0.00000000099999999999 0.00000000263160639290 
0.93555969397771765461 0.05782614273673985367 0.00661416328554249953 
0.00000000099999999998 0.00000000099999999998 0.99999999799999994554 
0.09794331179079641958 0.00043456671395185385 0.90162212149525178262 
0.00000000099999999994 0.00000000099999999994 0.99999999799999994554 
0.00000000099999999998 0.99999999800000005656 0.00000000099999999998 
0.96543051945988012097 0.00000000099999999999 0.03456947954011981711 
0.00000000099999999996 0.00000000099999999996 0.99999999800000005656 
0.59256863401365822419 0.40743136498634158205 0.00000000099999999999 
0.00000000099999999995 0.00000000099999999995 0.99999999800000005656 
0.85567122296958464389 0.14432877603041516235 0.00000000099999999999 
0.89385510773694243358 0.04146782524998077202 0.06467706701307689154 
0.99932577103881203850 0.00000000099999999999 0.00067422796118800626 
0.83408407332104117504 0.16591592567895885324 0.00000000099999999998 
0.97343186961701433368 0.02136533866694459785 0.00520279171604111183 
0.99999999800000005656 0.00000000099999999999 0.00000000099999999999 
0.89834480210705802694 0.08388503414630621435 0.01777016374663576564 
0.83520695904900310591 0.16479106960434597440 0.00000197134665091939 
0.79661040560754570183 0.18997300407714481918 0.01341659031530947031 
0.80382479052212996162 0.19617520847787003890 0.00000000099999999999 
0.83275729439991463821 0.16724270460008533457 0.00000000100000000000 
0.95963151160932014250 0.00000000099999999999 0.04036848739068002456 
0.98806030378686737770 0.01193969521313255518 0.00000000099999999999 
0.97678599500905960440 0.02321309792776229258 0.00000090706317807952 
0.90618713392825034347 0.06224402011940877860 0.03156884595234099589 
0.99999999799999994554 0.00000000099999999999 0.00000000099999999999 
0.99998206257707844546 0.00001793642292159964 0.00000000099999999999 
0.96878730621915387644 0.03121269278084610327 0.00000000099999999999 
0.00000000099999999996 0.99999999799999994554 0.00000000099999999996 
0.00000000099999999995 0.99999999800000005656 0.00000000099999999995 
0.00000000099999999993 0.00000000099999999993 0.99999999800000005656 
0.00000000099999999998 0.00000000099999999998 0.99999999800000005656 
0.00000000099999999989 0.00000000099999999989 0.99999999800000005656 
0.00000000099999999995 0.00000000099999999995 0.99999999799999994554 
0.00000000099999999990 0.00000000099999999990 0.99999999800000005656 
0.00000000099999999991 0.00000000099999999991 0.99999999800000005656 
0.04071176098421337014 0.95928823801578655406 0.00000000099999999999 
0.79848078905507136049 0.20151920994492861228 0.00000000099999999998 
0.99999999800000005656 0.00000000099999999998 0.00000000099999999998 
0.99999999800000005656 0.00000000099999999997 0.00000000099999999997 
0.80483576222366015607 0.19516423677633981670 0.00000000099999999999 
0.99999999800000005656 0.00000000099999999998 0.00000000099999999998 
0.99999998969495051959 0.00000000099999999999 0.00000000930504959860 
0.00000000099999999996 0.99999999799999994554 0.00000000099999999996 
0.96406544422180251441 0.01768900276520309414 0.01824555301299440879 
0.91625654114549015539 0.06107307090174643460 0.02267038795276344124 
0.00000000099999999995 0.00000000099999999995 0.99999999800000005656 
0.00000000099999999998 0.99999999800000005656 0.00000000099999999998 
0.00000000099999999994 0.00000000099999999994 0.99999999799999994554 
0.49531446096417436342 0.50468553803582549833 0.00000000099999999999 
0.00000000099999999995 0.00000000099999999995 0.99999999800000005656 
0.00000000099999999994 0.99999999800000005656 0.00000000099999999994 
0.99918477127616711631 0.00000102487398829575 0.00081420384984453838 
0.00000000099999999997 0.99999999799999994554 0.00000000099999999997 
0.99999999799999994554 0.00000000099999999999 0.00000000099999999999 
0.12289835342990229616 0.87710164557009773212 0.00000000099999999999 
0.00000000099999999994 0.99999999799999994554 0.00000000099999999994 
0.00000000099999999995 0.99999999800000005656 0.00000000099999999995 
0.99957043210757468010 0.00042956689242522886 0.00000000099999999999 
0.00000000099999999995 0.99999999800000005656 0.00000000099999999995 
0.00000000099999999995 0.99999999800000005656 0.00000000099999999995 
0.87816589407663625533 0.11360527183222188241 0.00822883409114179634 
0.89780102077911483338 0.06193174469989470160 0.04026723452099054135 
0.96053058875031704922 0.00997485548785831573 0.02949455576182461597 
0.86731272483897281500 0.00001058650594780339 0.13267668865507933895 
0.41354927250762318902 0.05824484371347003059 0.52820588377890675957 
0.99999999800000005656 0.00000000099999999998 0.00000000099999999998 
0.96416156880825765185 0.03583843019174236255 0.00000000099999999999 
0.12931066916594996519 0.85633214287145331678 0.01435718796259670242 
0.99940096780791087827 0.00059903119208914318 0.00000000099999999999 
0.99999999800000005656 0.00000000099999999998 0.00000000099999999998 
0.93620201541826830738 0.00000000881811562400 0.06379797576361620481 
0.00016534754447692903 0.99983465145552297137 0.00000000100000000000 
0.99999979010527650924 0.00000000099999999999 0.00000020889472340986 
0.26776731464196434906 0.73223268435803556820 0.00000000099999999999 
0.67351012656877740081 0.32486905929467074783 0.00162081413655191316 
0.96531967140126573312 0.03449854094090376577 0.00018178765783050961 
0.00000000099999999995 0.99999999799999994554 0.00000000099999999995 
0.95158830509403946607 0.04841169390596038874 0.00000000100000000000 
0.95562526360949673343 0.00000570557455732604 0.04436903081594596038 
0.96985747530775667791 0.03014252369224341976 0.00000000099999999999 
0.99612535660324397213 0.00000000099999999999 0.00387464239675608130 
0.99819384914332698333 0.00000000099999999999 0.00180614985667296754 
0.99999999799999994554 0.00000000099999999998 0.00000000099999999998 
0.99982176538929279364 0.00002663007615165813 0.00015160453455555039 
0.88415915241633469268 0.00000004393202443754 0.11584080365164084458 
