0.000000	0.298287	0.267985	0.290660	0.269107	0.240850	0.241510	0.272656	0.275577	0.275992	0.283932	0.284848	0.274545	0.278225	0.268013	0.301392	0.294227	0.299729	0.243119	0.270319	0.302534	0.274100	0.265926	0.273582	0.296845	0.275704	0.283099	0.271577	0.269787	0.276387	0.273716	0.280274	0.278095	0.273955	0.278834	0.276367	0.277071	0.262904	0.271868	0.273442	0.266217	0.264369	0.275142	0.243614	0.247422	0.301069	0.297090	0.302913	0.306068	0.302543	0.300531	0.300823	0.308309	0.235742	0.275115	0.272992	0.274586	0.268511	0.272687	0.273561	0.242672	0.276026	0.269081	0.302900	0.241795	0.299290	0.251028	0.257413	0.246473	0.299723	0.241631	0.276129	0.239526	0.277398	0.250744	0.241581	0.244767	0.272112	0.245590	0.246767	0.274493	0.272974	0.270325	0.281595	0.286110	0.267660	0.274325	0.246823	0.278141	0.281607	0.280658	0.245270	0.279636	0.250213	0.296537	0.265912	0.231500	0.272656	0.292946	0.273331	0.277965	0.276636	0.287364	0.270470	0.268127	0.286472	
0.298287	0.000000	0.291725	0.254819	0.294220	0.303463	0.302865	0.296128	0.291729	0.303692	0.295781	0.304550	0.297440	0.299779	0.296344	0.239367	0.245078	0.244206	0.309216	0.296925	0.246154	0.302857	0.300873	0.294161	0.248982	0.299105	0.298598	0.298404	0.309025	0.297491	0.291011	0.305979	0.319685	0.300089	0.299673	0.303813	0.298044	0.291034	0.298334	0.295385	0.293856	0.299355	0.294064	0.298719	0.302614	0.246719	0.252872	0.247368	0.247574	0.246101	0.244885	0.240738	0.251447	0.302007	0.312377	0.298776	0.296854	0.303745	0.298676	0.289193	0.306739	0.290674	0.298903	0.245851	0.301530	0.247140	0.301995	0.304934	0.311741	0.241167	0.305969	0.303681	0.299760	0.297638	0.304595	0.302806	0.311306	0.293240	0.307854	0.305590	0.297773	0.296406	0.288993	0.302804	0.275229	0.297941	0.298470	0.311886	0.298728	0.297687	0.296369	0.305376	0.300737	0.302471	0.308756	0.293478	0.302260	0.281780	0.302116	0.293587	0.302303	0.302051	0.296808	0.301472	0.289501	0.289722	
0.267985	0.291725	0.000000	0.291300	0.257274	0.275102	0.276444	0.257442	0.255479	0.254880	0.263092	0.267825	0.253730	0.254042	0.240456	0.293718	0.293848	0.296800	0.279725	0.252938	0.297574	0.269576	0.259654	0.255277	0.291794	0.269916	0.267380	0.253753	0.271344	0.250866	0.251437	0.274146	0.275420	0.267913	0.276520	0.260230	0.261268	0.257458	0.258200	0.257532	0.256259	0.256958	0.257230	0.273841	0.279181	0.304967	0.295144	0.301842	0.304825	0.304262	0.290092	0.297999	0.302541	0.270411	0.273055	0.251479	0.259444	0.268596	0.255841	0.249652	0.274514	0.256700	0.258214	0.302385	0.275459	0.302244	0.270716	0.274873	0.281250	0.290357	0.278218	0.254803	0.279521	0.253220	0.277239	0.278950	0.272791	0.258034	0.278319	0.283357	0.266247	0.256457	0.253163	0.269207	0.278094	0.263447	0.261474	0.290246	0.253268	0.262194	0.263219	0.270613	0.253811	0.272957	0.248879	0.254357	0.273592	0.261779	0.269926	0.260700	0.261499	0.250204	0.255677	0.255972	0.251800	0.270118	
0.290660	0.254819	0.291300	0.000000	0.295734	0.303732	0.289110	0.294337	0.300481	0.302929	0.287604	0.278970	0.302270	0.302801	0.297181	0.251605	0.254380	0.247137	0.301640	0.297923	0.245019	0.298213	0.293763	0.298729	0.249333	0.305111	0.294935	0.300082	0.304312	0.291270	0.296316	0.310827	0.312226	0.293731	0.310261	0.301318	0.305982	0.295256	0.301579	0.291400	0.291304	0.289389	0.296348	0.289952	0.302530	0.245968	0.262710	0.246385	0.244340	0.241361	0.244936	0.249205	0.253248	0.293388	0.302133	0.297619	0.288252	0.295213	0.289878	0.295130	0.293475	0.293971	0.294621	0.236330	0.293976	0.248871	0.288725	0.289813	0.296277	0.240996	0.304985	0.290753	0.313538	0.302781	0.291813	0.302555	0.302941	0.304172	0.293772	0.304160	0.288876	0.292197	0.277812	0.294446	0.267892	0.296771	0.291001	0.309394	0.297261	0.291038	0.309127	0.271622	0.289137	0.302445	0.262097	0.266180	0.280852	0.306486	0.292328	0.302228	0.300106	0.298722	0.299762	0.297516	0.292183	0.299515	
0.269107	0.294220	0.257274	0.295734	0.000000	0.271225	0.278324	0.256239	0.258826	0.255313	0.254500	0.256552	0.257946	0.264612	0.253504	0.292981	0.288879	0.298231	0.278665	0.257115	0.299625	0.268776	0.256499	0.257511	0.293481	0.266647	0.268413	0.258881	0.264165	0.259436	0.255676	0.268481	0.266844	0.264791	0.276181	0.267453	0.255955	0.259574	0.260353	0.262027	0.248303	0.257870	0.269403	0.272226	0.273193	0.301297	0.298169	0.303525	0.302300	0.307975	0.292716	0.297951	0.307230	0.269036	0.274847	0.258818	0.253132	0.264839	0.263049	0.257778	0.276388	0.263131	0.255376	0.293469	0.274671	0.309078	0.268157	0.272310	0.279688	0.293933	0.282726	0.259441	0.275153	0.259548	0.282954	0.279457	0.271058	0.265324	0.279936	0.277627	0.258357	0.253456	0.250000	0.266312	0.287934	0.262293	0.264977	0.283927	0.255692	0.263623	0.276858	0.268985	0.256867	0.274947	0.275534	0.264739	0.275937	0.259279	0.270185	0.269992	0.258448	0.261681	0.256083	0.253408	0.251719	0.265648	
0.240850	0.303463	0.275102	0.303732	0.271225	0.000000	0.241096	0.280123	0.270584	0.281199	0.280050	0.283713	0.278990	0.276789	0.270287	0.306195	0.300512	0.308002	0.247745	0.276610	0.304800	0.277903	0.278699	0.280496	0.304338	0.275471	0.279814	0.279396	0.276713	0.279624	0.279945	0.287087	0.283213	0.275772	0.282957	0.274675	0.282258	0.268215	0.278878	0.268479	0.277470	0.264445	0.276555	0.249257	0.247122	0.302476	0.311324	0.311654	0.312110	0.310969	0.305207	0.306809	0.313771	0.244079	0.282450	0.277809	0.273792	0.278126	0.280342	0.278631	0.242621	0.278623	0.273229	0.304128	0.241114	0.307102	0.256274	0.258360	0.233941	0.297805	0.246719	0.282795	0.236846	0.280901	0.239834	0.242400	0.239474	0.279268	0.246380	0.248296	0.278297	0.271188	0.269531	0.282142	0.288175	0.276305	0.277276	0.255442	0.281372	0.285441	0.294544	0.234364	0.283788	0.257437	0.273707	0.269919	0.241540	0.274346	0.294880	0.278578	0.279317	0.283271	0.283303	0.273876	0.262451	0.286383	
0.241510	0.302865	0.276444	0.289110	0.278324	0.241096	0.000000	0.274818	0.275572	0.284352	0.283770	0.277152	0.280372	0.285857	0.270978	0.301995	0.297039	0.304621	0.252197	0.282675	0.306593	0.271924	0.279085	0.282265	0.295059	0.280476	0.281400	0.284718	0.275093	0.278460	0.284290	0.283327	0.283558	0.275413	0.280010	0.275113	0.284644	0.262948	0.274926	0.281746	0.281740	0.270235	0.285750	0.245734	0.246919	0.304493	0.300640	0.305751	0.312217	0.311470	0.303639	0.301773	0.312626	0.241076	0.277079	0.277628	0.280431	0.267597	0.280920	0.282520	0.252230	0.286301	0.276569	0.302927	0.245844	0.305389	0.255354	0.257937	0.243462	0.301750	0.251999	0.280035	0.241940	0.279555	0.237598	0.240296	0.239609	0.277484	0.244673	0.247031	0.275583	0.272783	0.270722	0.287094	0.282947	0.277699	0.281113	0.258708	0.274845	0.286319	0.296890	0.230499	0.282118	0.251974	0.271930	0.265306	0.244169	0.269023	0.291610	0.282216	0.283392	0.281026	0.283084	0.280765	0.279637	0.283127	
0.272656	0.296128	0.257442	0.294337	0.256239	0.280123	0.274818	0.000000	0.258007	0.259530	0.258392	0.272103	0.252796	0.258885	0.247840	0.301190	0.286078	0.292531	0.275158	0.253705	0.305027	0.267214	0.251046	0.256667	0.297267	0.261651	0.275109	0.262847	0.267377	0.259861	0.262682	0.270788	0.273564	0.266161	0.272913	0.267129	0.260214	0.257502	0.256692	0.259801	0.261318	0.255843	0.259420	0.271446	0.280058	0.304168	0.303122	0.307148	0.310441	0.307778	0.292938	0.298955	0.303748	0.272906	0.272878	0.257634	0.253416	0.263117	0.260163	0.259308	0.279430	0.247565	0.261016	0.301547	0.278829	0.296811	0.273355	0.273175	0.278109	0.300068	0.281974	0.254877	0.278590	0.258634	0.284194	0.279250	0.276827	0.250877	0.280545	0.271454	0.262632	0.258979	0.253723	0.267487	0.282564	0.253836	0.260531	0.295425	0.263736	0.265206	0.263146	0.281586	0.258443	0.269897	0.272340	0.256194	0.276805	0.255832	0.274225	0.271564	0.255793	0.257997	0.266477	0.261408	0.259797	0.262631	
0.275577	0.291729	0.255479	0.300481	0.258826	0.270584	0.275572	0.258007	0.000000	0.254121	0.266307	0.276293	0.254606	0.263851	0.255255	0.303819	0.292018	0.296492	0.275541	0.255588	0.298652	0.261431	0.263893	0.243769	0.294091	0.269381	0.249650	0.256777	0.269131	0.257090	0.259422	0.272505	0.269392	0.270715	0.272238	0.264132	0.261667	0.247326	0.255465	0.258746	0.256093	0.252875	0.253715	0.273328	0.277344	0.299774	0.304730	0.303521	0.305234	0.309252	0.295314	0.301067	0.305534	0.269527	0.272351	0.250250	0.255144	0.267588	0.262319	0.256470	0.282048	0.255143	0.258186	0.294131	0.277946	0.298655	0.268538	0.274936	0.284408	0.296577	0.278872	0.264985	0.276303	0.261049	0.265785	0.274508	0.282224	0.254081	0.283155	0.276291	0.259953	0.254203	0.253791	0.263447	0.284404	0.251543	0.255446	0.281083	0.252472	0.260091	0.270204	0.273769	0.257239	0.267305	0.268657	0.244174	0.274705	0.250902	0.264896	0.264937	0.255681	0.257975	0.269002	0.253912	0.258375	0.268041	
0.275992	0.303692	0.254880	0.302929	0.255313	0.281199	0.284352	0.259530	0.254121	0.000000	0.266455	0.268316	0.267412	0.260856	0.263956	0.301269	0.299950	0.306084	0.286810	0.264369	0.304383	0.271376	0.252269	0.250597	0.300000	0.264780	0.268954	0.263136	0.275635	0.262362	0.256702	0.278088	0.268534	0.273290	0.276581	0.265046	0.255029	0.255042	0.257200	0.263711	0.254652	0.254907	0.264307	0.281726	0.289208	0.304822	0.310627	0.308833	0.310511	0.313176	0.296942	0.303574	0.305046	0.273619	0.281038	0.256431	0.252349	0.268934	0.252790	0.259205	0.281636	0.261765	0.266213	0.304796	0.278410	0.308587	0.271303	0.273098	0.287083	0.304372	0.284534	0.261309	0.276180	0.258449	0.279423	0.283429	0.282646	0.256682	0.282553	0.283197	0.260839	0.265923	0.252041	0.270454	0.291633	0.261160	0.253941	0.280956	0.254348	0.257242	0.267373	0.250186	0.258322	0.267318	0.250000	0.254902	0.281643	0.256176	0.281639	0.264431	0.261107	0.257606	0.267812	0.260051	0.249834	0.263696	
0.283932	0.295781	0.263092	0.287604	0.254500	0.280050	0.283770	0.258392	0.266307	0.266455	0.000000	0.260750	0.253623	0.275984	0.272195	0.289278	0.288346	0.298477	0.277529	0.256500	0.299331	0.272029	0.253565	0.260806	0.295541	0.278341	0.277253	0.267142	0.279796	0.257838	0.262944	0.279275	0.279391	0.277523	0.282767	0.279208	0.269031	0.261822	0.266971	0.260024	0.264031	0.263172	0.263143	0.276112	0.284680	0.302705	0.297491	0.305608	0.305080	0.309645	0.298449	0.304676	0.310623	0.278135	0.287187	0.256674	0.265644	0.276134	0.268449	0.266507	0.284968	0.268313	0.254024	0.299043	0.282594	0.299326	0.273655	0.274003	0.285199	0.299670	0.278330	0.277565	0.285045	0.266604	0.286524	0.288901	0.282024	0.271087	0.283052	0.279799	0.259437	0.269812	0.258464	0.263419	0.287879	0.263066	0.261801	0.290293	0.257943	0.262572	0.266530	0.260997	0.265372	0.269477	0.281395	0.260495	0.279444	0.253667	0.270365	0.264337	0.267991	0.261870	0.258208	0.267227	0.254291	0.161743	
0.284848	0.304550	0.267825	0.278970	0.256552	0.283713	0.277152	0.272103	0.276293	0.268316	0.260750	0.000000	0.270421	0.275998	0.265537	0.302854	0.296804	0.315401	0.280195	0.277635	0.308399	0.276461	0.260297	0.256082	0.315355	0.269192	0.272297	0.275559	0.279478	0.272767	0.269148	0.272898	0.280088	0.275786	0.281209	0.269148	0.277588	0.270976	0.259897	0.266466	0.263576	0.252591	0.267593	0.283441	0.302654	0.303376	0.310329	0.315583	0.309524	0.316926	0.301299	0.320886	0.325984	0.284444	0.287495	0.263450	0.262505	0.276367	0.279040	0.256936	0.286330	0.273746	0.270750	0.311362	0.293074	0.312038	0.282995	0.283538	0.296821	0.325355	0.293712	0.275446	0.287356	0.248388	0.284373	0.281908	0.281533	0.284155	0.295337	0.284165	0.267159	0.259991	0.268593	0.281571	0.292068	0.262864	0.261727	0.286026	0.267669	0.275991	0.263722	0.254211	0.275000	0.262252	0.293173	0.239506	0.295756	0.230135	0.278342	0.277139	0.262548	0.266094	0.284091	0.271172	0.264485	0.259379	
0.274545	0.297440	0.253730	0.302270	0.257946	0.278990	0.280372	0.252796	0.254606	0.267412	0.253623	0.270421	0.000000	0.255598	0.251561	0.291512	0.288797	0.295642	0.280954	0.261675	0.297153	0.268159	0.269692	0.257515	0.287679	0.273698	0.262781	0.259571	0.271641	0.256018	0.251316	0.268985	0.270651	0.269567	0.277114	0.263052	0.261148	0.251465	0.262848	0.259074	0.252523	0.258429	0.262401	0.276054	0.277544	0.301281	0.300244	0.301125	0.305580	0.307239	0.293986	0.295764	0.302219	0.275634	0.274625	0.256081	0.260097	0.266475	0.257750	0.261124	0.280713	0.259664	0.257410	0.299041	0.275039	0.292572	0.266550	0.272159	0.274197	0.294212	0.282097	0.260188	0.277359	0.257490	0.272356	0.274728	0.275835	0.253687	0.280152	0.275576	0.266352	0.263349	0.255262	0.259215	0.289815	0.250418	0.259816	0.286407	0.254922	0.254492	0.278696	0.287930	0.258272	0.264287	0.262260	0.257825	0.278055	0.261396	0.266992	0.261135	0.263813	0.254046	0.253128	0.261660	0.255466	0.264323	
0.278225	0.299779	0.254042	0.302801	0.264612	0.276789	0.285857	0.258885	0.263851	0.260856	0.275984	0.275998	0.255598	0.000000	0.246540	0.303346	0.299266	0.299946	0.288092	0.265425	0.305391	0.269964	0.259094	0.251880	0.300475	0.278053	0.258810	0.256333	0.270021	0.266371	0.267519	0.282355	0.277638	0.274439	0.275587	0.274384	0.264034	0.251544	0.258974	0.264805	0.259434	0.261047	0.263408	0.276898	0.284250	0.307545	0.302607	0.300846	0.310561	0.307172	0.302619	0.306161	0.303523	0.268940	0.278040	0.265188	0.258787	0.278982	0.260291	0.253958	0.287446	0.261935	0.256165	0.300244	0.276503	0.307651	0.277348	0.274607	0.286733	0.303282	0.289882	0.266168	0.281225	0.264678	0.285639	0.283363	0.285154	0.263735	0.290349	0.285383	0.268497	0.259124	0.254952	0.266695	0.284387	0.256737	0.260789	0.283044	0.253603	0.264282	0.265015	0.282209	0.268457	0.278782	0.269417	0.240000	0.283846	0.263097	0.281061	0.263554	0.266279	0.261812	0.267241	0.261714	0.262134	0.284597	
0.268013	0.296344	0.240456	0.297181	0.253504	0.270287	0.270978	0.247840	0.255255	0.263956	0.272195	0.265537	0.251561	0.246540	0.000000	0.289972	0.290770	0.291154	0.272188	0.259535	0.303670	0.265547	0.271715	0.248219	0.289576	0.262504	0.258333	0.258667	0.276240	0.248626	0.241639	0.265040	0.281655	0.264185	0.273741	0.254344	0.264173	0.255401	0.251198	0.251345	0.263415	0.250449	0.265977	0.266168	0.277446	0.290508	0.283313	0.304150	0.312417	0.302493	0.289458	0.306190	0.307761	0.260736	0.266468	0.255344	0.248067	0.260649	0.252816	0.253638	0.271050	0.262422	0.257170	0.285029	0.278413	0.291542	0.266962	0.255896	0.267639	0.297944	0.271207	0.261576	0.266010	0.259567	0.278636	0.269265	0.272646	0.253767	0.272236	0.276256	0.264817	0.255017	0.259424	0.270370	0.270896	0.251870	0.264091	0.273676	0.256189	0.263211	0.269193	0.268956	0.258373	0.266134	0.238462	0.252358	0.267780	0.261224	0.249221	0.263443	0.258363	0.246502	0.254611	0.246154	0.251060	0.289517	
0.301392	0.239367	0.293718	0.251605	0.292981	0.306195	0.301995	0.301190	0.303819	0.301269	0.289278	0.302854	0.291512	0.303346	0.289972	0.000000	0.247602	0.242191	0.309431	0.295349	0.246776	0.306382	0.290311	0.291557	0.234410	0.300349	0.298907	0.297895	0.308306	0.293103	0.297781	0.307414	0.307661	0.305027	0.308714	0.302204	0.300119	0.297875	0.302604	0.294570	0.291053	0.292279	0.303013	0.305537	0.307234	0.245588	0.245210	0.250100	0.242311	0.248412	0.236716	0.235013	0.245318	0.296444	0.309079	0.294972	0.301621	0.307215	0.298044	0.298523	0.307143	0.287149	0.295360	0.243712	0.304036	0.238285	0.300905	0.298048	0.313194	0.230977	0.310884	0.301710	0.302228	0.301730	0.300313	0.305979	0.299734	0.298402	0.298412	0.301058	0.297361	0.294811	0.285222	0.296218	0.268574	0.299907	0.298679	0.307009	0.293966	0.300935	0.296125	0.306767	0.298383	0.304596	0.275779	0.285117	0.302980	0.297108	0.293923	0.300165	0.296394	0.299761	0.302010	0.298045	0.297237	0.287118	
0.294227	0.245078	0.293848	0.254380	0.288879	0.300512	0.297039	0.286078	0.292018	0.299950	0.288346	0.296804	0.288797	0.299266	0.290770	0.247602	0.000000	0.247972	0.304845	0.295477	0.246189	0.295875	0.300306	0.286905	0.250107	0.306784	0.291790	0.295722	0.297001	0.293281	0.293840	0.297440	0.299308	0.288693	0.297136	0.291099	0.295063	0.286684	0.291489	0.287898	0.291010	0.282407	0.297034	0.290938	0.295787	0.243062	0.253131	0.247959	0.241044	0.246346	0.236775	0.246624	0.249431	0.288977	0.300553	0.288198	0.295015	0.300170	0.296291	0.287308	0.290976	0.285351	0.288246	0.240233	0.292725	0.247832	0.294638	0.291024	0.301884	0.240180	0.298340	0.290037	0.294936	0.293644	0.302737	0.298467	0.295753	0.288189	0.295555	0.299296	0.288677	0.285926	0.288574	0.292521	0.268526	0.290047	0.295404	0.310084	0.285714	0.293072	0.293308	0.284825	0.289869	0.305386	0.293103	0.272156	0.296089	0.292555	0.283048	0.280439	0.300640	0.291631	0.299085	0.298338	0.276257	0.287432	
0.299729	0.244206	0.296800	0.247137	0.298231	0.308002	0.304621	0.292531	0.296492	0.306084	0.298477	0.315401	0.295642	0.299946	0.291154	0.242191	0.247972	0.000000	0.306216	0.295023	0.239304	0.303743	0.285900	0.299333	0.240822	0.304161	0.299282	0.294279	0.306024	0.295718	0.294761	0.303654	0.304050	0.299641	0.314047	0.305289	0.291458	0.288718	0.296471	0.295978	0.296960	0.292983	0.302158	0.295467	0.306569	0.238851	0.253646	0.252879	0.246572	0.246987	0.229743	0.240013	0.248154	0.298121	0.311697	0.297853	0.299900	0.306484	0.301437	0.294967	0.301727	0.298190	0.291334	0.248713	0.301584	0.246617	0.304463	0.303863	0.312326	0.239180	0.310495	0.301032	0.305162	0.301358	0.301279	0.303142	0.302185	0.293385	0.308463	0.306623	0.296481	0.289969	0.280156	0.292930	0.267247	0.297352	0.295029	0.316553	0.289233	0.298434	0.299843	0.308367	0.296267	0.302472	0.300866	0.286702	0.304216	0.306560	0.296525	0.296436	0.294559	0.299665	0.298564	0.293782	0.297318	0.298993	
0.243119	0.309216	0.279725	0.301640	0.278665	0.247745	0.252197	0.275158	0.275541	0.286810	0.277529	0.280195	0.280954	0.288092	0.272188	0.309431	0.304845	0.306216	0.000000	0.284830	0.311159	0.279255	0.277145	0.282254	0.303723	0.284433	0.291537	0.279995	0.284303	0.275514	0.279976	0.293208	0.280985	0.278788	0.286383	0.280977	0.285548	0.272823	0.278715	0.280014	0.279652	0.269626	0.280914	0.248828	0.243316	0.311419	0.310408	0.310463	0.312242	0.316653	0.307665	0.307249	0.316600	0.251766	0.283593	0.277571	0.279846	0.280696	0.282347	0.280726	0.254607	0.284246	0.276234	0.310450	0.252818	0.310843	0.267878	0.258960	0.250524	0.309246	0.240645	0.278046	0.246540	0.288596	0.260380	0.252778	0.252489	0.281545	0.249323	0.249763	0.280535	0.273944	0.272702	0.283400	0.291855	0.275591	0.273684	0.267147	0.282970	0.284011	0.292072	0.233983	0.292495	0.253372	0.314410	0.258188	0.251128	0.284726	0.280229	0.276159	0.286217	0.278363	0.274768	0.277929	0.272691	0.295503	
0.270319	0.296925	0.252938	0.297923	0.257115	0.276610	0.282675	0.253705	0.255588	0.264369	0.256500	0.277635	0.261675	0.265425	0.259535	0.295349	0.295477	0.295023	0.284830	0.000000	0.300204	0.265212	0.256046	0.257096	0.288904	0.272776	0.265901	0.263002	0.274974	0.255130	0.258932	0.271134	0.273868	0.274390	0.272541	0.270458	0.262897	0.248398	0.257343	0.263864	0.255251	0.261785	0.264089	0.282174	0.282676	0.296566	0.293796	0.300011	0.302429	0.304324	0.293225	0.295632	0.305258	0.271611	0.273877	0.248923	0.253889	0.272084	0.256336	0.254441	0.283326	0.254317	0.259384	0.296569	0.273843	0.295839	0.271252	0.271840	0.279265	0.294970	0.282797	0.249441	0.284052	0.258011	0.277311	0.278747	0.278198	0.258503	0.282200	0.283359	0.262446	0.252014	0.257785	0.271844	0.277587	0.255122	0.254554	0.286798	0.259390	0.263368	0.260695	0.301619	0.258476	0.276775	0.237687	0.269942	0.288185	0.257421	0.271355	0.269111	0.255610	0.258118	0.259706	0.257109	0.249904	0.265529	
0.302534	0.246154	0.297574	0.245019	0.299625	0.304800	0.306593	0.305027	0.298652	0.304383	0.299331	0.308399	0.297153	0.305391	0.303670	0.246776	0.246189	0.239304	0.311159	0.300204	0.000000	0.303027	0.294311	0.297538	0.240857	0.310072	0.301700	0.306236	0.303989	0.298252	0.296707	0.315151	0.312212	0.307502	0.308006	0.300298	0.301376	0.296949	0.306984	0.303470	0.301338	0.298947	0.306743	0.298317	0.300849	0.238613	0.240692	0.248567	0.242245	0.246429	0.242745	0.239009	0.245480	0.296200	0.313365	0.294350	0.301940	0.301605	0.299966	0.298816	0.303260	0.305219	0.300440	0.251080	0.300353	0.243526	0.295087	0.294362	0.306552	0.238974	0.314769	0.304018	0.303554	0.298723	0.307479	0.307465	0.304333	0.296108	0.307130	0.307242	0.303616	0.293354	0.288590	0.297248	0.274433	0.295820	0.300942	0.313494	0.300822	0.302785	0.312994	0.330163	0.303006	0.304076	0.306522	0.272678	0.300829	0.298617	0.299114	0.297706	0.296889	0.306664	0.302279	0.300868	0.295942	0.298869	
0.274100	0.302857	0.269576	0.298213	0.268776	0.277903	0.271924	0.267214	0.261431	0.271376	0.272029	0.276461	0.268159	0.269964	0.265547	0.306382	0.295875	0.303743	0.279255	0.265212	0.303027	0.000000	0.273802	0.160061	0.303502	0.278723	0.272442	0.261036	0.273570	0.265306	0.266475	0.287032	0.283109	0.271507	0.278578	0.271710	0.273501	0.254619	0.266857	0.270902	0.263307	0.262767	0.268767	0.273337	0.283273	0.306351	0.307719	0.306504	0.313953	0.309417	0.300309	0.306413	0.311922	0.267209	0.278881	0.263003	0.268005	0.272130	0.269374	0.267074	0.275643	0.268247	0.260348	0.303735	0.264505	0.304798	0.216779	0.207236	0.241360	0.301568	0.269332	0.275329	0.266090	0.269996	0.264693	0.271998	0.274728	0.261074	0.275965	0.278979	0.265387	0.271047	0.271003	0.274806	0.287258	0.259777	0.255147	0.276555	0.269890	0.270885	0.268470	0.275199	0.265694	0.273929	0.262055	0.268991	0.268732	0.266717	0.269390	0.265155	0.270859	0.265483	0.278418	0.266309	0.259898	0.275676	
0.265926	0.300873	0.259654	0.293763	0.256499	0.278699	0.279085	0.251046	0.263893	0.252269	0.253565	0.260297	0.269692	0.259094	0.271715	0.290311	0.300306	0.285900	0.277145	0.256046	0.294311	0.273802	0.000000	0.255388	0.299869	0.280167	0.277634	0.252972	0.273006	0.263193	0.258054	0.272441	0.279720	0.264755	0.277594	0.273588	0.263496	0.249839	0.263260	0.274903	0.259161	0.262067	0.263889	0.278567	0.278011	0.298620	0.299530	0.308020	0.311873	0.308493	0.299090	0.300911	0.316748	0.266955	0.264439	0.263902	0.257391	0.271181	0.261023	0.251688	0.275274	0.258701	0.246594	0.302439	0.279883	0.309067	0.271132	0.275455	0.290939	0.287894	0.279922	0.257663	0.276612	0.261444	0.272677	0.285622	0.284833	0.265656	0.287810	0.288268	0.254260	0.252243	0.260525	0.265567	0.273635	0.252261	0.254588	0.275021	0.251190	0.254717	0.271866	0.268226	0.260771	0.270406	0.280303	0.262189	0.270449	0.258964	0.248357	0.249318	0.255821	0.265247	0.256165	0.262533	0.245917	0.269211	
0.273582	0.294161	0.255277	0.298729	0.257511	0.280496	0.282265	0.256667	0.243769	0.250597	0.260806	0.256082	0.257515	0.251880	0.248219	0.291557	0.286905	0.299333	0.282254	0.257096	0.297538	0.160061	0.255388	0.000000	0.292612	0.272135	0.252465	0.253477	0.268401	0.258636	0.255129	0.274650	0.272853	0.263918	0.270595	0.269218	0.264367	0.246696	0.260691	0.259173	0.249914	0.246011	0.254842	0.276252	0.282246	0.299922	0.303975	0.303383	0.308429	0.302624	0.294876	0.299013	0.304686	0.270545	0.270688	0.257071	0.257990	0.268328	0.259316	0.261533	0.276908	0.254271	0.252003	0.289266	0.275172	0.300887	0.230047	0.218620	0.277998	0.295728	0.280766	0.257966	0.265095	0.259439	0.275107	0.281748	0.282137	0.258590	0.278360	0.282536	0.255451	0.260005	0.248075	0.263823	0.283673	0.251359	0.253062	0.280888	0.259308	0.259642	0.263018	0.276964	0.252459	0.277298	0.251572	0.255777	0.279602	0.254082	0.258532	0.256641	0.259300	0.256348	0.258628	0.255437	0.253440	0.267906	
0.296845	0.248982	0.291794	0.249333	0.293481	0.304338	0.295059	0.297267	0.294091	0.300000	0.295541	0.315355	0.287679	0.300475	0.289576	0.234410	0.250107	0.240822	0.303723	0.288904	0.240857	0.303502	0.299869	0.292612	0.000000	0.297221	0.295174	0.292301	0.300413	0.290667	0.287227	0.302484	0.301103	0.296558	0.299324	0.294436	0.295909	0.289230	0.298979	0.298236	0.287879	0.289824	0.292006	0.302117	0.299922	0.240329	0.234284	0.240036	0.230896	0.234959	0.238736	0.235551	0.243616	0.297537	0.308707	0.290850	0.289082	0.297837	0.292721	0.289017	0.302767	0.293728	0.293476	0.241796	0.297798	0.233259	0.298552	0.296034	0.307607	0.229581	0.304328	0.291756	0.303256	0.294642	0.302283	0.299104	0.294573	0.288703	0.302477	0.303743	0.296323	0.292015	0.288585	0.288138	0.272748	0.293359	0.287604	0.301334	0.292535	0.295001	0.295847	0.311575	0.295932	0.300618	0.311547	0.274489	0.298034	0.296766	0.298371	0.295591	0.289265	0.297255	0.299734	0.295873	0.295630	0.290545	
0.275704	0.299105	0.269916	0.305111	0.266647	0.275471	0.280476	0.261651	0.269381	0.264780	0.278341	0.269192	0.273698	0.278053	0.262504	0.300349	0.306784	0.304161	0.284433	0.272776	0.310072	0.278723	0.280167	0.272135	0.297221	0.000000	0.274844	0.276189	0.238746	0.268675	0.271994	0.269528	0.241734	0.244515	0.241281	0.241467	0.273246	0.271531	0.267790	0.275733	0.275649	0.263908	0.272181	0.274940	0.288735	0.305135	0.308899	0.310694	0.318691	0.314045	0.303356	0.308197	0.308971	0.273207	0.250566	0.267997	0.270424	0.241049	0.271529	0.271256	0.279280	0.278113	0.276694	0.304365	0.279113	0.309597	0.276759	0.276194	0.281229	0.306178	0.284340	0.277348	0.265336	0.275459	0.278780	0.273989	0.276508	0.267083	0.287865	0.285907	0.271598	0.285056	0.258335	0.280436	0.298942	0.271314	0.265445	0.297344	0.266493	0.272756	0.284546	0.270753	0.270353	0.276436	0.288095	0.260000	0.278762	0.255135	0.293873	0.266285	0.272642	0.275440	0.265944	0.272070	0.273763	0.279348	
0.283099	0.298598	0.267380	0.294935	0.268413	0.279814	0.281400	0.275109	0.249650	0.268954	0.277253	0.272297	0.262781	0.258810	0.258333	0.298907	0.291790	0.299282	0.291537	0.265901	0.301700	0.272442	0.277634	0.252465	0.295174	0.274844	0.000000	0.271210	0.268308	0.269317	0.271709	0.278101	0.278942	0.273564	0.278645	0.275226	0.265205	0.268972	0.268559	0.268781	0.266517	0.266015	0.266132	0.280716	0.293733	0.296728	0.302062	0.306426	0.312294	0.304253	0.302200	0.303767	0.305727	0.272802	0.284267	0.263408	0.272979	0.277536	0.262772	0.265733	0.284411	0.272233	0.265628	0.290978	0.282174	0.301789	0.276045	0.276471	0.284864	0.287783	0.291509	0.258471	0.284223	0.259905	0.280768	0.280548	0.292761	0.266667	0.288054	0.280705	0.267947	0.267396	0.266438	0.265126	0.287567	0.262959	0.273932	0.289258	0.265535	0.274423	0.272594	0.264392	0.266099	0.278619	0.239482	0.269544	0.296540	0.257025	0.280793	0.265108	0.270431	0.265848	0.267742	0.266765	0.267253	0.271007	
0.271577	0.298404	0.253753	0.300082	0.258881	0.279396	0.284718	0.262847	0.256777	0.263136	0.267142	0.275559	0.259571	0.256333	0.258667	0.297895	0.295722	0.294279	0.279995	0.263002	0.306236	0.261036	0.252972	0.253477	0.292301	0.276189	0.271210	0.000000	0.276555	0.259734	0.258415	0.270921	0.274935	0.271454	0.272019	0.270236	0.265228	0.251132	0.253731	0.263044	0.261222	0.258397	0.260453	0.279563	0.279569	0.296722	0.298110	0.308471	0.309810	0.310074	0.296605	0.302007	0.297087	0.271639	0.277778	0.255122	0.258510	0.271315	0.260002	0.258480	0.277564	0.259513	0.262121	0.301346	0.272093	0.301243	0.267004	0.266517	0.275232	0.295067	0.271393	0.262823	0.274595	0.261347	0.276788	0.278707	0.279038	0.256761	0.283474	0.283186	0.267519	0.262762	0.264254	0.267419	0.288925	0.255132	0.260216	0.286185	0.262652	0.251192	0.268271	0.257318	0.258149	0.276982	0.258696	0.245652	0.280399	0.255869	0.263594	0.260634	0.262301	0.260751	0.271685	0.256711	0.255512	0.274936	
0.269787	0.309025	0.271344	0.304312	0.264165	0.276713	0.275093	0.267377	0.269131	0.275635	0.279796	0.279478	0.271641	0.270021	0.276240	0.308306	0.297001	0.306024	0.284303	0.274974	0.303989	0.273570	0.273006	0.268401	0.300413	0.238746	0.268308	0.276555	0.000000	0.271611	0.274619	0.265490	0.245943	0.240716	0.252986	0.246815	0.277131	0.265702	0.272546	0.276020	0.270768	0.267990	0.274663	0.275640	0.280215	0.298077	0.300418	0.314540	0.318001	0.314826	0.301237	0.302684	0.314208	0.274546	0.242956	0.268059	0.268818	0.244130	0.269073	0.269473	0.284996	0.268278	0.270467	0.305059	0.276455	0.302809	0.277353	0.274328	0.281823	0.300216	0.285966	0.271063	0.289266	0.271899	0.277699	0.277602	0.277836	0.267439	0.281434	0.285850	0.274298	0.265429	0.262952	0.277764	0.290802	0.272695	0.274566	0.279671	0.273831	0.274142	0.283230	0.267744	0.268730	0.274752	0.265909	0.262195	0.279036	0.265708	0.281599	0.265313	0.270315	0.273376	0.281770	0.277944	0.281999	0.278685	
0.276387	0.297491	0.250866	0.291270	0.259436	0.279624	0.278460	0.259861	0.257090	0.262362	0.257838	0.272767	0.256018	0.266371	0.248626	0.293103	0.293281	0.295718	0.275514	0.255130	0.298252	0.265306	0.263193	0.258636	0.290667	0.268675	0.269317	0.259734	0.271611	0.000000	0.254805	0.270009	0.270305	0.269939	0.277563	0.273659	0.264966	0.262949	0.257110	0.261449	0.254303	0.252559	0.264246	0.273527	0.278183	0.299112	0.296875	0.304850	0.307782	0.307358	0.296857	0.294145	0.306882	0.268131	0.273038	0.258717	0.258116	0.267751	0.258054	0.254479	0.276090	0.264557	0.255205	0.299095	0.268966	0.300435	0.273189	0.265674	0.281599	0.295684	0.285127	0.259568	0.277482	0.263720	0.269142	0.277790	0.278248	0.250175	0.278704	0.277451	0.263692	0.260531	0.256617	0.268637	0.272981	0.254577	0.254740	0.286210	0.259226	0.258237	0.277187	0.259285	0.257980	0.273986	0.263499	0.256355	0.279971	0.263378	0.263330	0.269188	0.270391	0.259247	0.270252	0.261481	0.258824	0.274084	
0.273716	0.291011	0.251437	0.296316	0.255676	0.279945	0.284290	0.262682	0.259422	0.256702	0.262944	0.269148	0.251316	0.267519	0.241639	0.297781	0.293840	0.294761	0.279976	0.258932	0.296707	0.266475	0.258054	0.255129	0.287227	0.271994	0.271709	0.258415	0.274619	0.254805	0.000000	0.277291	0.275445	0.271271	0.278435	0.268643	0.261523	0.250000	0.258735	0.260578	0.257007	0.254492	0.264595	0.280323	0.275310	0.299240	0.298264	0.304145	0.304953	0.306578	0.297039	0.300438	0.299550	0.272068	0.274642	0.258532	0.257637	0.272859	0.260447	0.252981	0.279790	0.258715	0.252352	0.292801	0.275831	0.296908	0.271055	0.274560	0.288636	0.295794	0.283070	0.263627	0.272062	0.256974	0.273518	0.285458	0.278908	0.260222	0.278826	0.280322	0.260513	0.257045	0.251611	0.261369	0.278828	0.253429	0.254715	0.285388	0.252590	0.259925	0.268013	0.292005	0.253778	0.269942	0.274298	0.264925	0.275539	0.260937	0.261378	0.259516	0.262874	0.258551	0.256796	0.256135	0.256539	0.269965	
0.280274	0.305979	0.274146	0.310827	0.268481	0.287087	0.283327	0.270788	0.272505	0.278088	0.279275	0.272898	0.268985	0.282355	0.265040	0.307414	0.297440	0.303654	0.293208	0.271134	0.315151	0.287032	0.272441	0.274650	0.302484	0.269528	0.278101	0.270921	0.265490	0.270009	0.277291	0.000000	0.263617	0.260061	0.268280	0.260550	0.274739	0.271754	0.280128	0.274971	0.273241	0.271051	0.277074	0.281759	0.291613	0.306408	0.304777	0.307583	0.311428	0.308776	0.302418	0.305566	0.320514	0.280176	0.268906	0.278812	0.271525	0.261568	0.275128	0.285260	0.288198	0.270044	0.272861	0.307811	0.280961	0.306665	0.287449	0.288007	0.293178	0.302310	0.280497	0.275922	0.287996	0.272079	0.291369	0.288750	0.285897	0.279300	0.295876	0.291370	0.280519	0.271630	0.267914	0.271925	0.288752	0.265855	0.275105	0.291507	0.273726	0.279059	0.282740	0.275585	0.273483	0.283076	0.298441	0.287370	0.288131	0.256844	0.287757	0.278588	0.274926	0.282886	0.277006	0.268514	0.272413	0.283308	
0.278095	0.319685	0.275420	0.312226	0.266844	0.283213	0.283558	0.273564	0.269392	0.268534	0.279391	0.280088	0.270651	0.277638	0.281655	0.307661	0.299308	0.304050	0.280985	0.273868	0.312212	0.283109	0.279720	0.272853	0.301103	0.241734	0.278942	0.274935	0.245943	0.270305	0.275445	0.263617	0.000000	0.246608	0.246433	0.246626	0.273478	0.271264	0.275344	0.270716	0.272565	0.263758	0.279408	0.280600	0.287804	0.305449	0.306051	0.313316	0.319713	0.318675	0.302077	0.310524	0.315302	0.278899	0.243703	0.268449	0.266713	0.250948	0.277746	0.273635	0.282624	0.276749	0.264610	0.307639	0.278100	0.307114	0.283271	0.279006	0.291384	0.307392	0.282962	0.276026	0.282320	0.271818	0.274831	0.283191	0.279075	0.270799	0.286494	0.284581	0.278049	0.271913	0.270747	0.280531	0.292517	0.272990	0.274926	0.283022	0.268985	0.268424	0.285681	0.262318	0.271124	0.275711	0.257709	0.275354	0.285216	0.262256	0.285619	0.268348	0.274397	0.273283	0.279638	0.271914	0.280461	0.285882	
0.273955	0.300089	0.267913	0.293731	0.264791	0.275772	0.275413	0.266161	0.270715	0.273290	0.277523	0.275786	0.269567	0.274439	0.264185	0.305027	0.288693	0.299641	0.278788	0.274390	0.307502	0.271507	0.264755	0.263918	0.296558	0.244515	0.273564	0.271454	0.240716	0.269939	0.271271	0.260061	0.246608	0.000000	0.243879	0.238200	0.271272	0.264244	0.270061	0.268554	0.266888	0.256366	0.271382	0.268057	0.280018	0.304464	0.305904	0.303938	0.308565	0.304909	0.297003	0.303408	0.311358	0.270072	0.240583	0.270360	0.270437	0.240564	0.268113	0.268460	0.278071	0.276030	0.267616	0.299699	0.273768	0.305472	0.277417	0.276317	0.278466	0.300909	0.276882	0.270765	0.273526	0.267263	0.268247	0.274401	0.276125	0.267316	0.278822	0.273436	0.274036	0.271465	0.265949	0.280846	0.287324	0.271320	0.273585	0.286596	0.269832	0.267439	0.290226	0.279086	0.269770	0.268741	0.241304	0.259761	0.270948	0.267423	0.280532	0.267022	0.271114	0.274433	0.281321	0.273083	0.266720	0.279944	
0.278834	0.299673	0.276520	0.310261	0.276181	0.282957	0.280010	0.272913	0.272238	0.276581	0.282767	0.281209	0.277114	0.275587	0.273741	0.308714	0.297136	0.314047	0.286383	0.272541	0.308006	0.278578	0.277594	0.270595	0.299324	0.241281	0.278645	0.272019	0.252986	0.277563	0.278435	0.268280	0.246433	0.243879	0.000000	0.242320	0.277036	0.265366	0.275445	0.276608	0.274203	0.269761	0.278417	0.280784	0.282124	0.308632	0.308205	0.316719	0.320129	0.319370	0.301077	0.309497	0.313423	0.279991	0.247214	0.277841	0.279488	0.242878	0.276042	0.273788	0.285098	0.282737	0.273478	0.307077	0.275870	0.307824	0.284283	0.281004	0.279046	0.311703	0.284200	0.278635	0.282974	0.273747	0.270795	0.280438	0.278323	0.274343	0.283387	0.283854	0.281246	0.269032	0.266912	0.280180	0.298821	0.273580	0.278512	0.283413	0.270307	0.271450	0.287390	0.293115	0.276227	0.267137	0.239035	0.263528	0.276461	0.269191	0.281941	0.272277	0.268020	0.282057	0.279310	0.278512	0.279669	0.275611	
0.276367	0.303813	0.260230	0.301318	0.267453	0.274675	0.275113	0.267129	0.264132	0.265046	0.279208	0.269148	0.263052	0.274384	0.254344	0.302204	0.291099	0.305289	0.280977	0.270458	0.300298	0.271710	0.273588	0.269218	0.294436	0.241467	0.275226	0.270236	0.246815	0.273659	0.268643	0.260550	0.246626	0.238200	0.242320	0.000000	0.269355	0.260243	0.261803	0.266435	0.260633	0.265015	0.269554	0.271105	0.275758	0.303199	0.299847	0.308950	0.311990	0.313869	0.302784	0.300495	0.308221	0.266534	0.244604	0.268110	0.264096	0.243494	0.271020	0.262184	0.275187	0.273667	0.264080	0.306731	0.274806	0.303047	0.276688	0.274842	0.277958	0.299781	0.273400	0.275122	0.273555	0.262582	0.269845	0.275297	0.279321	0.264857	0.274155	0.277671	0.272716	0.273274	0.262273	0.273195	0.289154	0.263312	0.269346	0.282988	0.269515	0.273167	0.280009	0.281824	0.274582	0.271510	0.258134	0.249069	0.275123	0.260207	0.289027	0.273042	0.269736	0.268899	0.270492	0.264695	0.271916	0.284461	
0.277071	0.298044	0.261268	0.305982	0.255955	0.282258	0.284644	0.260214	0.261667	0.255029	0.269031	0.277588	0.261148	0.264034	0.264173	0.300119	0.295063	0.291458	0.285548	0.262897	0.301376	0.273501	0.263496	0.264367	0.295909	0.273246	0.265205	0.265228	0.277131	0.264966	0.261523	0.274739	0.273478	0.271272	0.277036	0.269355	0.000000	0.249808	0.259153	0.258331	0.261133	0.256853	0.262232	0.278484	0.282424	0.303799	0.304076	0.309327	0.314670	0.314352	0.296037	0.302184	0.302073	0.277317	0.279678	0.255001	0.263834	0.267466	0.264971	0.262488	0.291189	0.270517	0.260875	0.300344	0.279356	0.304839	0.274334	0.276475	0.284126	0.298094	0.277348	0.258895	0.279380	0.254068	0.278104	0.286330	0.278946	0.260379	0.287225	0.284135	0.265105	0.256333	0.259907	0.274926	0.287429	0.260662	0.260061	0.293012	0.257443	0.267249	0.270049	0.278634	0.263651	0.277292	0.243070	0.269009	0.280882	0.274764	0.259331	0.274111	0.261913	0.264307	0.274596	0.263825	0.259189	0.275925	
0.262904	0.291034	0.257458	0.295256	0.259574	0.268215	0.262948	0.257502	0.247326	0.255042	0.261822	0.270976	0.251465	0.251544	0.255401	0.297875	0.286684	0.288718	0.272823	0.248398	0.296949	0.254619	0.249839	0.246696	0.289230	0.271531	0.268972	0.251132	0.265702	0.262949	0.250000	0.271754	0.271264	0.264244	0.265366	0.260243	0.249808	0.000000	0.254324	0.258154	0.244450	0.243186	0.256132	0.267044	0.270208	0.300593	0.294131	0.302174	0.305405	0.300599	0.289526	0.298234	0.295157	0.260106	0.272154	0.255840	0.254539	0.265880	0.259022	0.244114	0.271323	0.249971	0.247909	0.293249	0.264991	0.295351	0.258777	0.265632	0.266792	0.293429	0.268379	0.255836	0.267577	0.251736	0.261144	0.271237	0.276046	0.242770	0.273771	0.272127	0.259411	0.260824	0.243103	0.260638	0.271964	0.247029	0.252122	0.276428	0.242571	0.256862	0.262622	0.277704	0.248396	0.263152	0.277778	0.239726	0.266813	0.249809	0.256987	0.249107	0.251495	0.249255	0.251969	0.245381	0.255254	0.270111	
0.271868	0.298334	0.258200	0.301579	0.260353	0.278878	0.274926	0.256692	0.255465	0.257200	0.266971	0.259897	0.262848	0.258974	0.251198	0.302604	0.291489	0.296471	0.278715	0.257343	0.306984	0.266857	0.263260	0.260691	0.298979	0.267790	0.268559	0.253731	0.272546	0.257110	0.258735	0.280128	0.275344	0.270061	0.275445	0.261803	0.259153	0.254324	0.000000	0.264224	0.252099	0.266173	0.264005	0.271066	0.275628	0.304989	0.300152	0.307397	0.307009	0.308507	0.295065	0.300659	0.302830	0.263947	0.275724	0.254685	0.259907	0.267096	0.261907	0.257886	0.278987	0.260009	0.264864	0.295485	0.269515	0.300692	0.270327	0.268258	0.276218	0.298009	0.279777	0.257783	0.274774	0.260146	0.273823	0.280526	0.275689	0.256340	0.283436	0.273137	0.260038	0.248272	0.256547	0.265699	0.285096	0.260257	0.257896	0.276734	0.257542	0.266506	0.265461	0.257870	0.260149	0.272167	0.292994	0.250395	0.271458	0.261954	0.275081	0.257474	0.261844	0.259090	0.257496	0.259706	0.260511	0.273578	
0.273442	0.295385	0.257532	0.291400	0.262027	0.268479	0.281746	0.259801	0.258746	0.263711	0.260024	0.266466	0.259074	0.264805	0.251345	0.294570	0.287898	0.295978	0.280014	0.263864	0.303470	0.270902	0.274903	0.259173	0.298236	0.275733	0.268781	0.263044	0.276020	0.261449	0.260578	0.274971	0.270716	0.268554	0.276608	0.266435	0.258331	0.258154	0.264224	0.000000	0.257231	0.255965	0.263244	0.270048	0.276164	0.300730	0.300396	0.303160	0.306719	0.305126	0.292253	0.300991	0.299298	0.270264	0.272162	0.259255	0.268330	0.264468	0.266467	0.253311	0.273715	0.267866	0.261625	0.293153	0.269896	0.298986	0.267069	0.268539	0.270815	0.292803	0.277080	0.262440	0.273823	0.265259	0.275290	0.272960	0.273324	0.255022	0.277796	0.277765	0.266101	0.262088	0.262828	0.268866	0.285225	0.257662	0.257400	0.283363	0.257378	0.259550	0.285397	0.261601	0.259231	0.273713	0.255864	0.256478	0.277107	0.265777	0.268301	0.255349	0.266341	0.266009	0.263816	0.257558	0.257978	0.278120	
0.266217	0.293856	0.256259	0.291304	0.248303	0.277470	0.281740	0.261318	0.256093	0.254652	0.264031	0.263576	0.252523	0.259434	0.263415	0.291053	0.291010	0.296960	0.279652	0.255251	0.301338	0.263307	0.259161	0.249914	0.287879	0.275649	0.266517	0.261222	0.270768	0.254303	0.257007	0.273241	0.272565	0.266888	0.274203	0.260633	0.261133	0.244450	0.252099	0.257231	0.000000	0.254112	0.264674	0.271754	0.279064	0.297674	0.300782	0.298685	0.305912	0.305603	0.289935	0.297014	0.297300	0.268789	0.274231	0.257123	0.251170	0.273540	0.253465	0.255309	0.281429	0.264000	0.258328	0.291710	0.278098	0.297995	0.266864	0.268611	0.278382	0.295061	0.280708	0.256691	0.277786	0.253144	0.274152	0.284138	0.274528	0.256654	0.274063	0.277752	0.262389	0.250814	0.249829	0.263789	0.275193	0.246258	0.251281	0.289147	0.257484	0.254789	0.270430	0.277018	0.254994	0.270631	0.295011	0.246104	0.272793	0.250852	0.262670	0.270292	0.260835	0.253156	0.256358	0.255859	0.268072	0.274633	
