0.000000	0.128574	0.296989	0.276531	0.305641	0.274733	0.243427	0.246699	0.253394	0.253120	0.284701	0.284316	0.277769	0.278420	0.274534	0.285868	0.287052	0.281395	0.299109	0.292909	0.286427	0.285384	0.266343	0.296630	0.302792	0.300993	0.302983	0.251639	0.278516	0.273497	0.307560	0.302490	0.264634	0.259611	0.285324	0.268923	0.271834	0.297846	0.292892	0.285357	0.281966	0.281939	0.273782	0.279194	0.271500	0.279218	0.286818	0.291339	0.277442	0.271157	0.282319	0.284838	0.288386	0.287687	0.282083	0.283732	0.274634	0.273994	0.277261	0.272921	0.277298	0.277928	0.277559	0.273348	0.277734	0.284300	0.252282	0.247913	0.256759	0.254364	0.305694	0.314413	0.295139	0.303890	0.297577	0.301128	0.301381	0.312975	0.303303	0.303206	0.310618	0.305214	0.242063	0.278241	0.283440	0.278694	0.271792	0.277761	0.278734	0.279512	0.276142	0.281067	0.281755	0.282154	0.285406	0.251620	0.253037	0.279846	0.275259	0.302293	0.306191	0.253754	0.303120	0.305768	0.257887	0.252143	0.236521	0.242953	0.301004	0.240884	0.240748	0.275729	0.245361	0.282257	0.283049	0.241127	0.240267	0.249640	0.257222	0.245277	0.281771	0.253528	0.269663	0.246368	0.249149	0.275542	0.280539	0.270129	0.279432	0.285990	0.296843	0.276461	0.272512	0.276794	0.257825	0.281987	0.282482	0.272448	0.300000	0.251212	0.281192	0.280704	0.238430	0.247518	0.316062	0.271448	0.245122	0.238669	0.278413	0.282712	0.279418	0.287944	0.282112	0.278958	0.287161	0.280972	0.284239	0.271495	0.287021	0.306886	
0.128574	0.000000	0.302118	0.283935	0.316100	0.266563	0.242964	0.254241	0.247022	0.245576	0.278219	0.277518	0.270759	0.268075	0.264937	0.283153	0.284371	0.285297	0.286089	0.292137	0.288421	0.281805	0.273845	0.299526	0.302796	0.303005	0.306107	0.243966	0.272993	0.281262	0.315756	0.307495	0.269199	0.262132	0.260546	0.276228	0.273181	0.298846	0.285615	0.281775	0.274957	0.294018	0.270890	0.277646	0.271917	0.281125	0.281531	0.288846	0.275194	0.282600	0.280137	0.273278	0.278916	0.276926	0.280852	0.280788	0.274076	0.272632	0.276180	0.268229	0.279390	0.278043	0.275133	0.267283	0.270564	0.276999	0.248742	0.242083	0.254660	0.244146	0.310956	0.315659	0.292962	0.310511	0.300748	0.303575	0.308018	0.310019	0.304146	0.310045	0.310671	0.307010	0.239786	0.276280	0.276887	0.282137	0.268015	0.277616	0.275971	0.277708	0.276030	0.280134	0.277527	0.281400	0.286796	0.241170	0.252050	0.273003	0.278015	0.308354	0.311820	0.255809	0.301895	0.305165	0.259589	0.264663	0.241524	0.249299	0.300341	0.238921	0.238383	0.280009	0.243430	0.281413	0.282566	0.251997	0.248691	0.257058	0.249634	0.245049	0.282035	0.246587	0.277814	0.250211	0.256940	0.270838	0.276477	0.270392	0.278880	0.275795	0.302652	0.271716	0.284042	0.279004	0.248377	0.280030	0.282327	0.284310	0.284677	0.242304	0.278069	0.279323	0.251407	0.253446	0.259494	0.260156	0.214395	0.239070	0.269046	0.284775	0.271532	0.280779	0.283355	0.283470	0.280210	0.271837	0.280512	0.272028	0.293598	0.314158	
0.296989	0.302118	0.000000	0.290909	0.248142	0.289075	0.303630	0.297615	0.298345	0.295415	0.292265	0.297565	0.289309	0.297944	0.295344	0.293129	0.294271	0.293906	0.304348	0.298412	0.298217	0.291956	0.294118	0.236485	0.247734	0.238228	0.234611	0.302783	0.289318	0.289449	0.244901	0.255166	0.287338	0.288752	0.305839	0.281500	0.287884	0.243372	0.226849	0.299037	0.295626	0.293777	0.307747	0.311642	0.293307	0.290879	0.300218	0.312521	0.294415	0.298420	0.301601	0.308000	0.307851	0.300768	0.296212	0.297639	0.292504	0.297767	0.292707	0.278719	0.287138	0.289469	0.288532	0.293084	0.294879	0.297768	0.305865	0.298064	0.303238	0.302205	0.245686	0.247230	0.250629	0.239430	0.239371	0.248325	0.247306	0.241436	0.242618	0.245742	0.250246	0.250535	0.294029	0.306383	0.307260	0.300359	0.292526	0.297196	0.295268	0.298019	0.301854	0.291081	0.298658	0.285947	0.291470	0.297594	0.292902	0.278880	0.288264	0.248568	0.250934	0.302509	0.243558	0.245628	0.290118	0.290511	0.298720	0.295168	0.239549	0.304918	0.301764	0.287685	0.291937	0.283733	0.291981	0.293103	0.300460	0.295276	0.305387	0.279346	0.289322	0.301496	0.295699	0.303988	0.302054	0.291085	0.290323	0.283911	0.287301	0.288700	0.282609	0.294301	0.290020	0.292883	0.304310	0.297040	0.292931	0.280639	0.298874	0.312236	0.300049	0.298757	0.298762	0.302220	0.296496	0.282230	0.291188	0.299193	0.284245	0.287960	0.292854	0.296035	0.297728	0.294880	0.291522	0.275776	0.303925	0.289154	0.289164	0.248081	
0.276531	0.283935	0.290909	0.000000	0.296003	0.248033	0.281033	0.279391	0.275644	0.284080	0.260842	0.259495	0.251818	0.255062	0.257732	0.253610	0.264848	0.258875	0.272871	0.264831	0.259848	0.250451	0.252644	0.289228	0.297759	0.293477	0.296434	0.279707	0.252320	0.259590	0.294870	0.296554	0.262525	0.258075	0.254131	0.259677	0.254992	0.291055	0.282807	0.277102	0.266060	0.257479	0.279658	0.272965	0.251077	0.259593	0.272791	0.275879	0.263354	0.264924	0.278596	0.280975	0.267130	0.266968	0.262910	0.268414	0.263389	0.260653	0.258874	0.262340	0.251884	0.256040	0.255056	0.261811	0.257852	0.257134	0.280467	0.276807	0.278242	0.274564	0.298290	0.301976	0.291531	0.305371	0.297455	0.304409	0.304570	0.291437	0.293226	0.294521	0.304396	0.300270	0.273902	0.266352	0.268289	0.262828	0.248414	0.258696	0.258850	0.270453	0.273553	0.251414	0.260554	0.256033	0.252440	0.279484	0.278539	0.257917	0.258221	0.292837	0.295790	0.281930	0.297913	0.293470	0.273280	0.266376	0.264910	0.271048	0.288797	0.277052	0.280041	0.259520	0.277951	0.256595	0.256033	0.273693	0.279507	0.270469	0.289494	0.277052	0.252978	0.281695	0.273105	0.284348	0.290598	0.266390	0.256255	0.252546	0.257352	0.262943	0.276162	0.258283	0.247373	0.261490	0.288022	0.260164	0.262368	0.271075	0.268542	0.270225	0.256759	0.260192	0.275120	0.276054	0.264706	0.259933	0.279901	0.278938	0.265053	0.267447	0.257067	0.258186	0.262512	0.257377	0.253973	0.255884	0.261263	0.255517	0.268349	0.309612	
0.305641	0.316100	0.248142	0.296003	0.000000	0.289736	0.309641	0.306428	0.296363	0.312892	0.295946	0.306356	0.302073	0.325285	0.307286	0.315931	0.290068	0.309355	0.287413	0.313408	0.317148	0.301901	0.299492	0.252632	0.261179	0.255672	0.252267	0.308421	0.297793	0.289297	0.255814	0.265282	0.298962	0.293132	0.296325	0.305827	0.298276	0.245442	0.236381	0.312619	0.302313	0.309035	0.315198	0.316702	0.301027	0.299253	0.326696	0.311594	0.301659	0.297382	0.308722	0.316744	0.319617	0.322246	0.301855	0.305400	0.310287	0.314418	0.302239	0.300574	0.282631	0.308924	0.297094	0.288090	0.279661	0.298742	0.303626	0.302173	0.319228	0.303598	0.242867	0.246092	0.263923	0.248136	0.251735	0.248986	0.244779	0.248734	0.259959	0.264806	0.250084	0.252624	0.303986	0.315309	0.316899	0.300405	0.303741	0.299056	0.301426	0.316858	0.308518	0.294932	0.296502	0.300403	0.294662	0.309257	0.305293	0.292100	0.291652	0.249323	0.249905	0.305970	0.264119	0.260417	0.301306	0.301072	0.296447	0.295288	0.246080	0.302066	0.306689	0.311350	0.304854	0.301314	0.301593	0.284273	0.310357	0.309660	0.314595	0.296594	0.301458	0.291144	0.300620	0.311043	0.307095	0.301807	0.298535	0.284283	0.293743	0.289794	0.277745	0.306441	0.316224	0.300598	0.308423	0.293638	0.288446	0.294193	0.310680	0.274725	0.303226	0.314064	0.302228	0.301473	0.266055	0.274809	0.290795	0.289428	0.295426	0.292758	0.305757	0.303143	0.296372	0.301017	0.289414	0.307780	0.304835	0.288639	0.289004	0.252846	
0.274733	0.266563	0.289075	0.248033	0.289736	0.000000	0.276842	0.273738	0.267281	0.272259	0.253816	0.251545	0.260330	0.258465	0.257383	0.255769	0.256329	0.256952	0.257675	0.262052	0.260848	0.248425	0.251049	0.289435	0.289789	0.292771	0.290224	0.275262	0.255336	0.258203	0.289073	0.293333	0.252868	0.262351	0.250203	0.247933	0.248642	0.289680	0.283889	0.267267	0.262322	0.263418	0.269594	0.266874	0.250951	0.255361	0.265628	0.271232	0.259247	0.265180	0.270642	0.273470	0.265508	0.264813	0.252963	0.259690	0.258243	0.261254	0.253022	0.252190	0.255810	0.260960	0.253442	0.256821	0.264048	0.261314	0.272846	0.273165	0.271986	0.270718	0.291428	0.299259	0.288784	0.303105	0.298289	0.298452	0.298875	0.297991	0.297465	0.303120	0.303829	0.302200	0.264239	0.270982	0.269585	0.253615	0.246798	0.254259	0.259362	0.264040	0.271051	0.250366	0.249251	0.265025	0.253343	0.272683	0.272513	0.255312	0.254268	0.292707	0.290323	0.276943	0.300671	0.300768	0.270497	0.258674	0.266362	0.266148	0.291342	0.273365	0.277476	0.254776	0.271347	0.255606	0.258709	0.271437	0.277142	0.265058	0.269381	0.263982	0.260427	0.277560	0.272727	0.274106	0.271262	0.253441	0.259912	0.250418	0.248252	0.258746	0.289793	0.254575	0.267522	0.257993	0.274844	0.249850	0.259715	0.260296	0.277633	0.275920	0.254581	0.253583	0.263516	0.275555	0.269972	0.258645	0.281566	0.270139	0.254020	0.258520	0.260447	0.248330	0.261142	0.263390	0.251720	0.259327	0.251319	0.253751	0.267306	0.310798	
0.243427	0.242964	0.303630	0.281033	0.309641	0.276842	0.000000	0.121670	0.242028	0.248207	0.284271	0.284609	0.278792	0.284193	0.278907	0.278526	0.281571	0.282483	0.279133	0.287367	0.287058	0.276057	0.278781	0.302692	0.307872	0.305533	0.302302	0.244837	0.277170	0.275748	0.314519	0.313964	0.264617	0.260392	0.277011	0.273760	0.281355	0.302610	0.282334	0.272392	0.279810	0.287711	0.281826	0.291556	0.271363	0.284353	0.285152	0.284428	0.274079	0.282256	0.284254	0.283202	0.276939	0.270104	0.288622	0.287069	0.273121	0.273078	0.275773	0.274361	0.269755	0.271180	0.278479	0.276990	0.275806	0.282013	0.249277	0.245995	0.251084	0.246298	0.314138	0.316419	0.307578	0.314152	0.308720	0.314892	0.305433	0.310817	0.308672	0.307317	0.318417	0.315892	0.240902	0.280051	0.284093	0.287340	0.280110	0.277484	0.280690	0.283994	0.285862	0.275807	0.274758	0.286194	0.291494	0.244059	0.239250	0.278241	0.277236	0.308002	0.309664	0.247585	0.306985	0.309182	0.251990	0.254618	0.234111	0.239653	0.297064	0.244016	0.245345	0.276599	0.244890	0.282556	0.283718	0.230590	0.242952	0.249786	0.241485	0.238200	0.275437	0.250604	0.266947	0.249797	0.246579	0.268702	0.268462	0.267789	0.277666	0.279054	0.297834	0.279265	0.284517	0.277871	0.254453	0.273159	0.280780	0.284753	0.292391	0.223818	0.282949	0.287229	0.250611	0.252794	0.267030	0.278393	0.227500	0.235091	0.270669	0.289236	0.281100	0.277170	0.287854	0.286704	0.290414	0.275380	0.283650	0.268983	0.288565	0.318590	
0.246699	0.254241	0.297615	0.279391	0.306428	0.273738	0.121670	0.000000	0.244171	0.236581	0.284490	0.282609	0.278986	0.284561	0.281355	0.282605	0.285100	0.288138	0.287370	0.289347	0.287719	0.279033	0.267447	0.302740	0.303364	0.306393	0.295951	0.254448	0.281492	0.274091	0.310561	0.303399	0.267030	0.257274	0.285168	0.276239	0.276349	0.302895	0.291096	0.273282	0.287412	0.287402	0.283145	0.290218	0.277312	0.283224	0.285413	0.286164	0.272631	0.275575	0.287260	0.288809	0.278618	0.269175	0.288063	0.291610	0.267181	0.273964	0.278065	0.268015	0.279376	0.275403	0.277642	0.276112	0.274763	0.282397	0.252277	0.245158	0.251200	0.252384	0.314770	0.317237	0.302708	0.308978	0.305224	0.308882	0.302609	0.309922	0.306657	0.307438	0.312360	0.311679	0.244139	0.279636	0.279931	0.291802	0.279938	0.286936	0.286796	0.284733	0.283910	0.272758	0.274035	0.279877	0.283281	0.246695	0.240708	0.280043	0.276912	0.304385	0.301413	0.246000	0.303328	0.301646	0.252850	0.244218	0.234010	0.237183	0.295657	0.245241	0.243356	0.276778	0.246052	0.280438	0.277808	0.242764	0.242424	0.242363	0.249957	0.242545	0.279730	0.251206	0.268590	0.252824	0.255149	0.268646	0.259327	0.270896	0.275929	0.277965	0.291057	0.280028	0.287714	0.279003	0.266576	0.283683	0.294031	0.286245	0.307338	0.251805	0.291157	0.293885	0.250081	0.254646	0.287293	0.293027	0.233557	0.238422	0.280235	0.297656	0.278309	0.285395	0.285366	0.283425	0.287363	0.285714	0.280488	0.278155	0.284628	0.310702	
0.253394	0.247022	0.298345	0.275644	0.296363	0.267281	0.242028	0.244171	0.000000	0.134143	0.285762	0.281788	0.279485	0.281796	0.286039	0.278754	0.283679	0.282302	0.282438	0.286331	0.289663	0.281747	0.272220	0.305030	0.301981	0.303273	0.304772	0.257472	0.282461	0.285938	0.301686	0.308391	0.266029	0.261371	0.280331	0.279404	0.276886	0.295383	0.294814	0.274696	0.287202	0.284416	0.283904	0.277989	0.278077	0.272500	0.282797	0.292055	0.271018	0.295690	0.283801	0.287946	0.269137	0.272278	0.279509	0.293399	0.272230	0.278255	0.285595	0.285004	0.285762	0.282170	0.282859	0.277936	0.282402	0.293724	0.248130	0.246541	0.255903	0.247539	0.302007	0.306228	0.298080	0.306513	0.302727	0.304471	0.303183	0.304486	0.307359	0.307059	0.309786	0.305695	0.241485	0.276938	0.277787	0.283463	0.277042	0.284012	0.288667	0.276246	0.276882	0.284244	0.282668	0.280470	0.282801	0.248630	0.248538	0.279551	0.273675	0.306258	0.303076	0.247796	0.299516	0.303632	0.255393	0.251400	0.238476	0.244074	0.299848	0.242807	0.251975	0.275838	0.244736	0.276811	0.277758	0.250150	0.240667	0.243849	0.246967	0.243199	0.276250	0.243744	0.261081	0.248866	0.248596	0.282137	0.271914	0.265812	0.279464	0.280366	0.293447	0.275167	0.292843	0.276507	0.251701	0.275309	0.290067	0.279154	0.292331	0.238054	0.283522	0.284907	0.247887	0.256214	0.268293	0.273868	0.254476	0.245823	0.271031	0.283733	0.279472	0.283223	0.285257	0.281302	0.278829	0.277139	0.287552	0.271383	0.282043	0.316096	
0.253120	0.245576	0.295415	0.284080	0.312892	0.272259	0.248207	0.236581	0.134143	0.000000	0.285115	0.277423	0.285614	0.277700	0.282174	0.269302	0.273872	0.269320	0.284024	0.274084	0.283962	0.277548	0.270406	0.298064	0.302189	0.295662	0.295915	0.256688	0.286413	0.288682	0.314516	0.308365	0.264325	0.261030	0.282477	0.278757	0.275687	0.303258	0.282200	0.274133	0.279630	0.283628	0.274785	0.271937	0.280880	0.271617	0.280557	0.281546	0.268642	0.273508	0.273289	0.283418	0.271211	0.268461	0.275894	0.290482	0.269043	0.267723	0.273812	0.269636	0.282953	0.287737	0.283100	0.281740	0.288939	0.286566	0.245107	0.245731	0.254888	0.248739	0.307331	0.311987	0.295329	0.303809	0.299224	0.297600	0.300448	0.308861	0.302718	0.302501	0.311049	0.314219	0.245664	0.271392	0.277400	0.285382	0.275505	0.283329	0.287085	0.264816	0.269164	0.272770	0.273332	0.276591	0.278123	0.249884	0.241766	0.275429	0.277486	0.300514	0.301010	0.247437	0.306557	0.302980	0.255712	0.257327	0.236406	0.244780	0.296288	0.242777	0.239742	0.264401	0.240571	0.280213	0.277643	0.242462	0.246793	0.249017	0.243407	0.237511	0.274114	0.244278	0.257405	0.240566	0.246687	0.273197	0.259169	0.264545	0.278774	0.273667	0.283789	0.277063	0.268896	0.274884	0.255897	0.273585	0.288957	0.281545	0.288845	0.224277	0.284475	0.287348	0.244854	0.249566	0.239437	0.267701	0.256369	0.240648	0.265972	0.284424	0.265976	0.279907	0.281066	0.280878	0.277127	0.280862	0.286410	0.269175	0.276107	0.304115	
0.284701	0.278219	0.292265	0.260842	0.295946	0.253816	0.284271	0.284490	0.285762	0.285115	0.000000	0.138420	0.261416	0.269267	0.251184	0.264022	0.257710	0.261564	0.274469	0.265549	0.266882	0.258166	0.263449	0.298206	0.298780	0.296478	0.293232	0.279798	0.256168	0.258685	0.298172	0.300505	0.264630	0.267452	0.247498	0.257585	0.261670	0.299954	0.286984	0.266091	0.273237	0.266358	0.277104	0.278602	0.265398	0.267811	0.273498	0.281979	0.270817	0.272307	0.282793	0.282992	0.275165	0.270323	0.274441	0.268238	0.255892	0.269372	0.258331	0.258784	0.263430	0.262214	0.266386	0.257699	0.259336	0.269188	0.282204	0.276553	0.287044	0.281935	0.300322	0.302709	0.300676	0.310635	0.302190	0.310955	0.305667	0.297752	0.300031	0.295153	0.301164	0.294561	0.272456	0.278616	0.277504	0.266525	0.261685	0.257820	0.254364	0.273351	0.264250	0.260803	0.255778	0.258197	0.266525	0.281860	0.280070	0.246478	0.256547	0.296896	0.298863	0.289273	0.302482	0.300885	0.272659	0.271107	0.275061	0.275764	0.296050	0.277684	0.279180	0.251429	0.281278	0.260347	0.259076	0.278940	0.287245	0.283238	0.289899	0.278748	0.261425	0.283504	0.280648	0.278833	0.294225	0.266774	0.270293	0.257685	0.255408	0.265345	0.282343	0.266850	0.278505	0.263644	0.285889	0.266894	0.264218	0.269301	0.265453	0.277689	0.263359	0.258502	0.266531	0.279039	0.270833	0.246225	0.278788	0.276889	0.259899	0.258939	0.269338	0.261778	0.263142	0.258642	0.263358	0.247045	0.257011	0.255407	0.255090	0.302027	
0.284316	0.277518	0.297565	0.259495	0.306356	0.251545	0.284609	0.282609	0.281788	0.277423	0.138420	0.000000	0.260117	0.265559	0.247340	0.268095	0.261559	0.262751	0.290323	0.262425	0.269591	0.258072	0.245501	0.294832	0.294255	0.295799	0.294704	0.277878	0.255262	0.251053	0.291421	0.289085	0.261220	0.273058	0.249179	0.261053	0.263883	0.298835	0.292135	0.266398	0.267772	0.266537	0.270333	0.263930	0.261774	0.265370	0.273449	0.275889	0.260127	0.259972	0.276913	0.277691	0.268243	0.263974	0.257859	0.260719	0.253858	0.258767	0.260777	0.259505	0.263433	0.257124	0.256968	0.252769	0.256564	0.261286	0.277379	0.276106	0.281783	0.277684	0.299220	0.299771	0.302353	0.312306	0.306272	0.309957	0.307934	0.301378	0.301439	0.302786	0.298813	0.296701	0.271015	0.263840	0.263384	0.266975	0.254818	0.255299	0.254464	0.266576	0.267188	0.260760	0.249654	0.261180	0.265911	0.287234	0.276757	0.254859	0.266600	0.295851	0.300110	0.285908	0.295972	0.296897	0.273860	0.274871	0.274331	0.268899	0.298546	0.274913	0.280267	0.256977	0.275714	0.256321	0.253371	0.285162	0.290103	0.272447	0.283169	0.281087	0.256725	0.281329	0.281347	0.279106	0.283736	0.261910	0.258475	0.259252	0.260955	0.265302	0.292131	0.258929	0.263768	0.263307	0.286889	0.257239	0.268912	0.265666	0.265052	0.274802	0.261267	0.260104	0.264567	0.273441	0.260736	0.236508	0.273121	0.276892	0.252020	0.263007	0.259866	0.255369	0.259710	0.252423	0.261015	0.257019	0.257811	0.253695	0.261630	0.307799	
0.277769	0.270759	0.289309	0.251818	0.302073	0.260330	0.278792	0.278986	0.279485	0.285614	0.261416	0.260117	0.000000	0.132640	0.254195	0.268084	0.269028	0.263238	0.279833	0.267586	0.267100	0.261745	0.259259	0.299667	0.294052	0.295314	0.295328	0.277619	0.259549	0.266281	0.294017	0.299607	0.254678	0.251863	0.264511	0.247481	0.245564	0.290571	0.290544	0.266891	0.257669	0.260978	0.276404	0.268898	0.261066	0.257328	0.269191	0.276359	0.265045	0.268939	0.272834	0.274113	0.268777	0.268603	0.261442	0.263957	0.251683	0.256670	0.263660	0.263316	0.260683	0.262706	0.260059	0.260247	0.259346	0.264934	0.274908	0.269147	0.284004	0.279960	0.300881	0.302043	0.294750	0.303385	0.303091	0.307078	0.302507	0.298400	0.300385	0.300917	0.309021	0.303944	0.270219	0.280282	0.274954	0.273979	0.251741	0.258637	0.260247	0.273020	0.277001	0.260723	0.262661	0.260379	0.262881	0.281111	0.277168	0.253185	0.264362	0.291295	0.298434	0.279360	0.296656	0.297643	0.267559	0.268816	0.263571	0.269900	0.296804	0.278605	0.277558	0.264781	0.272287	0.255928	0.253258	0.270588	0.278891	0.272802	0.279656	0.281818	0.250116	0.282981	0.266938	0.279373	0.282381	0.258138	0.253175	0.249724	0.259634	0.262688	0.285463	0.262308	0.263757	0.265238	0.274610	0.260274	0.261740	0.257465	0.263611	0.261327	0.266728	0.260669	0.271058	0.273489	0.256545	0.243369	0.246914	0.274333	0.248584	0.260544	0.263655	0.264539	0.261268	0.254308	0.262913	0.270846	0.262694	0.259766	0.268716	0.304604	
0.278420	0.268075	0.297944	0.255062	0.325285	0.258465	0.284193	0.284561	0.281796	0.277700	0.269267	0.265559	0.132640	0.000000	0.254630	0.267258	0.264125	0.267132	0.252427	0.270356	0.269045	0.272630	0.257971	0.297173	0.294600	0.301694	0.304721	0.284039	0.269145	0.280316	0.306555	0.299739	0.259912	0.266121	0.266935	0.252372	0.247198	0.303127	0.289963	0.275109	0.254290	0.268762	0.267126	0.265065	0.258116	0.261327	0.267820	0.293221	0.263244	0.267970	0.271320	0.277778	0.262071	0.270261	0.268146	0.264384	0.245720	0.267892	0.258466	0.264633	0.272900	0.263271	0.263853	0.251983	0.266700	0.266645	0.271192	0.267077	0.278662	0.264254	0.311118	0.313609	0.288197	0.309531	0.308430	0.310510	0.308762	0.295056	0.316847	0.314821	0.303987	0.307372	0.276908	0.288480	0.282059	0.274280	0.247449	0.263191	0.262941	0.274547	0.273645	0.257614	0.257980	0.265216	0.255312	0.280166	0.267601	0.255424	0.260855	0.296013	0.303648	0.274984	0.296970	0.296670	0.270296	0.263605	0.275390	0.280788	0.295410	0.287261	0.296167	0.263436	0.264621	0.261490	0.257566	0.266771	0.280076	0.275111	0.277354	0.279955	0.241346	0.277228	0.292883	0.274743	0.283719	0.259590	0.232673	0.260687	0.263048	0.255437	0.274477	0.270099	0.265288	0.271982	0.283034	0.260202	0.253892	0.248628	0.254668	0.256308	0.266369	0.269316	0.274772	0.275275	0.247148	0.252632	0.254980	0.267701	0.248049	0.264516	0.260989	0.268215	0.271442	0.258741	0.251512	0.264706	0.268905	0.253291	0.260296	0.323476	
0.274534	0.264937	0.295344	0.257732	0.307286	0.257383	0.278907	0.281355	0.286039	0.282174	0.251184	0.247340	0.254195	0.254630	0.000000	0.262143	0.258148	0.261404	0.261044	0.266432	0.265473	0.253620	0.262831	0.295775	0.297422	0.298958	0.296814	0.269420	0.258745	0.258464	0.298308	0.309033	0.264167	0.267085	0.245824	0.251924	0.257200	0.301570	0.285221	0.268116	0.263733	0.257011	0.278160	0.272727	0.254759	0.261422	0.268434	0.270125	0.271349	0.267892	0.276014	0.272671	0.268742	0.262570	0.261700	0.260766	0.251533	0.262393	0.254809	0.245826	0.257991	0.256306	0.256841	0.255871	0.265430	0.258971	0.282896	0.272156	0.283201	0.282274	0.304926	0.302247	0.301846	0.311209	0.305267	0.306108	0.311742	0.300477	0.305521	0.309104	0.304494	0.301491	0.275464	0.267779	0.275391	0.262531	0.254036	0.256123	0.257047	0.270413	0.261570	0.252853	0.249460	0.266060	0.261619	0.282651	0.276584	0.252595	0.264839	0.301977	0.301864	0.275115	0.307230	0.304826	0.268339	0.271127	0.270756	0.270689	0.296051	0.275128	0.270519	0.257664	0.280416	0.253726	0.252581	0.270245	0.275265	0.270989	0.282624	0.265306	0.252701	0.275424	0.264458	0.276040	0.284114	0.254401	0.250469	0.247880	0.251681	0.262486	0.298350	0.256916	0.248958	0.257404	0.271762	0.251505	0.247184	0.245530	0.274430	0.260226	0.270270	0.263417	0.255920	0.269397	0.254144	0.256410	0.247326	0.273235	0.261830	0.279861	0.256902	0.257424	0.263832	0.260578	0.262094	0.247754	0.258988	0.241984	0.255858	0.320566	
0.285868	0.283153	0.293129	0.253610	0.315931	0.255769	0.278526	0.282605	0.278754	0.269302	0.264022	0.268095	0.268084	0.267258	0.262143	0.000000	0.264322	0.131599	0.278036	0.127176	0.135086	0.256401	0.269853	0.294292	0.304155	0.291832	0.307150	0.280777	0.261386	0.264832	0.302056	0.295759	0.264199	0.261099	0.277628	0.257091	0.256707	0.296885	0.286162	0.274392	0.275083	0.267304	0.284317	0.278797	0.255454	0.265156	0.274776	0.278322	0.269834	0.273358	0.277289	0.279595	0.271080	0.267672	0.265684	0.266401	0.259456	0.268071	0.267145	0.270142	0.263910	0.264690	0.255988	0.265912	0.266650	0.264243	0.276099	0.274266	0.284952	0.280669	0.301534	0.304006	0.290657	0.310150	0.306613	0.306508	0.307347	0.297785	0.301956	0.304951	0.306350	0.304314	0.277152	0.274775	0.277205	0.267922	0.256761	0.264563	0.264728	0.277905	0.271778	0.265623	0.264720	0.265999	0.258054	0.278294	0.280095	0.263133	0.263405	0.293462	0.300122	0.274977	0.302358	0.298914	0.275472	0.268981	0.270493	0.271245	0.292770	0.274253	0.281330	0.267100	0.284314	0.264438	0.266027	0.272575	0.272755	0.273227	0.280464	0.277326	0.256032	0.284402	0.288530	0.280253	0.284825	0.262946	0.268943	0.255522	0.264014	0.268756	0.290951	0.247862	0.258170	0.257624	0.281848	0.263357	0.268851	0.261384	0.275103	0.283881	0.273826	0.272395	0.270990	0.279537	0.220779	0.269737	0.276570	0.273468	0.251959	0.271944	0.260887	0.258791	0.261971	0.263681	0.257662	0.264671	0.262940	0.263043	0.270804	0.309042	
0.287052	0.284371	0.294271	0.264848	0.290068	0.256329	0.281571	0.285100	0.283679	0.273872	0.257710	0.261559	0.269028	0.264125	0.258148	0.264322	0.000000	0.258660	0.268730	0.263387	0.272807	0.262048	0.262963	0.289818	0.291815	0.301087	0.302210	0.271993	0.258431	0.250729	0.297914	0.291796	0.265536	0.263841	0.262469	0.256428	0.252228	0.294046	0.270588	0.276622	0.276989	0.267279	0.284190	0.283489	0.263633	0.262272	0.282743	0.280156	0.281020	0.267196	0.285361	0.277439	0.280824	0.275593	0.265018	0.268807	0.263964	0.265964	0.260687	0.264329	0.265551	0.264777	0.264141	0.267848	0.267795	0.269446	0.277020	0.276740	0.281643	0.277682	0.297906	0.303774	0.298830	0.313059	0.300695	0.307007	0.305112	0.307288	0.302664	0.305502	0.306477	0.304087	0.271028	0.283845	0.283192	0.258963	0.252813	0.260393	0.263989	0.280224	0.277601	0.270270	0.270546	0.262563	0.262715	0.283441	0.279369	0.264594	0.259591	0.299895	0.299220	0.286239	0.296837	0.301523	0.273089	0.270621	0.269991	0.270648	0.291038	0.272060	0.271507	0.265325	0.274119	0.264542	0.260212	0.282403	0.287169	0.280485	0.296380	0.280872	0.263789	0.282182	0.276880	0.280311	0.291158	0.255950	0.256338	0.254340	0.260199	0.272333	0.287492	0.257608	0.264599	0.265073	0.288058	0.264263	0.267182	0.254758	0.262882	0.265236	0.267904	0.265445	0.265274	0.268706	0.282123	0.255634	0.282216	0.269025	0.263736	0.269182	0.260232	0.261743	0.261191	0.257113	0.260599	0.282278	0.261403	0.256330	0.160602	0.305656	
0.281395	0.285297	0.293906	0.258875	0.309355	0.256952	0.282483	0.288138	0.282302	0.269320	0.261564	0.262751	0.263238	0.267132	0.261404	0.131599	0.258660	0.000000	0.277663	0.129691	0.133058	0.253116	0.247885	0.301220	0.302403	0.291290	0.304215	0.283818	0.261890	0.259057	0.297276	0.300420	0.265649	0.261901	0.265794	0.253985	0.256716	0.297355	0.290862	0.271685	0.273328	0.262298	0.276772	0.278483	0.255108	0.264778	0.278239	0.279695	0.276208	0.283608	0.272425	0.280249	0.278081	0.269705	0.268664	0.272065	0.253879	0.257502	0.269572	0.261993	0.260956	0.263906	0.254047	0.263512	0.265432	0.264998	0.278558	0.278632	0.285867	0.281862	0.297484	0.302270	0.295515	0.307728	0.309377	0.311270	0.311610	0.303730	0.300949	0.300803	0.307351	0.305056	0.274451	0.276466	0.280148	0.270780	0.257688	0.266960	0.265503	0.278464	0.277152	0.257986	0.254179	0.266393	0.263546	0.274668	0.277760	0.264566	0.260166	0.295736	0.297430	0.275825	0.301930	0.296849	0.273606	0.267221	0.269672	0.271028	0.298017	0.277099	0.283661	0.260000	0.281434	0.260189	0.257157	0.273387	0.279479	0.273914	0.278583	0.278447	0.254769	0.284248	0.293880	0.281240	0.284492	0.266860	0.278428	0.250745	0.265281	0.264725	0.287464	0.250229	0.255269	0.256361	0.281848	0.257833	0.263128	0.259405	0.279051	0.286517	0.269484	0.266362	0.271884	0.279928	0.240933	0.258553	0.268351	0.276619	0.260897	0.265699	0.260714	0.262957	0.258847	0.262731	0.259783	0.260258	0.263393	0.259349	0.262295	0.316809	
0.299109	0.286089	0.304348	0.272871	0.287413	0.257675	0.279133	0.287370	0.282438	0.284024	0.274469	0.290323	0.279833	0.252427	0.261044	0.278036	0.268730	0.277663	0.000000	0.275091	0.273965	0.271246	0.285403	0.302071	0.311495	0.311715	0.299810	0.280869	0.279855	0.274955	0.310073	0.290139	0.288866	0.280000	0.278517	0.268318	0.272338	0.312957	0.297753	0.271488	0.271565	0.283834	0.292724	0.289235	0.275132	0.279542	0.298450	0.288360	0.289755	0.281015	0.288059	0.295414	0.282455	0.287978	0.263185	0.286461	0.269251	0.275445	0.268571	0.271783	0.260487	0.261484	0.272969	0.264721	0.262440	0.278163	0.306133	0.290340	0.299637	0.296849	0.307045	0.307832	0.310326	0.324423	0.306023	0.309698	0.308847	0.294638	0.315679	0.308753	0.322868	0.309148	0.288380	0.282823	0.289377	0.278494	0.267885	0.268873	0.270681	0.278501	0.282307	0.271362	0.265360	0.286305	0.268600	0.301670	0.289008	0.268943	0.271624	0.303778	0.310803	0.305846	0.315817	0.310345	0.284982	0.280000	0.285640	0.289973	0.319408	0.283107	0.290690	0.269190	0.279228	0.253631	0.260776	0.289777	0.295312	0.283990	0.293506	0.283784	0.289239	0.288083	0.302703	0.285864	0.293558	0.275698	0.254157	0.270539	0.265114	0.280720	0.305026	0.270661	0.264668	0.263353	0.282443	0.268961	0.259001	0.265823	0.252533	0.257732	0.279771	0.287195	0.273414	0.286169	0.306604	0.234352	0.292383	0.298199	0.234117	0.272282	0.265439	0.275182	0.273872	0.274101	0.285050	0.270513	0.283892	0.261558	0.265625	0.319496	
0.292909	0.292137	0.298412	0.264831	0.313408	0.262052	0.287367	0.289347	0.286331	0.274084	0.265549	0.262425	0.267586	0.270356	0.266432	0.127176	0.263387	0.129691	0.275091	0.000000	0.126814	0.255626	0.258481	0.300471	0.308219	0.298238	0.307619	0.284562	0.262941	0.263825	0.302030	0.298570	0.268625	0.266122	0.274343	0.264934	0.264121	0.296739	0.292300	0.272117	0.270876	0.267562	0.282580	0.281800	0.256203	0.259856	0.278391	0.280642	0.268427	0.275072	0.275965	0.280827	0.273940	0.268725	0.270859	0.269257	0.263438	0.270207	0.270403	0.267018	0.269278	0.270689	0.267788	0.261923	0.266031	0.264743	0.283988	0.279956	0.286151	0.280295	0.302537	0.299707	0.295128	0.303662	0.306211	0.304261	0.305534	0.308529	0.304947	0.305504	0.305215	0.302862	0.285983	0.277693	0.279852	0.266058	0.258084	0.267822	0.272114	0.283773	0.280249	0.264513	0.262557	0.268623	0.262580	0.282834	0.283407	0.267005	0.262223	0.300214	0.301979	0.277752	0.297376	0.298229	0.277198	0.269178	0.275730	0.275611	0.300341	0.279511	0.285461	0.264790	0.283673	0.270250	0.271621	0.273516	0.280478	0.281569	0.286501	0.278649	0.261245	0.288367	0.286004	0.284853	0.289693	0.265280	0.275920	0.257304	0.272380	0.268084	0.290511	0.253254	0.268636	0.258876	0.284724	0.262472	0.266891	0.263542	0.282555	0.286060	0.277897	0.272450	0.275972	0.284149	0.240933	0.269485	0.271186	0.278606	0.257771	0.265250	0.266015	0.264612	0.256656	0.257812	0.265162	0.270907	0.266603	0.264720	0.271105	0.310936	
0.286427	0.288421	0.298217	0.259848	0.317148	0.260848	0.287058	0.287719	0.289663	0.283962	0.266882	0.269591	0.267100	0.269045	0.265473	0.135086	0.272807	0.133058	0.273965	0.126814	0.000000	0.262551	0.265997	0.296087	0.306901	0.293917	0.305202	0.286216	0.264878	0.261248	0.304851	0.302424	0.269072	0.269337	0.275781	0.257906	0.262119	0.297728	0.298996	0.275905	0.275835	0.273535	0.287177	0.279313	0.255402	0.263932	0.276960	0.286006	0.276835	0.275892	0.277461	0.278798	0.277300	0.273010	0.270017	0.264613	0.261799	0.268154	0.271828	0.271229	0.265425	0.262478	0.261909	0.263704	0.271451	0.270425	0.283398	0.282438	0.287743	0.280922	0.304624	0.305941	0.299109	0.312239	0.313398	0.310659	0.312617	0.307978	0.303944	0.310587	0.309373	0.304165	0.287298	0.281423	0.284335	0.266718	0.257192	0.267536	0.266873	0.283446	0.277769	0.266267	0.261179	0.268764	0.265100	0.281684	0.284116	0.269747	0.271227	0.300247	0.304256	0.278190	0.304617	0.301263	0.278533	0.271658	0.278919	0.275432	0.300924	0.288625	0.290656	0.262761	0.282417	0.271945	0.271816	0.272009	0.288989	0.279266	0.288868	0.284718	0.265360	0.293771	0.283887	0.283976	0.293747	0.268479	0.292230	0.261931	0.268416	0.271490	0.290759	0.259546	0.267992	0.267567	0.282685	0.262696	0.266090	0.259328	0.283277	0.293258	0.276385	0.273204	0.283918	0.283589	0.246073	0.256991	0.297561	0.282747	0.258790	0.266561	0.264569	0.270795	0.255549	0.258045	0.257684	0.255357	0.265184	0.262319	0.267372	0.312258	
0.285384	0.281805	0.291956	0.250451	0.301901	0.248425	0.276057	0.279033	0.281747	0.277548	0.258166	0.258072	0.261745	0.272630	0.253620	0.256401	0.262048	0.253116	0.271246	0.255626	0.262551	0.000000	0.251368	0.288197	0.299428	0.294315	0.296885	0.282346	0.260028	0.259817	0.302928	0.307322	0.261726	0.257148	0.269697	0.249869	0.253846	0.291733	0.277130	0.268633	0.254830	0.257487	0.268397	0.272243	0.262359	0.264218	0.280623	0.280387	0.276123	0.269678	0.280939	0.278154	0.274188	0.270775	0.259604	0.266308	0.254909	0.258857	0.260624	0.257137	0.259747	0.260143	0.257291	0.263715	0.261829	0.264229	0.273432	0.268617	0.280810	0.283452	0.301399	0.298416	0.295632	0.298233	0.304239	0.298592	0.296911	0.293848	0.296577	0.300890	0.300336	0.297801	0.268821	0.277875	0.275556	0.267263	0.264941	0.257178	0.261253	0.274182	0.272574	0.258076	0.255701	0.252320	0.259831	0.276038	0.279404	0.249363	0.256776	0.294004	0.295707	0.272343	0.296748	0.297989	0.271080	0.265029	0.267914	0.265996	0.295094	0.279352	0.274067	0.265198	0.267766	0.251666	0.249357	0.281970	0.281250	0.272474	0.280683	0.269580	0.252745	0.281603	0.291573	0.282667	0.284648	0.266395	0.266604	0.257019	0.257279	0.258000	0.278914	0.256171	0.254103	0.255276	0.273059	0.250535	0.255824	0.265888	0.260595	0.297003	0.271157	0.264370	0.269836	0.278996	0.270893	0.239882	0.250955	0.279523	0.255563	0.276310	0.253448	0.264592	0.263805	0.264903	0.262375	0.246827	0.259747	0.246089	0.273346	0.305548	
0.266343	0.273845	0.294118	0.252644	0.299492	0.251049	0.278781	0.267447	0.272220	0.270406	0.263449	0.245501	0.259259	0.257971	0.262831	0.269853	0.262963	0.247885	0.285403	0.258481	0.265997	0.251368	0.000000	0.293601	0.292820	0.293921	0.294619	0.269817	0.252861	0.240753	0.307952	0.293115	0.249360	0.261600	0.285347	0.253211	0.258990	0.282601	0.292763	0.264816	0.259890	0.256667	0.280762	0.275056	0.257536	0.255295	0.265863	0.292929	0.270810	0.262612	0.275479	0.273353	0.254142	0.259694	0.256071	0.271263	0.253676	0.268832	0.251761	0.251157	0.266962	0.267570	0.269734	0.258017	0.265165	0.259910	0.275849	0.268724	0.270949	0.277084	0.291031	0.292105	0.283384	0.305895	0.307600	0.301922	0.302859	0.310460	0.310626	0.297237	0.303896	0.295522	0.268173	0.270887	0.274991	0.257815	0.260432	0.251841	0.238325	0.270849	0.260125	0.265344	0.275009	0.264144	0.251953	0.282817	0.265074	0.253884	0.257783	0.295790	0.301547	0.287565	0.287519	0.284960	0.261426	0.271930	0.260482	0.251727	0.297521	0.265654	0.262941	0.249058	0.262309	0.252299	0.251729	0.282514	0.271751	0.269413	0.291205	0.269310	0.252222	0.286349	0.298077	0.265846	0.280885	0.265788	0.237931	0.243050	0.263997	0.255263	0.273556	0.249723	0.246185	0.259387	0.273102	0.256333	0.257802	0.253482	0.271216	0.284298	0.264018	0.266741	0.277515	0.282404	0.256637	0.263598	0.272331	0.269595	0.273031	0.250667	0.259276	0.269075	0.259038	0.261949	0.267373	0.292378	0.256824	0.245801	0.281496	0.318630	
0.296630	0.299526	0.236485	0.289228	0.252632	0.289435	0.302692	0.302740	0.305030	0.298064	0.298206	0.294832	0.299667	0.297173	0.295775	0.294292	0.289818	0.301220	0.302071	0.300471	0.296087	0.288197	0.293601	0.000000	0.246032	0.237679	0.242162	0.295106	0.289483	0.286130	0.240310	0.254200	0.289619	0.289988	0.301724	0.283356	0.291621	0.238660	0.247519	0.297384	0.285879	0.301290	0.300361	0.305649	0.289427	0.297368	0.297344	0.308855	0.299623	0.300363	0.304076	0.308812	0.305856	0.300241	0.299287	0.297324	0.296766	0.300572	0.300542	0.293988	0.287903	0.288166	0.291016	0.296270	0.295039	0.298704	0.302151	0.296105	0.307759	0.304472	0.246585	0.259174	0.249597	0.250961	0.248140	0.248999	0.248189	0.249039	0.237113	0.238724	0.244966	0.246489	0.291085	0.302914	0.301817	0.300087	0.295027	0.307185	0.301348	0.303385	0.306286	0.292479	0.296858	0.297447	0.295281	0.294261	0.296705	0.286850	0.294601	0.237788	0.242508	0.296607	0.235490	0.237906	0.293396	0.295643	0.296801	0.292096	0.236550	0.296807	0.293310	0.295364	0.290093	0.284894	0.295094	0.299373	0.311317	0.302638	0.299389	0.292150	0.294056	0.291769	0.310598	0.292042	0.299970	0.290842	0.298565	0.288193	0.287059	0.298030	0.272639	0.299440	0.289764	0.290995	0.290598	0.295859	0.294453	0.292276	0.297786	0.296362	0.297496	0.299145	0.297852	0.294631	0.294286	0.293777	0.286093	0.295898	0.294649	0.301173	0.296179	0.294753	0.297016	0.292871	0.300545	0.293471	0.301832	0.285088	0.282746	0.252484	
0.302792	0.302796	0.247734	0.297759	0.261179	0.289789	0.307872	0.303364	0.301981	0.302189	0.298780	0.294255	0.294052	0.294600	0.297422	0.304155	0.291815	0.302403	0.311495	0.308219	0.306901	0.299428	0.292820	0.246032	0.000000	0.249582	0.237546	0.303633	0.292237	0.301176	0.247753	0.249267	0.292271	0.297615	0.300980	0.289823	0.290167	0.247822	0.252734	0.314772	0.290567	0.291792	0.307226	0.309087	0.297916	0.294566	0.303043	0.308493	0.299409	0.311533	0.307615	0.301656	0.303183	0.304416	0.300960	0.301966	0.295996	0.295949	0.300854	0.298729	0.289727	0.292291	0.295125	0.293517	0.303801	0.298125	0.303260	0.300132	0.308990	0.314187	0.245725	0.252866	0.252189	0.256734	0.248340	0.251759	0.256579	0.250879	0.253939	0.252010	0.254691	0.251445	0.296106	0.309841	0.306699	0.303842	0.294326	0.308870	0.308121	0.301852	0.306630	0.298557	0.297369	0.291244	0.300218	0.293279	0.296034	0.288978	0.292623	0.239223	0.253266	0.304703	0.243314	0.251167	0.303175	0.309061	0.305066	0.295899	0.243203	0.297742	0.304196	0.296239	0.294206	0.294867	0.298588	0.302042	0.308507	0.301646	0.307122	0.290380	0.290882	0.300911	0.305214	0.308975	0.309297	0.291796	0.317460	0.288859	0.298815	0.289509	0.278276	0.295560	0.307863	0.296061	0.309426	0.299593	0.301085	0.307201	0.296296	0.308326	0.304703	0.299667	0.303184	0.300688	0.310850	0.278788	0.279778	0.301346	0.297268	0.299048	0.288316	0.301129	0.301029	0.294696	0.296655	0.287765	0.305304	0.280627	0.292763	0.259229	
0.300993	0.303005	0.238228	0.293477	0.255672	0.292771	0.305533	0.306393	0.303273	0.295662	0.296478	0.295799	0.295314	0.301694	0.298958	0.291832	0.301087	0.291290	0.311715	0.298238	0.293917	0.294315	0.293921	0.237679	0.249582	0.000000	0.113744	0.300159	0.285079	0.284722	0.243315	0.245421	0.295862	0.296488	0.287370	0.292500	0.288160	0.240977	0.236126	0.297427	0.294524	0.294876	0.307525	0.306243	0.286048	0.290114	0.293365	0.304565	0.299826	0.312208	0.301789	0.307458	0.303569	0.300637	0.285299	0.290272	0.284185	0.296908	0.293918	0.285866	0.287136	0.283748	0.292476	0.294145	0.296968	0.292412	0.297218	0.293759	0.307244	0.311478	0.241757	0.240683	0.247514	0.248656	0.246644	0.254977	0.249611	0.248310	0.242624	0.248450	0.248615	0.245950	0.296168	0.300644	0.306632	0.299694	0.292498	0.296076	0.300277	0.308235	0.298225	0.289957	0.291483	0.286194	0.291852	0.290120	0.294623	0.293340	0.282128	0.240982	0.254520	0.296262	0.237692	0.243889	0.293054	0.303040	0.294253	0.294249	0.230865	0.305329	0.302040	0.292773	0.297613	0.291157	0.290520	0.299213	0.297152	0.293961	0.304468	0.291262	0.286511	0.294054	0.288844	0.305793	0.304632	0.288580	0.275717	0.280189	0.288924	0.289268	0.261227	0.288615	0.293201	0.297245	0.303553	0.289899	0.292893	0.293235	0.295802	0.295362	0.300770	0.294415	0.286172	0.300247	0.286842	0.290559	0.288485	0.292014	0.296238	0.294770	0.288724	0.290253	0.304429	0.301861	0.292543	0.283502	0.291011	0.291217	0.289451	0.257897	
0.302983	0.306107	0.234611	0.296434	0.252267	0.290224	0.302302	0.295951	0.304772	0.295915	0.293232	0.294704	0.295328	0.304721	0.296814	0.307150	0.302210	0.304215	0.299810	0.307619	0.305202	0.296885	0.294619	0.242162	0.237546	0.113744	0.000000	0.296370	0.290544	0.280793	0.246902	0.248217	0.301250	0.298864	0.288541	0.295260	0.288294	0.243697	0.225198	0.303775	0.294482	0.296074	0.308614	0.301478	0.293810	0.289908	0.296093	0.306809	0.306983	0.311820	0.314570	0.306746	0.304758	0.296872	0.292437	0.294685	0.289253	0.300000	0.296474	0.288298	0.296967	0.298501	0.287583	0.294828	0.298995	0.292693	0.298467	0.290253	0.306119	0.305088	0.240215	0.249208	0.250147	0.245359	0.240272	0.247330	0.245987	0.248996	0.244355	0.251157	0.248374	0.253024	0.289194	0.303019	0.307781	0.306710	0.298806	0.294140	0.303848	0.315940	0.304383	0.287595	0.293544	0.292539	0.290638	0.287902	0.292162	0.294618	0.289282	0.240497	0.252580	0.296090	0.241531	0.248873	0.294095	0.303558	0.294287	0.292664	0.237239	0.304764	0.289640	0.291675	0.292215	0.298473	0.296089	0.291521	0.298829	0.291019	0.306060	0.283969	0.289129	0.303530	0.293146	0.305062	0.305943	0.295982	0.267407	0.283802	0.288212	0.290329	0.268056	0.295481	0.303377	0.295513	0.297813	0.284843	0.298315	0.291450	0.299343	0.295898	0.309300	0.301508	0.287535	0.304090	0.294294	0.288800	0.313669	0.299333	0.298593	0.287465	0.289151	0.291117	0.302983	0.296077	0.294196	0.299569	0.294211	0.291877	0.286005	0.246975	
