0.000000	0.193548	0.079137	0.272189	0.075949	0.109195	0.220339	0.123529	0.164179	0.118012	0.100000	0.100000	0.067568	0.093220	0.225490	0.107143	0.236686	0.099502	0.105528	0.140000	0.126984	0.130435	0.029851	0.105691	0.122222	0.077348	0.084577	0.096296	0.128205	0.089820	0.135802	0.117978	0.126374	0.106599	0.100000	0.120000	0.118280	0.090909	0.121547	0.155779	0.253731	0.122449	0.234043	0.244565	0.243243	0.219251	0.246154	0.100000	0.085000	0.105000	0.090452	0.124378	0.089552	0.084577	0.115578	0.112069	0.078947	0.306122	0.207254	0.288557	0.099502	0.291892	0.085000	0.090323	0.106599	0.090000	0.225000	0.139175	0.263682	0.110553	0.149254	0.188776	0.133333	0.201031	0.149733	0.218543	0.055556	0.329843	0.270270	0.257310	0.122137	0.174603	0.054688	0.070175	0.110000	0.117949	0.000000	0.177778	0.068750	0.136364	0.034483	0.090909	0.104478	0.114754	0.114094	0.275862	0.214286	
0.193548	0.000000	0.161538	0.261146	0.166667	0.186747	0.224852	0.213836	0.195767	0.251656	0.196809	0.236111	0.169014	0.174312	0.255102	0.138365	0.260870	0.190476	0.171123	0.207447	0.196629	0.233645	0.215385	0.173913	0.200000	0.170588	0.179894	0.210938	0.185185	0.191083	0.233766	0.213018	0.196532	0.221622	0.207447	0.202128	0.189655	0.172043	0.192982	0.192513	0.222222	0.201087	0.273743	0.278409	0.257576	0.275281	0.273224	0.186335	0.179894	0.201058	0.197861	0.190476	0.174603	0.195767	0.176471	0.231481	0.174157	0.271739	0.220994	0.238095	0.195767	0.247126	0.207447	0.168919	0.145946	0.196809	0.229358	0.197802	0.248677	0.197861	0.238095	0.195652	0.237838	0.217391	0.197740	0.232394	0.210526	0.283333	0.293103	0.294479	0.180328	0.266667	0.177966	0.211538	0.212766	0.183784	0.111111	0.227273	0.174497	0.235772	0.275862	0.333333	0.216931	0.208092	0.169014	0.259259	0.307692	
0.079137	0.161538	0.000000	0.230769	0.043860	0.074380	0.198413	0.100840	0.107143	0.095652	0.085714	0.150000	0.035088	0.082353	0.308824	0.066667	0.226891	0.064286	0.057554	0.135714	0.143939	0.107143	0.066667	0.085366	0.104000	0.078740	0.085714	0.106383	0.125000	0.073770	0.112069	0.104839	0.120968	0.080292	0.092857	0.100719	0.053435	0.087591	0.086614	0.135714	0.242857	0.101449	0.242424	0.257812	0.235294	0.230769	0.270073	0.082645	0.064748	0.086331	0.086957	0.057143	0.057143	0.107143	0.079137	0.036585	0.083333	0.281481	0.191176	0.300000	0.100000	0.274809	0.057554	0.079646	0.094203	0.071942	0.160494	0.125000	0.257143	0.079710	0.142857	0.138686	0.109489	0.203008	0.148438	0.264151	0.142857	0.320611	0.257812	0.262712	0.082474	0.073171	0.022222	0.027778	0.064748	0.080292	0.000000	0.060606	0.061947	0.109890	0.050000	0.083333	0.092857	0.109375	0.048077	0.291667	0.105263	
0.272189	0.261146	0.230769	0.000000	0.222222	0.239726	0.218543	0.241379	0.302326	0.326241	0.269006	0.242857	0.181818	0.196078	0.322581	0.180556	0.263889	0.261628	0.222222	0.251462	0.248485	0.217822	0.283333	0.267327	0.298701	0.235669	0.220930	0.250000	0.261682	0.275862	0.302158	0.226667	0.298701	0.273810	0.263158	0.269006	0.259494	0.217647	0.264516	0.258824	0.250000	0.246988	0.279503	0.280255	0.303030	0.279503	0.254438	0.222973	0.222222	0.269006	0.251462	0.261628	0.244186	0.255814	0.235294	0.224490	0.217391	0.238095	0.225610	0.232558	0.203488	0.259494	0.269006	0.227273	0.254438	0.251462	0.230000	0.245509	0.197674	0.229412	0.279070	0.273810	0.283133	0.215569	0.223602	0.293651	0.285714	0.274390	0.262500	0.263514	0.280702	0.254545	0.261261	0.282609	0.226744	0.277108	0.571429	0.181818	0.274074	0.252252	0.240000	0.117647	0.250000	0.251572	0.269841	0.291667	0.227273	
0.075949	0.166667	0.043860	0.222222	0.000000	0.078571	0.190141	0.106061	0.093750	0.072000	0.088050	0.142857	0.046154	0.052083	0.222222	0.066667	0.214815	0.056250	0.075472	0.094340	0.100000	0.087912	0.103448	0.120000	0.116438	0.069444	0.093750	0.094340	0.073684	0.111111	0.112782	0.097222	0.096552	0.088608	0.075472	0.113208	0.107383	0.069182	0.118056	0.088608	0.237500	0.076923	0.208054	0.232877	0.192982	0.178808	0.203822	0.087591	0.037736	0.081761	0.075949	0.081250	0.068750	0.087500	0.069182	0.106383	0.080000	0.250000	0.144737	0.256250	0.093750	0.253333	0.081761	0.096774	0.057692	0.062893	0.181818	0.103896	0.231250	0.088050	0.150000	0.140127	0.129032	0.142857	0.180000	0.258333	0.117647	0.281046	0.256757	0.214815	0.066667	0.137255	0.009709	0.040816	0.100629	0.083333	0.125000	0.171429	0.047619	0.116505	0.080000	0.055556	0.100000	0.095890	0.086207	0.272727	0.130435	
0.109195	0.186747	0.074380	0.239726	0.078571	0.000000	0.217949	0.126667	0.158192	0.140845	0.136364	0.123288	0.057971	0.088235	0.202128	0.097222	0.216216	0.112994	0.091429	0.124294	0.149701	0.168317	0.081967	0.113208	0.126582	0.082803	0.124294	0.146552	0.125000	0.119205	0.147651	0.132911	0.148148	0.125714	0.125000	0.130682	0.140244	0.103448	0.137500	0.137143	0.242938	0.086705	0.225610	0.226994	0.209677	0.180723	0.197674	0.120805	0.096591	0.112994	0.096591	0.112994	0.101695	0.124294	0.080000	0.106796	0.107784	0.261628	0.220238	0.259887	0.112994	0.259259	0.107955	0.123188	0.109827	0.119318	0.165049	0.111765	0.242938	0.136364	0.158192	0.156977	0.133721	0.168605	0.181818	0.261538	0.111111	0.275449	0.302469	0.226667	0.137931	0.192982	0.081081	0.080000	0.113636	0.122807	0.111111	0.131579	0.076923	0.134454	0.120000	0.100000	0.112994	0.088050	0.125000	0.307692	0.160000	
0.220339	0.224852	0.198413	0.218543	0.190141	0.217949	0.000000	0.215686	0.244444	0.258741	0.206704	0.225352	0.117647	0.180952	0.333333	0.198675	0.326797	0.222222	0.191011	0.250000	0.213018	0.203883	0.266667	0.203540	0.248447	0.187500	0.216667	0.247863	0.198113	0.238411	0.263514	0.211180	0.248447	0.244318	0.229050	0.217877	0.224242	0.202247	0.234568	0.207865	0.216667	0.234286	0.321429	0.331288	0.306452	0.305389	0.293103	0.206452	0.183333	0.212291	0.207865	0.216667	0.194444	0.205556	0.213483	0.227723	0.200000	0.232955	0.192982	0.238889	0.200000	0.212121	0.217877	0.212766	0.181818	0.206704	0.235849	0.229885	0.205556	0.174157	0.238889	0.197740	0.258621	0.196532	0.226190	0.268116	0.105263	0.239766	0.262195	0.194805	0.222222	0.275862	0.188034	0.300000	0.240223	0.189655	0.142857	0.214286	0.215278	0.214876	0.307692	0.050000	0.205556	0.210843	0.225564	0.259259	0.160000	
0.123529	0.213836	0.100840	0.241379	0.106061	0.126667	0.215686	0.000000	0.133721	0.118881	0.122807	0.155844	0.115942	0.114286	0.275862	0.122449	0.235714	0.127907	0.123529	0.152047	0.154321	0.121212	0.109091	0.098039	0.121019	0.096154	0.069767	0.121739	0.110000	0.145833	0.106383	0.096154	0.139241	0.130952	0.122807	0.134503	0.121019	0.100592	0.114650	0.105882	0.232558	0.137725	0.257862	0.283019	0.281250	0.231250	0.240964	0.155405	0.099415	0.111111	0.117647	0.110465	0.110465	0.133721	0.117647	0.132653	0.122699	0.327381	0.210843	0.290698	0.139535	0.312500	0.093023	0.133333	0.119048	0.116279	0.198020	0.127273	0.290698	0.123529	0.209302	0.218935	0.119760	0.167665	0.150943	0.274809	0.071429	0.329268	0.299363	0.258503	0.142857	0.142857	0.095238	0.063830	0.111111	0.107784	0.166667	0.138889	0.073529	0.168142	0.120000	0.111111	0.116279	0.147436	0.112000	0.238095	0.115385	
0.164179	0.195767	0.107143	0.302326	0.093750	0.158192	0.244444	0.133721	0.000000	0.109756	0.137931	0.209877	0.155844	0.142857	0.269231	0.164706	0.284884	0.147059	0.133663	0.182266	0.187500	0.128205	0.173913	0.080645	0.153005	0.108696	0.147059	0.110294	0.134454	0.147059	0.109091	0.121547	0.152174	0.155000	0.128079	0.123153	0.143617	0.109453	0.168478	0.128713	0.274510	0.131313	0.284211	0.299465	0.280000	0.257895	0.282828	0.167630	0.118227	0.118227	0.153465	0.117647	0.132353	0.137255	0.143564	0.103448	0.145833	0.361809	0.241026	0.338235	0.171569	0.329787	0.137931	0.139241	0.105000	0.123153	0.264463	0.172589	0.303922	0.163366	0.191176	0.211055	0.166667	0.233503	0.210526	0.318182	0.263158	0.350515	0.297872	0.293103	0.166667	0.156250	0.131783	0.122807	0.152709	0.146465	0.000000	0.177778	0.124224	0.207407	0.172414	0.181818	0.156863	0.145161	0.152318	0.275862	0.321429	
0.118012	0.251656	0.095652	0.326241	0.072000	0.140845	0.258741	0.118881	0.109756	0.000000	0.116564	0.161765	0.095238	0.120000	0.280488	0.154930	0.260870	0.115854	0.121951	0.158537	0.179487	0.154639	0.087719	0.107527	0.141892	0.114094	0.128049	0.147826	0.145833	0.158273	0.087591	0.148649	0.128378	0.124224	0.128834	0.140244	0.161074	0.093168	0.129252	0.141975	0.298780	0.126582	0.270968	0.294118	0.355932	0.248366	0.268750	0.144928	0.085890	0.098160	0.109756	0.134146	0.121951	0.121951	0.148148	0.105263	0.130719	0.372671	0.267516	0.353659	0.146341	0.348684	0.091463	0.106870	0.118012	0.128834	0.271739	0.151899	0.329268	0.141975	0.158537	0.245283	0.138365	0.234177	0.202614	0.338710	0.285714	0.341935	0.348684	0.235714	0.168224	0.148148	0.101010	0.045455	0.141104	0.132075	0.142857	0.150000	0.085271	0.185841	0.115385	0.125000	0.109756	0.118421	0.140496	0.272727	0.291667	
0.100000	0.196809	0.085714	0.269006	0.088050	0.136364	0.206704	0.122807	0.137931	0.116564	0.000000	0.160494	0.105263	0.101695	0.250000	0.129412	0.233918	0.118227	0.109453	0.163366	0.146597	0.153846	0.057971	0.073171	0.126374	0.087432	0.103448	0.103704	0.127119	0.124260	0.128049	0.105556	0.114754	0.095477	0.099010	0.138614	0.101604	0.115000	0.092896	0.144279	0.251232	0.126904	0.248677	0.263441	0.243243	0.227513	0.258883	0.127907	0.079208	0.079208	0.114428	0.103448	0.073892	0.103448	0.129353	0.121739	0.094241	0.323232	0.221649	0.295567	0.128079	0.304813	0.074257	0.114650	0.090452	0.094059	0.206612	0.142857	0.270936	0.104478	0.162562	0.202020	0.147208	0.198980	0.174603	0.281046	0.105263	0.316062	0.294118	0.265896	0.128788	0.126984	0.085271	0.017857	0.128713	0.142132	0.111111	0.155556	0.100000	0.140741	0.071429	0.090909	0.118227	0.113514	0.093333	0.310345	0.214286	
0.100000	0.236111	0.150000	0.242857	0.142857	0.123288	0.225352	0.155844	0.209877	0.161765	0.160494	0.000000	0.125000	0.156863	0.234043	0.140625	0.212121	0.135802	0.125000	0.185185	0.126582	0.125000	0.086957	0.115385	0.120000	0.094595	0.098765	0.131148	0.132075	0.183099	0.148649	0.154930	0.138889	0.142857	0.135802	0.123457	0.135135	0.075949	0.115385	0.164557	0.246914	0.090909	0.256757	0.236842	0.321429	0.229730	0.243590	0.090909	0.100000	0.150000	0.126582	0.111111	0.123457	0.111111	0.137500	0.080000	0.106667	0.325000	0.197368	0.333333	0.135802	0.364865	0.098765	0.159420	0.139241	0.135802	0.227273	0.144737	0.308642	0.123457	0.172840	0.225000	0.151899	0.200000	0.184211	0.278689	0.222222	0.354430	0.250000	0.242857	0.140351	0.166667	0.117647	0.133333	0.137500	0.153846	0.000000	0.210526	0.125000	0.166667	0.250000	0.166667	0.135802	0.112676	0.155172	0.111111	0.363636	
0.067568	0.169014	0.035088	0.181818	0.046154	0.057971	0.117647	0.115942	0.155844	0.095238	0.105263	0.125000	0.000000	0.073171	0.236842	0.062500	0.241935	0.103896	0.065789	0.155844	0.144737	0.145833	0.076923	0.100000	0.080000	0.057971	0.090909	0.152174	0.037736	0.123077	0.095238	0.123288	0.142857	0.066667	0.116883	0.129870	0.111111	0.052632	0.115942	0.146667	0.233766	0.095890	0.289855	0.285714	0.266667	0.217391	0.253333	0.092308	0.038961	0.105263	0.053333	0.090909	0.051948	0.129870	0.090909	0.069767	0.057971	0.289474	0.178082	0.324675	0.090909	0.271429	0.064935	0.100000	0.078947	0.077922	0.255814	0.123288	0.233766	0.078947	0.103896	0.120000	0.105263	0.160000	0.178082	0.254237	0.000000	0.328767	0.271429	0.191176	0.111111	0.181818	0.020833	0.050000	0.131579	0.094595	0.250000	0.000000	0.068966	0.130435	0.250000	0.000000	0.090909	0.104478	0.096774	0.100000	0.000000	
0.093220	0.174312	0.082353	0.196078	0.052083	0.088235	0.180952	0.114286	0.142857	0.120000	0.101695	0.156863	0.073171	0.000000	0.200000	0.066667	0.191489	0.092437	0.110169	0.161017	0.107143	0.132353	0.105263	0.117647	0.117647	0.101852	0.092437	0.107143	0.109589	0.121212	0.154639	0.122642	0.146789	0.127119	0.117647	0.151261	0.137615	0.094017	0.132075	0.136752	0.218487	0.086207	0.163636	0.214953	0.212766	0.163636	0.163793	0.133333	0.075630	0.101695	0.117647	0.117647	0.092437	0.126050	0.084746	0.072464	0.089286	0.239316	0.182609	0.210084	0.100840	0.227273	0.075630	0.095745	0.101695	0.109244	0.149254	0.078947	0.201681	0.084746	0.184874	0.215517	0.147826	0.104348	0.116071	0.213483	0.222222	0.243478	0.194690	0.171717	0.105263	0.200000	0.041096	0.090909	0.109244	0.121739	0.200000	0.185185	0.095745	0.093333	0.058824	0.083333	0.100840	0.097345	0.120879	0.333333	0.105263	
0.225490	0.255102	0.308824	0.322581	0.222222	0.202128	0.333333	0.275862	0.269231	0.280488	0.250000	0.234043	0.236842	0.200000	0.000000	0.202381	0.111111	0.250000	0.194175	0.134615	0.158416	0.218182	0.261905	0.309091	0.247312	0.244898	0.240385	0.223881	0.275862	0.279070	0.294118	0.247191	0.268817	0.271845	0.221154	0.269231	0.265957	0.223301	0.260417	0.284314	0.298077	0.237624	0.102041	0.104167	0.081633	0.088235	0.148515	0.244186	0.211538	0.250000	0.233010	0.250000	0.211538	0.259615	0.196078	0.288136	0.222222	0.362745	0.340000	0.375000	0.259615	0.371134	0.242718	0.259740	0.215686	0.240385	0.306452	0.220000	0.336538	0.242718	0.269231	0.306931	0.303030	0.323529	0.298969	0.319444	0.300000	0.421569	0.350515	0.295455	0.238095	0.259259	0.172414	0.222222	0.269231	0.220000	0.200000	0.411765	0.258824	0.236111	0.125000	0.090909	0.269231	0.184783	0.207792	0.333333	0.153846	
0.107143	0.138365	0.066667	0.180556	0.066667	0.097222	0.198675	0.122449	0.164706	0.154930	0.129412	0.140625	0.062500	0.066667	0.202381	0.000000	0.133803	0.117647	0.077381	0.130178	0.112500	0.071429	0.100000	0.116505	0.143791	0.112583	0.100000	0.107143	0.120000	0.117241	0.162963	0.116883	0.163399	0.150602	0.106509	0.117647	0.101266	0.083832	0.099338	0.136905	0.158824	0.127273	0.188679	0.182390	0.179104	0.173077	0.175758	0.121622	0.070588	0.130178	0.095238	0.088235	0.082353	0.105882	0.070588	0.144330	0.074534	0.246988	0.170732	0.223529	0.100000	0.222930	0.106509	0.075758	0.114458	0.106509	0.161616	0.110429	0.188235	0.101190	0.164706	0.162651	0.140244	0.128049	0.114650	0.246154	0.058824	0.246914	0.245161	0.218310	0.106195	0.098039	0.056604	0.042553	0.094675	0.115854	0.142857	0.131579	0.090226	0.147826	0.043478	0.157895	0.105882	0.123377	0.064000	0.222222	0.153846	
0.236686	0.260870	0.226891	0.263889	0.214815	0.216216	0.326797	0.235714	0.284884	0.260870	0.233918	0.212121	0.241935	0.191489	0.111111	0.133803	0.000000	0.244186	0.176471	0.186047	0.175000	0.194175	0.216667	0.269231	0.258065	0.224359	0.203488	0.200000	0.240385	0.206897	0.281481	0.206667	0.281046	0.279762	0.222222	0.245614	0.240506	0.217647	0.233766	0.270588	0.284884	0.221557	0.073171	0.056250	0.106061	0.075000	0.119760	0.193103	0.204678	0.245614	0.217647	0.215116	0.191860	0.226744	0.204678	0.265306	0.186335	0.347305	0.286585	0.302326	0.203488	0.335443	0.222222	0.184615	0.224852	0.228070	0.250000	0.234940	0.308140	0.247059	0.290698	0.281437	0.244048	0.283133	0.259259	0.348148	0.176471	0.382716	0.356688	0.335616	0.196429	0.188679	0.209091	0.239130	0.216374	0.244048	0.500000	0.324324	0.218978	0.302752	0.080000	0.157895	0.250000	0.248408	0.179688	0.307692	0.166667	
0.099502	0.190476	0.064286	0.261628	0.056250	0.112994	0.222222	0.127907	0.147059	0.115854	0.118227	0.135802	0.103896	0.092437	0.250000	0.117647	0.244186	0.000000	0.103960	0.133005	0.140625	0.145299	0.115942	0.129032	0.120219	0.097826	0.117647	0.125000	0.117647	0.105882	0.115152	0.116022	0.108696	0.120000	0.118227	0.142857	0.117021	0.104478	0.135870	0.123762	0.254902	0.106061	0.231579	0.251337	0.253333	0.200000	0.237374	0.127168	0.088670	0.118227	0.103960	0.127451	0.112745	0.098039	0.108911	0.112069	0.119792	0.296482	0.210256	0.299020	0.122549	0.287234	0.118227	0.139241	0.100000	0.093596	0.206612	0.142132	0.274510	0.123762	0.161765	0.180905	0.151515	0.203046	0.168421	0.272727	0.105263	0.304124	0.281915	0.264368	0.098485	0.140625	0.062016	0.052632	0.128079	0.116162	0.111111	0.177778	0.068323	0.155556	0.068966	0.045455	0.107843	0.112903	0.105960	0.310345	0.142857	
0.105528	0.171123	0.057554	0.222222	0.075472	0.091429	0.191011	0.123529	0.133663	0.121951	0.109453	0.125000	0.065789	0.110169	0.194175	0.077381	0.176471	0.103960	0.000000	0.109453	0.125654	0.095652	0.101449	0.106557	0.116022	0.098361	0.113861	0.125000	0.110169	0.101190	0.134969	0.072222	0.131148	0.136364	0.099502	0.109453	0.096774	0.090452	0.131868	0.150000	0.222772	0.122449	0.195767	0.205405	0.200000	0.174603	0.188776	0.093023	0.074627	0.114428	0.099502	0.094059	0.108911	0.113861	0.085000	0.086957	0.073684	0.279188	0.196891	0.257426	0.118812	0.256684	0.079602	0.121795	0.085859	0.089552	0.183333	0.133333	0.242574	0.120000	0.123762	0.152284	0.137755	0.179487	0.132979	0.248366	0.055556	0.286458	0.279570	0.226744	0.107692	0.095238	0.078740	0.105263	0.099502	0.122449	0.222222	0.177778	0.068750	0.134328	0.068966	0.047619	0.084158	0.108108	0.067114	0.250000	0.178571	
0.140000	0.207447	0.135714	0.251462	0.094340	0.124294	0.250000	0.152047	0.182266	0.158537	0.163366	0.185185	0.155844	0.161017	0.134615	0.130178	0.186047	0.133005	0.109453	0.000000	0.130890	0.205128	0.144928	0.178862	0.137363	0.136612	0.142857	0.162963	0.169492	0.152941	0.175758	0.144444	0.125683	0.175879	0.163366	0.168317	0.165775	0.125000	0.180328	0.154229	0.270936	0.152284	0.195767	0.204301	0.162162	0.158730	0.203046	0.156977	0.123762	0.138614	0.134328	0.147783	0.133005	0.137931	0.114428	0.172414	0.136126	0.313131	0.226804	0.285714	0.137931	0.288770	0.148515	0.146497	0.135678	0.148515	0.183333	0.183673	0.270936	0.169154	0.187192	0.202020	0.172589	0.214286	0.201058	0.281046	0.157895	0.310881	0.304813	0.260116	0.152672	0.125000	0.093750	0.089286	0.153465	0.157360	0.111111	0.266667	0.118012	0.170370	0.034483	0.136364	0.133005	0.151351	0.153333	0.275862	0.250000	
0.126984	0.196629	0.143939	0.248485	0.100000	0.149701	0.213018	0.154321	0.187500	0.179487	0.146597	0.126582	0.144737	0.107143	0.158416	0.112500	0.175000	0.140625	0.125654	0.130890	0.000000	0.166667	0.134328	0.173913	0.160920	0.121387	0.130208	0.108527	0.131579	0.142857	0.184713	0.138728	0.142857	0.164894	0.157068	0.141361	0.157303	0.095238	0.149425	0.152632	0.255208	0.118280	0.146067	0.164773	0.140845	0.129213	0.161290	0.151515	0.109948	0.157068	0.141361	0.145833	0.145833	0.135417	0.136842	0.165138	0.127072	0.313830	0.224044	0.291667	0.135417	0.299435	0.136126	0.142857	0.122340	0.146597	0.191304	0.151351	0.265625	0.131579	0.177083	0.218085	0.198925	0.208556	0.178771	0.267606	0.062500	0.306011	0.289773	0.222892	0.142857	0.203390	0.113821	0.092593	0.146597	0.161290	0.125000	0.162791	0.138158	0.186047	0.111111	0.105263	0.145833	0.136364	0.180556	0.407407	0.148148	
0.130435	0.233645	0.107143	0.217822	0.087912	0.168317	0.203883	0.121212	0.128205	0.154639	0.153846	0.125000	0.145833	0.132353	0.218182	0.071429	0.194175	0.145299	0.095652	0.205128	0.166667	0.000000	0.153846	0.098592	0.134615	0.144231	0.128205	0.075000	0.138889	0.122449	0.086957	0.088235	0.166667	0.176991	0.145299	0.128205	0.133333	0.103448	0.160377	0.179487	0.247863	0.156522	0.209091	0.256881	0.255814	0.212963	0.201754	0.154639	0.120690	0.146552	0.121739	0.145299	0.153846	0.102564	0.129310	0.057143	0.138889	0.330435	0.210526	0.273504	0.102564	0.261682	0.145299	0.133333	0.113043	0.102564	0.211268	0.168142	0.273504	0.129310	0.170940	0.210526	0.147826	0.210526	0.172727	0.263736	0.083333	0.339286	0.275229	0.235294	0.118421	0.153846	0.093333	0.071429	0.112069	0.149123	0.500000	0.142857	0.122222	0.207792	0.066667	0.071429	0.128205	0.113208	0.080460	0.000000	0.153846	
0.029851	0.215385	0.066667	0.283333	0.103448	0.081967	0.266667	0.109091	0.173913	0.087719	0.057971	0.086957	0.076923	0.105263	0.261905	0.100000	0.216667	0.115942	0.101449	0.144928	0.134328	0.153846	0.000000	0.075000	0.129032	0.092308	0.101449	0.071429	0.081081	0.086207	0.134615	0.084746	0.098361	0.074627	0.117647	0.147059	0.092308	0.117647	0.067797	0.194030	0.304348	0.121212	0.242424	0.212121	0.208333	0.200000	0.238806	0.101695	0.088235	0.101449	0.073529	0.130435	0.086957	0.043478	0.072464	0.146341	0.059701	0.323529	0.215385	0.362319	0.115942	0.400000	0.072464	0.102041	0.106061	0.115942	0.261905	0.138462	0.275362	0.144928	0.115942	0.196970	0.166667	0.188406	0.125000	0.220000	0.200000	0.298507	0.253968	0.258621	0.212766	0.100000	0.065217	0.047619	0.115942	0.136364	0.000000	0.153846	0.050000	0.217391	0.000000	0.000000	0.057971	0.109375	0.127273	0.133333	0.222222	
0.105691	0.173913	0.085366	0.267327	0.120000	0.113208	0.203540	0.098039	0.080645	0.107527	0.073171	0.115385	0.100000	0.117647	0.309091	0.116505	0.269231	0.129032	0.106557	0.178862	0.173913	0.098592	0.075000	0.000000	0.081081	0.082569	0.088710	0.097561	0.083333	0.111111	0.042105	0.088496	0.101852	0.105691	0.105691	0.088710	0.060345	0.081967	0.098214	0.120968	0.258065	0.142857	0.298246	0.286957	0.319149	0.269565	0.300000	0.141509	0.112903	0.113821	0.131148	0.072581	0.112903	0.088710	0.129032	0.060606	0.109244	0.365854	0.220339	0.338710	0.137097	0.348214	0.072581	0.122449	0.115702	0.121951	0.256757	0.140496	0.266129	0.154472	0.193548	0.204918	0.115702	0.214876	0.191304	0.343434	0.200000	0.308333	0.315789	0.277228	0.134146	0.200000	0.125000	0.135135	0.121951	0.147541	0.000000	0.033333	0.052083	0.192771	0.062500	0.230769	0.137097	0.141593	0.142857	0.266667	0.352941	
0.122222	0.200000	0.104000	0.298701	0.116438	0.126582	0.248447	0.121019	0.153005	0.141892	0.126374	0.120000	0.080000	0.117647	0.247312	0.143791	0.258065	0.120219	0.116022	0.137363	0.160920	0.134615	0.129032	0.081081	0.000000	0.128049	0.109290	0.128205	0.114286	0.149351	0.105960	0.120482	0.119760	0.156425	0.142857	0.148352	0.143713	0.116022	0.165680	0.132597	0.278689	0.152542	0.266272	0.288235	0.250000	0.235294	0.264045	0.157895	0.115385	0.120879	0.154696	0.109290	0.125683	0.109290	0.149171	0.108911	0.139535	0.329609	0.262857	0.316940	0.142077	0.291667	0.098361	0.132867	0.134078	0.131868	0.233645	0.159091	0.295082	0.171271	0.185792	0.206704	0.117978	0.215909	0.182353	0.276596	0.062500	0.323699	0.291667	0.297468	0.158333	0.142857	0.128205	0.188679	0.131868	0.134831	0.111111	0.102564	0.063830	0.181818	0.120000	0.190476	0.142077	0.127273	0.147059	0.320000	0.250000	
0.077348	0.170588	0.078740	0.235669	0.069444	0.082803	0.187500	0.096154	0.108696	0.114094	0.087432	0.094595	0.057971	0.101852	0.244898	0.112583	0.224359	0.097826	0.098361	0.136612	0.121387	0.144231	0.092308	0.082569	0.128049	0.000000	0.081522	0.079365	0.092593	0.110390	0.120805	0.096386	0.101796	0.072222	0.092896	0.098361	0.100592	0.060773	0.102410	0.115385	0.222826	0.073034	0.224138	0.232143	0.231884	0.186047	0.219101	0.096154	0.065574	0.087432	0.087432	0.086957	0.070652	0.086957	0.104396	0.102804	0.081395	0.290503	0.187500	0.282609	0.103261	0.289017	0.076503	0.090909	0.071429	0.081967	0.194444	0.135593	0.266304	0.115385	0.141304	0.194444	0.134078	0.203390	0.170588	0.229630	0.058824	0.320000	0.284024	0.234177	0.125000	0.118644	0.068376	0.100000	0.114754	0.101124	0.125000	0.128205	0.075862	0.154472	0.178571	0.100000	0.092391	0.113772	0.152174	0.370370	0.160000	
0.084577	0.179894	0.085714	0.220930	0.093750	0.124294	0.216667	0.069767	0.147059	0.128049	0.103448	0.098765	0.090909	0.092437	0.240385	0.100000	0.203488	0.117647	0.113861	0.142857	0.130208	0.128205	0.101449	0.088710	0.109290	0.081522	0.000000	0.073529	0.092437	0.105882	0.103030	0.088398	0.130435	0.115000	0.113300	0.123153	0.111702	0.084577	0.108696	0.133663	0.215686	0.121212	0.221053	0.224599	0.253333	0.205263	0.222222	0.109827	0.088670	0.108374	0.103960	0.127451	0.093137	0.117647	0.118812	0.112069	0.088542	0.306533	0.205128	0.289216	0.102941	0.303191	0.098522	0.088608	0.110000	0.093596	0.214876	0.147208	0.264706	0.123762	0.181373	0.206030	0.121212	0.187817	0.163158	0.266234	0.052632	0.324742	0.287234	0.258621	0.113636	0.140625	0.085271	0.070175	0.103448	0.126263	0.222222	0.111111	0.080745	0.155556	0.103448	0.136364	0.127451	0.107527	0.119205	0.379310	0.107143	
0.096296	0.210938	0.106383	0.250000	0.094340	0.146552	0.247863	0.121739	0.110294	0.147826	0.103704	0.131148	0.152174	0.107143	0.223881	0.107143	0.200000	0.125000	0.125000	0.162963	0.108527	0.075000	0.071429	0.097561	0.128205	0.079365	0.073529	0.000000	0.083333	0.118182	0.107143	0.106557	0.152000	0.149254	0.139706	0.110294	0.140625	0.067669	0.163934	0.154412	0.250000	0.105263	0.215385	0.240000	0.244444	0.221374	0.246154	0.123967	0.096296	0.118519	0.125000	0.110294	0.117647	0.125000	0.141791	0.093333	0.115385	0.310606	0.215385	0.279412	0.110294	0.312500	0.111111	0.142857	0.096296	0.096296	0.231707	0.160305	0.264706	0.133333	0.169118	0.233083	0.162963	0.221374	0.156250	0.270000	0.076923	0.294574	0.263566	0.250000	0.136364	0.186047	0.077778	0.073171	0.111111	0.149254	0.000000	0.166667	0.111111	0.197802	0.173913	0.090909	0.117647	0.119048	0.147368	0.380952	0.000000	
0.128205	0.185185	0.125000	0.261682	0.073684	0.125000	0.198113	0.110000	0.134454	0.145833	0.127119	0.132075	0.037736	0.109589	0.275862	0.120000	0.240385	0.117647	0.110169	0.169492	0.131579	0.138889	0.081081	0.083333	0.114286	0.092593	0.092437	0.083333	0.000000	0.137255	0.104167	0.101852	0.121495	0.155172	0.127119	0.126050	0.178571	0.059829	0.157407	0.119658	0.235294	0.114035	0.229358	0.270270	0.227273	0.216216	0.260870	0.142857	0.093220	0.118644	0.127119	0.134454	0.142857	0.126050	0.144068	0.111111	0.098214	0.293103	0.178571	0.319328	0.117647	0.254545	0.127119	0.172414	0.117647	0.109244	0.220588	0.168142	0.252101	0.118644	0.193277	0.211864	0.111111	0.166667	0.212389	0.223529	0.083333	0.279279	0.270270	0.262136	0.117647	0.243902	0.082192	0.096774	0.127119	0.132743	0.250000	0.192308	0.085106	0.173333	0.200000	0.100000	0.109244	0.114286	0.113636	0.333333	0.187500	
0.089820	0.191083	0.073770	0.275862	0.111111	0.119205	0.238411	0.145833	0.147059	0.158273	0.124260	0.183099	0.123077	0.121212	0.279070	0.117241	0.206897	0.105882	0.101190	0.152941	0.142857	0.122449	0.086207	0.111111	0.149351	0.110390	0.105882	0.118182	0.137255	0.000000	0.141844	0.107383	0.117647	0.126506	0.118343	0.100592	0.126582	0.101796	0.168831	0.154762	0.247059	0.133333	0.212500	0.230769	0.263158	0.222930	0.228916	0.105634	0.112426	0.130178	0.095238	0.135294	0.135294	0.100000	0.130178	0.122449	0.113208	0.309091	0.233129	0.300000	0.111765	0.301282	0.124260	0.106870	0.119760	0.106509	0.205882	0.163636	0.294118	0.147929	0.158824	0.173653	0.140244	0.208589	0.145570	0.288000	0.125000	0.327160	0.305732	0.277778	0.132743	0.137255	0.085714	0.062500	0.100000	0.146341	0.285714	0.184211	0.094203	0.155172	0.041667	0.058824	0.117647	0.123377	0.079365	0.250000	0.173913	
0.135802	0.233766	0.112069	0.302158	0.112782	0.147651	0.263514	0.106383	0.109091	0.087591	0.128049	0.148649	0.095238	0.154639	0.294118	0.162963	0.281481	0.115152	0.134969	0.175758	0.184713	0.086957	0.134615	0.042105	0.105960	0.120805	0.103030	0.107143	0.104167	0.141844	0.000000	0.113333	0.172185	0.117284	0.170732	0.146341	0.130719	0.098765	0.139073	0.141104	0.290909	0.144654	0.264901	0.273333	0.240741	0.230769	0.262500	0.178571	0.115854	0.133333	0.140244	0.157576	0.145455	0.127273	0.141104	0.080808	0.136364	0.372671	0.275641	0.339394	0.139394	0.357616	0.128049	0.176923	0.124224	0.121951	0.291667	0.194969	0.321212	0.176829	0.200000	0.226994	0.138365	0.246835	0.194805	0.363636	0.125000	0.356688	0.322148	0.260563	0.162162	0.203704	0.117647	0.085106	0.146341	0.157233	0.166667	0.114286	0.115385	0.168224	0.120000	0.200000	0.115152	0.127517	0.135593	0.347826	0.250000	
0.117978	0.213018	0.104839	0.226667	0.097222	0.132911	0.211180	0.096154	0.121547	0.148649	0.105556	0.154930	0.123288	0.122642	0.247191	0.116883	0.206667	0.116022	0.072222	0.144444	0.138728	0.088235	0.084746	0.088496	0.120482	0.096386	0.088398	0.106557	0.101852	0.107383	0.113333	0.000000	0.138554	0.117318	0.077778	0.100000	0.112426	0.089888	0.104938	0.128492	0.232044	0.125714	0.208333	0.228916	0.261538	0.202381	0.222857	0.128205	0.105556	0.122222	0.099448	0.143646	0.116022	0.088398	0.094972	0.100000	0.070175	0.316384	0.242775	0.292818	0.116022	0.295181	0.111111	0.163121	0.090395	0.094444	0.203883	0.166667	0.265193	0.134078	0.149171	0.186441	0.142045	0.194286	0.160714	0.268116	0.117647	0.319767	0.303030	0.232258	0.129310	0.133333	0.102564	0.074074	0.116667	0.154286	0.142857	0.214286	0.097902	0.169492	0.137931	0.050000	0.077348	0.113095	0.097744	0.304348	0.240000	
0.126374	0.196532	0.120968	0.298701	0.096552	0.148148	0.248447	0.139241	0.152174	0.128378	0.114754	0.138889	0.142857	0.146789	0.268817	0.163399	0.281046	0.108696	0.131148	0.125683	0.142857	0.166667	0.098361	0.101852	0.119760	0.101796	0.130435	0.152000	0.121495	0.117647	0.172185	0.138554	0.000000	0.160221	0.142077	0.125683	0.145349	0.121547	0.156627	0.142857	0.282609	0.138889	0.251462	0.281437	0.289855	0.229412	0.264045	0.133758	0.120219	0.103825	0.141304	0.114130	0.135870	0.097826	0.137363	0.133333	0.139535	0.322222	0.221591	0.304348	0.141304	0.294118	0.131148	0.153846	0.105556	0.142077	0.207207	0.141243	0.288043	0.142857	0.179348	0.184358	0.172222	0.240223	0.190751	0.284672	0.176471	0.329545	0.307692	0.280255	0.144068	0.103448	0.096491	0.078431	0.142077	0.145251	0.000000	0.142857	0.097902	0.180328	0.111111	0.190476	0.135870	0.130178	0.147059	0.320000	0.280000	
0.106599	0.221622	0.080292	0.273810	0.088608	0.125714	0.244318	0.130952	0.155000	0.124224	0.095477	0.142857	0.066667	0.127119	0.271845	0.150602	0.279762	0.120000	0.136364	0.175879	0.164894	0.176991	0.074627	0.105691	0.156425	0.072222	0.115000	0.149254	0.155172	0.126506	0.117284	0.117318	0.160221	0.000000	0.105528	0.145729	0.118919	0.126904	0.116667	0.161616	0.275000	0.108247	0.268817	0.284153	0.270270	0.236559	0.273196	0.169591	0.080402	0.125628	0.105528	0.140000	0.110000	0.140000	0.131313	0.097345	0.127660	0.348718	0.256545	0.325000	0.145000	0.331522	0.110553	0.136364	0.107143	0.110553	0.226891	0.176166	0.305000	0.146465	0.170000	0.230769	0.170103	0.227979	0.182796	0.306667	0.105263	0.357895	0.318919	0.264706	0.147287	0.171875	0.110236	0.036364	0.150754	0.170103	0.111111	0.155556	0.113924	0.151515	0.142857	0.090909	0.125000	0.131148	0.156463	0.357143	0.148148	
0.100000	0.207447	0.092857	0.263158	0.075472	0.125000	0.229050	0.122807	0.128079	0.128834	0.099010	0.135802	0.116883	0.117647	0.221154	0.106509	0.222222	0.118227	0.099502	0.163366	0.157068	0.145299	0.117647	0.105691	0.142857	0.092896	0.113300	0.139706	0.127119	0.118343	0.170732	0.077778	0.142077	0.105528	0.000000	0.128713	0.112299	0.115000	0.103825	0.144279	0.231527	0.116751	0.248677	0.258065	0.266667	0.226316	0.243655	0.145349	0.079208	0.118812	0.119403	0.118227	0.093596	0.118227	0.104478	0.129310	0.099476	0.303030	0.221649	0.295567	0.128079	0.303191	0.099010	0.121019	0.100503	0.084158	0.216667	0.142857	0.270936	0.129353	0.182266	0.191919	0.157360	0.183673	0.195767	0.266234	0.157895	0.326425	0.308511	0.260116	0.151515	0.111111	0.093750	0.052632	0.138614	0.116751	0.111111	0.222222	0.099379	0.179104	0.137931	0.045455	0.142857	0.129730	0.093333	0.275862	0.250000	
0.120000	0.202128	0.100719	0.269006	0.113208	0.130682	0.217877	0.134503	0.123153	0.140244	0.138614	0.123457	0.129870	0.151261	0.269231	0.117647	0.245614	0.142857	0.109453	0.168317	0.141361	0.128205	0.147059	0.088710	0.148352	0.098361	0.123153	0.110294	0.126050	0.100592	0.146341	0.100000	0.125683	0.145729	0.128713	0.000000	0.122995	0.075000	0.153005	0.109453	0.246305	0.137056	0.243386	0.236559	0.253333	0.227513	0.243655	0.110465	0.103960	0.143564	0.099502	0.103448	0.137931	0.123153	0.139303	0.120690	0.130890	0.326633	0.231959	0.300493	0.137931	0.304813	0.133663	0.132911	0.115578	0.148515	0.191667	0.153061	0.285714	0.134328	0.187192	0.176768	0.137056	0.209184	0.169312	0.274510	0.105263	0.310881	0.304813	0.254335	0.160305	0.158730	0.109375	0.105263	0.118812	0.142132	0.222222	0.200000	0.099379	0.149254	0.137931	0.090909	0.123153	0.118919	0.133333	0.241379	0.250000	
0.118280	0.189655	0.053435	0.259494	0.107383	0.140244	0.224242	0.121019	0.143617	0.161074	0.101604	0.135135	0.111111	0.137615	0.265957	0.101266	0.240506	0.117021	0.096774	0.165775	0.157303	0.133333	0.092308	0.060345	0.143713	0.100592	0.111702	0.140625	0.178571	0.126582	0.130719	0.112426	0.145349	0.118919	0.112299	0.122995	0.000000	0.118919	0.077381	0.155914	0.255319	0.148352	0.264368	0.251462	0.228571	0.218391	0.256831	0.141975	0.096257	0.133690	0.122995	0.090426	0.095745	0.138298	0.117647	0.120370	0.117318	0.311475	0.205556	0.308511	0.132979	0.306358	0.101604	0.131034	0.114130	0.117647	0.211009	0.143646	0.281915	0.139785	0.186170	0.195652	0.164835	0.226519	0.155172	0.295775	0.105263	0.335196	0.279070	0.291139	0.132231	0.135593	0.105691	0.070175	0.128342	0.137363	0.111111	0.095238	0.114865	0.146341	0.103448	0.150000	0.122340	0.145349	0.127660	0.321429	0.200000	
0.090909	0.172043	0.087591	0.217647	0.069182	0.103448	0.202247	0.100592	0.109453	0.093168	0.115000	0.075949	0.052632	0.094017	0.223301	0.083832	0.217647	0.104478	0.090452	0.125000	0.095238	0.103448	0.117647	0.081967	0.116022	0.060773	0.084577	0.067669	0.059829	0.101796	0.098765	0.089888	0.121547	0.126904	0.115000	0.075000	0.118919	0.000000	0.110497	0.105528	0.213930	0.102564	0.203209	0.222826	0.213333	0.191489	0.209184	0.094118	0.075000	0.115000	0.085427	0.094527	0.119403	0.094527	0.105528	0.103448	0.095238	0.285714	0.187500	0.273632	0.079602	0.281081	0.105000	0.108974	0.091371	0.110000	0.210084	0.134021	0.253731	0.110553	0.179104	0.183673	0.123077	0.200000	0.165775	0.276316	0.055556	0.291667	0.264865	0.218391	0.129771	0.140625	0.070866	0.105263	0.110000	0.107143	0.222222	0.177778	0.075949	0.171642	0.137931	0.090909	0.094527	0.103261	0.121622	0.310345	0.269231	
0.121547	0.192982	0.086614	0.264516	0.118056	0.137500	0.234568	0.114650	0.168478	0.129252	0.092896	0.115385	0.115942	0.132075	0.260417	0.099338	0.233766	0.135870	0.131868	0.180328	0.149425	0.160377	0.067797	0.098214	0.165680	0.102410	0.108696	0.163934	0.157407	0.168831	0.139073	0.104938	0.156627	0.116667	0.103825	0.153005	0.077381	0.110497	0.000000	0.159341	0.260870	0.140449	0.252941	0.251462	0.250000	0.239766	0.258427	0.149351	0.103825	0.131148	0.120879	0.130435	0.086957	0.130435	0.104396	0.108911	0.098266	0.324022	0.250000	0.309783	0.152174	0.343195	0.120219	0.136054	0.137363	0.131148	0.203704	0.163842	0.293478	0.120879	0.206522	0.195531	0.150000	0.202247	0.194118	0.312057	0.105263	0.333333	0.335294	0.259494	0.151261	0.189655	0.096491	0.039216	0.142077	0.134831	0.111111	0.108108	0.118881	0.162602	0.142857	0.150000	0.119565	0.148810	0.129496	0.307692	0.250000	
0.155779	0.192513	0.135714	0.258824	0.088608	0.137143	0.207865	0.105882	0.128713	0.141975	0.144279	0.164557	0.146667	0.136752	0.284314	0.136905	0.270588	0.123762	0.150000	0.154229	0.152632	0.179487	0.194030	0.120968	0.132597	0.115385	0.133663	0.154412	0.119658	0.154762	0.141104	0.128492	0.142857	0.161616	0.144279	0.109453	0.155914	0.105528	0.159341	0.000000	0.242574	0.127551	0.265957	0.270270	0.273973	0.228723	0.244898	0.144509	0.114428	0.124378	0.150000	0.103960	0.128713	0.118812	0.150000	0.157895	0.141361	0.309645	0.200000	0.292079	0.158416	0.279570	0.134328	0.152866	0.136364	0.139303	0.198347	0.147208	0.272277	0.150000	0.193069	0.192893	0.137755	0.205128	0.212766	0.253247	0.105263	0.307292	0.290323	0.255814	0.176923	0.171875	0.131783	0.087719	0.129353	0.136364	0.000000	0.209302	0.113208	0.192593	0.241379	0.095238	0.153465	0.135870	0.174497	0.296296	0.230769	
0.253731	0.222222	0.242857	0.250000	0.237500	0.242938	0.216667	0.232558	0.274510	0.298780	0.251232	0.246914	0.233766	0.218487	0.298077	0.158824	0.284884	0.254902	0.222772	0.270936	0.255208	0.247863	0.304348	0.258065	0.278689	0.222826	0.215686	0.250000	0.235294	0.247059	0.290909	0.232044	0.282609	0.275000	0.231527	0.246305	0.255319	0.213930	0.260870	0.242574	0.000000	0.262626	0.315789	0.294118	0.253333	0.300000	0.282828	0.260116	0.216749	0.246305	0.242574	0.235294	0.230392	0.225490	0.237624	0.275862	0.197917	0.266332	0.225641	0.240196	0.230392	0.297872	0.246305	0.234177	0.230000	0.261084	0.256198	0.233503	0.254902	0.232673	0.269608	0.266332	0.287879	0.223350	0.294737	0.246753	0.315789	0.293814	0.255319	0.264368	0.242424	0.203125	0.248062	0.192982	0.251232	0.242424	0.222222	0.288889	0.236025	0.274074	0.241379	0.227273	0.264706	0.263441	0.258278	0.413793	0.214286	
0.122449	0.201087	0.101449	0.246988	0.076923	0.086705	0.234286	0.137725	0.131313	0.126582	0.126904	0.090909	0.095890	0.086207	0.237624	0.127273	0.221557	0.106061	0.122449	0.152284	0.118280	0.156522	0.121212	0.142857	0.152542	0.073034	0.121212	0.105263	0.114035	0.133333	0.144654	0.125714	0.138889	0.108247	0.116751	0.137056	0.148352	0.102564	0.140449	0.127551	0.262626	0.000000	0.220430	0.240437	0.216216	0.200000	0.223958	0.125749	0.086294	0.086294	0.117347	0.116162	0.101010	0.116162	0.112245	0.123894	0.118280	0.305699	0.231579	0.282828	0.136364	0.280220	0.106599	0.124183	0.097938	0.101523	0.201681	0.146597	0.272727	0.132653	0.176768	0.212435	0.156250	0.204188	0.183784	0.264901	0.111111	0.308511	0.296703	0.244048	0.117188	0.222222	0.096774	0.107143	0.152284	0.135417	0.250000	0.155556	0.095541	0.179104	0.178571	0.000000	0.116162	0.127778	0.163265	0.310345	0.142857	
0.234043	0.273743	0.242424	0.279503	0.208054	0.225610	0.321429	0.257862	0.284211	0.270968	0.248677	0.256757	0.289855	0.163636	0.102041	0.188679	0.073171	0.231579	0.195767	0.195767	0.146067	0.209091	0.242424	0.298246	0.266272	0.224138	0.221053	0.215385	0.229358	0.212500	0.264901	0.208333	0.251462	0.268817	0.248677	0.243386	0.264368	0.203209	0.252941	0.265957	0.315789	0.220430	0.000000	0.068182	0.086957	0.055866	0.092391	0.204969	0.211640	0.232804	0.228723	0.242105	0.236842	0.231579	0.207447	0.247706	0.207865	0.367568	0.289617	0.336842	0.226316	0.320000	0.238095	0.219178	0.213904	0.232804	0.294643	0.228261	0.310526	0.239362	0.289474	0.291892	0.264865	0.273224	0.241573	0.347222	0.166667	0.361111	0.335227	0.304348	0.188525	0.262295	0.201681	0.250000	0.221053	0.250000	0.444444	0.333333	0.234899	0.253968	0.035714	0.150000	0.236842	0.219653	0.226950	0.379310	0.192308	
0.244565	0.278409	0.257812	0.280255	0.232877	0.226994	0.331288	0.283019	0.299465	0.294118	0.263441	0.236842	0.285714	0.214953	0.104167	0.182390	0.056250	0.251337	0.205405	0.204301	0.164773	0.256881	0.212121	0.286957	0.288235	0.232143	0.224599	0.240000	0.270270	0.230769	0.273333	0.228916	0.281437	0.284153	0.258065	0.236559	0.251462	0.222826	0.251462	0.270270	0.294118	0.240437	0.068182	0.000000	0.057143	0.050847	0.110497	0.203822	0.231183	0.263441	0.248649	0.240642	0.229947	0.224599	0.221622	0.283019	0.205714	0.351648	0.292135	0.315508	0.240642	0.346821	0.258065	0.244755	0.234973	0.263441	0.250000	0.248619	0.315508	0.264865	0.278075	0.284153	0.285714	0.307692	0.241379	0.361111	0.157895	0.367232	0.339181	0.301887	0.250000	0.262295	0.213675	0.250000	0.236559	0.259669	0.222222	0.350000	0.262069	0.235772	0.076923	0.190476	0.251337	0.254438	0.266187	0.320000	0.240000	
0.243243	0.257576	0.235294	0.303030	0.192982	0.209677	0.306452	0.281250	0.280000	0.355932	0.243243	0.321429	0.266667	0.212766	0.081633	0.179104	0.106061	0.253333	0.200000	0.162162	0.140845	0.255814	0.208333	0.319149	0.250000	0.231884	0.253333	0.244444	0.227273	0.263158	0.240741	0.261538	0.289855	0.270270	0.266667	0.253333	0.228571	0.213333	0.250000	0.273973	0.253333	0.216216	0.086957	0.057143	0.000000	0.028169	0.123288	0.238095	0.213333	0.256757	0.293333	0.253333	0.253333	0.253333	0.202703	0.297872	0.239437	0.320000	0.267606	0.333333	0.253333	0.314286	0.256757	0.245614	0.253333	0.280000	0.222222	0.267606	0.306667	0.229730	0.293333	0.260274	0.310811	0.273973	0.298507	0.233333	0.000000	0.342466	0.357143	0.338462	0.244444	0.333333	0.170732	0.347826	0.229730	0.253521	0.200000	0.500000	0.216667	0.265306	0.000000	0.142857	0.253333	0.287879	0.280702	0.363636	0.200000	
