0.000000	0.187166	0.063830	0.270588	0.096154	0.110465	0.196629	0.117647	0.158416	0.154321	0.114428	0.132530	0.092105	0.130435	0.264151	0.112426	0.226744	0.084158	0.135000	0.148515	0.158730	0.105263	0.142857	0.116279	0.125683	0.104396	0.128713	0.102190	0.168067	0.107784	0.154321	0.089888	0.120219	0.135678	0.129353	0.094527	0.102703	0.095477	0.135870	0.169154	0.222772	0.116751	0.264550	0.239362	0.260274	0.228723	0.250000	0.087719	0.099010	0.124378	0.120603	0.105000	0.128713	0.103960	0.075377	0.098214	0.099476	0.323232	0.190722	0.258706	0.118812	0.317204	0.109453	0.108280	0.111111	0.084577	0.229508	0.153061	0.282178	0.140000	0.153465	0.167513	0.132653	0.215385	0.171123	0.224359	0.055556	0.336788	0.245989	0.260355	0.109375	0.104478	0.113636	0.105263	0.109453	0.150754	0.125000	0.166667	0.086420	0.137405	0.214286	0.095238	0.118812	0.119565	0.111842	0.370370	0.200000	
0.187166	0.000000	0.159091	0.234177	0.175676	0.195122	0.194118	0.220126	0.226316	0.250000	0.201058	0.240000	0.164384	0.198113	0.264706	0.156250	0.262195	0.168421	0.196809	0.205263	0.235955	0.207547	0.250000	0.206612	0.184971	0.198830	0.194737	0.215385	0.190909	0.235669	0.207792	0.189349	0.235632	0.219251	0.227513	0.195767	0.213873	0.192513	0.201149	0.238095	0.184211	0.194595	0.300000	0.273743	0.246154	0.279330	0.277174	0.154321	0.168421	0.205263	0.208556	0.218085	0.215789	0.189474	0.176471	0.240385	0.189944	0.295699	0.252747	0.253968	0.194737	0.291429	0.164021	0.206667	0.182796	0.201058	0.234234	0.217391	0.268421	0.207447	0.205263	0.205405	0.225806	0.264865	0.197740	0.244898	0.105263	0.274725	0.250000	0.279503	0.201681	0.234375	0.204918	0.250000	0.211640	0.207447	0.125000	0.195122	0.178808	0.196721	0.285714	0.250000	0.200000	0.201149	0.179310	0.240000	0.217391	
0.063830	0.159091	0.000000	0.260504	0.044248	0.083333	0.179688	0.107438	0.140845	0.085470	0.092199	0.140625	0.050000	0.084337	0.287671	0.065574	0.227642	0.077465	0.113475	0.119718	0.172932	0.084337	0.122449	0.056818	0.062016	0.069767	0.063380	0.083333	0.156627	0.088710	0.111111	0.072000	0.119048	0.064286	0.112676	0.085106	0.068702	0.100719	0.083969	0.147887	0.190141	0.100000	0.268657	0.248120	0.235294	0.219697	0.280576	0.049180	0.063380	0.092199	0.079137	0.042857	0.084507	0.063380	0.028571	0.037975	0.089552	0.311594	0.204380	0.283688	0.098592	0.325758	0.049645	0.094828	0.078571	0.070922	0.216867	0.108696	0.267606	0.121429	0.105634	0.115108	0.107914	0.214815	0.131783	0.243243	0.071429	0.313433	0.259542	0.239316	0.063158	0.066667	0.042553	0.055556	0.120567	0.114286	0.000000	0.064516	0.068966	0.100000	0.105263	0.083333	0.091549	0.069231	0.046296	0.304348	0.117647	
0.270588	0.234177	0.260504	0.000000	0.233083	0.222222	0.223684	0.301370	0.306358	0.330986	0.279070	0.301370	0.205882	0.212121	0.298969	0.193103	0.292517	0.254335	0.226744	0.236994	0.278788	0.230000	0.301587	0.299065	0.318471	0.284810	0.271676	0.305085	0.302752	0.303448	0.345324	0.240000	0.270968	0.282353	0.308140	0.261628	0.235669	0.257310	0.259494	0.313953	0.254335	0.257485	0.339506	0.316770	0.276923	0.302469	0.288235	0.221477	0.242775	0.284884	0.280702	0.304094	0.300578	0.254335	0.258824	0.234043	0.271605	0.235294	0.242424	0.220930	0.248555	0.232704	0.238372	0.253731	0.270588	0.273256	0.225490	0.242604	0.225434	0.245614	0.242775	0.248521	0.275449	0.261905	0.211180	0.274809	0.214286	0.271084	0.253086	0.253425	0.297297	0.271186	0.252174	0.282609	0.277457	0.282353	0.500000	0.233333	0.291971	0.218182	0.291667	0.125000	0.236994	0.268750	0.240310	0.318182	0.315789	
0.096154	0.175676	0.044248	0.233083	0.000000	0.094203	0.164286	0.131783	0.132911	0.089431	0.101911	0.190476	0.045455	0.076087	0.204819	0.067669	0.237037	0.056962	0.108280	0.101266	0.182432	0.111111	0.137931	0.117647	0.102740	0.084507	0.088608	0.114286	0.105263	0.127820	0.145038	0.084507	0.111888	0.101911	0.133758	0.108280	0.115646	0.108280	0.118056	0.171975	0.196203	0.077922	0.251701	0.246575	0.196429	0.194631	0.232258	0.080882	0.063291	0.095541	0.076923	0.076433	0.113924	0.075949	0.083333	0.133333	0.060811	0.292208	0.185430	0.221519	0.094937	0.272109	0.063694	0.106557	0.077922	0.070064	0.181818	0.111111	0.253165	0.121019	0.101266	0.141935	0.137255	0.190789	0.148649	0.223140	0.176471	0.271523	0.238095	0.251908	0.079208	0.132075	0.038835	0.104167	0.121019	0.096154	0.142857	0.187500	0.064516	0.117647	0.125000	0.058824	0.082278	0.062500	0.077586	0.250000	0.200000	
0.110465	0.195122	0.083333	0.222222	0.094203	0.000000	0.155844	0.149660	0.177143	0.171429	0.109195	0.205479	0.070423	0.122449	0.216495	0.084507	0.202703	0.091429	0.080925	0.102857	0.157576	0.170000	0.080645	0.155963	0.132911	0.116129	0.125714	0.182609	0.125000	0.114865	0.184932	0.121795	0.150000	0.137931	0.137931	0.114943	0.111801	0.116279	0.150000	0.189655	0.165714	0.116959	0.216049	0.202454	0.150000	0.164634	0.188235	0.102041	0.097143	0.120000	0.127168	0.091954	0.148571	0.120000	0.098837	0.171717	0.096970	0.274854	0.239521	0.217143	0.097143	0.256250	0.091954	0.131387	0.128655	0.126437	0.182692	0.124260	0.240000	0.149425	0.102857	0.147059	0.158824	0.170588	0.179012	0.204545	0.166667	0.295181	0.254658	0.255172	0.151786	0.152542	0.080357	0.163265	0.126437	0.156977	0.125000	0.200000	0.112676	0.136752	0.083333	0.157895	0.074286	0.082803	0.109375	0.347826	0.181818	
0.196629	0.194118	0.179688	0.223684	0.164286	0.155844	0.000000	0.248366	0.265193	0.243056	0.222222	0.256757	0.114286	0.225490	0.319149	0.171053	0.307692	0.198895	0.189944	0.215470	0.266272	0.225490	0.238095	0.235294	0.225610	0.217391	0.215470	0.243697	0.212963	0.210526	0.256757	0.180124	0.234568	0.224719	0.244444	0.205556	0.201220	0.217877	0.212121	0.216667	0.215470	0.221591	0.331361	0.287425	0.295082	0.279762	0.285714	0.198718	0.193370	0.200000	0.219101	0.217877	0.226519	0.204420	0.207865	0.247423	0.181287	0.207865	0.238372	0.205556	0.182320	0.234940	0.188889	0.216783	0.192090	0.216667	0.222222	0.193182	0.237569	0.206704	0.160221	0.168539	0.222857	0.212644	0.208333	0.216783	0.000000	0.242775	0.210843	0.230263	0.245614	0.193548	0.198347	0.200000	0.222222	0.202247	0.000000	0.282051	0.219178	0.158333	0.280000	0.210526	0.198895	0.209581	0.183824	0.360000	0.181818	
0.117647	0.220126	0.107438	0.301370	0.131783	0.149660	0.248366	0.000000	0.151163	0.125000	0.140351	0.187500	0.112676	0.156863	0.285714	0.156463	0.267606	0.127907	0.164706	0.156977	0.198758	0.123711	0.103448	0.130841	0.150943	0.096154	0.116279	0.146552	0.168317	0.152778	0.120567	0.090323	0.126582	0.136095	0.140351	0.111111	0.109677	0.130178	0.144654	0.175439	0.232558	0.107784	0.289308	0.283951	0.317460	0.256250	0.293413	0.114865	0.104651	0.099415	0.124260	0.129412	0.127907	0.133721	0.106509	0.127660	0.116564	0.343195	0.228916	0.274854	0.127907	0.356250	0.104651	0.176471	0.142857	0.133721	0.264706	0.192771	0.296512	0.170588	0.180233	0.171598	0.173653	0.203593	0.170886	0.281481	0.071429	0.345455	0.297468	0.305556	0.166667	0.116667	0.138889	0.106383	0.122807	0.183432	0.200000	0.151515	0.094891	0.198198	0.208333	0.117647	0.151163	0.159236	0.117188	0.210526	0.130435	
0.158416	0.226316	0.140845	0.306358	0.132911	0.177143	0.265193	0.151163	0.000000	0.133333	0.137255	0.178571	0.151899	0.172414	0.231481	0.157895	0.257143	0.141463	0.162562	0.175610	0.203125	0.146552	0.208333	0.092308	0.134409	0.135135	0.136585	0.166667	0.148760	0.152941	0.139394	0.116022	0.135135	0.148515	0.171569	0.151961	0.160428	0.143564	0.144385	0.196078	0.239024	0.150754	0.267016	0.261780	0.243243	0.225131	0.261307	0.155172	0.146341	0.151961	0.118812	0.182266	0.156098	0.121951	0.148515	0.107143	0.134715	0.353234	0.265306	0.299020	0.146341	0.338624	0.156863	0.118750	0.134328	0.132353	0.276423	0.190955	0.317073	0.187192	0.180488	0.220000	0.160804	0.222222	0.200000	0.295597	0.263158	0.336735	0.310526	0.308140	0.147287	0.176471	0.157895	0.157895	0.156863	0.168317	0.250000	0.190476	0.122699	0.194030	0.142857	0.190476	0.156098	0.128342	0.136364	0.222222	0.400000	
0.154321	0.250000	0.085470	0.330986	0.089431	0.171429	0.243056	0.125000	0.133333	0.000000	0.121951	0.183099	0.092308	0.164948	0.244186	0.153846	0.241135	0.121212	0.139394	0.151515	0.224359	0.114583	0.133333	0.090909	0.145695	0.086667	0.103030	0.128205	0.183673	0.165468	0.124088	0.108108	0.114094	0.110429	0.152439	0.115152	0.121622	0.148148	0.146667	0.207317	0.236364	0.119497	0.269231	0.273885	0.344828	0.246753	0.273292	0.136691	0.127273	0.103659	0.121951	0.104294	0.121212	0.109091	0.111111	0.131868	0.142857	0.374233	0.284810	0.310976	0.151515	0.359477	0.090909	0.135338	0.111111	0.115854	0.265957	0.206250	0.309091	0.165644	0.139394	0.175000	0.162500	0.238994	0.163399	0.317829	0.214286	0.337580	0.324675	0.268116	0.173077	0.103448	0.116505	0.113636	0.158537	0.190184	0.166667	0.189189	0.099237	0.187500	0.200000	0.133333	0.121212	0.124183	0.104839	0.200000	0.238095	
0.114428	0.201058	0.092199	0.279070	0.101911	0.109195	0.222222	0.140351	0.137255	0.121951	0.000000	0.156627	0.088608	0.146552	0.271028	0.123529	0.247126	0.107843	0.128713	0.122549	0.178010	0.139130	0.152778	0.131783	0.135135	0.086957	0.098039	0.138686	0.116667	0.124260	0.158537	0.094444	0.135870	0.079602	0.142857	0.108374	0.102151	0.124378	0.112903	0.192118	0.191176	0.111111	0.252632	0.231579	0.256757	0.210526	0.242424	0.092486	0.122549	0.118227	0.089552	0.133005	0.122549	0.098039	0.084577	0.107143	0.114583	0.340000	0.246154	0.275862	0.112745	0.328042	0.113300	0.144654	0.115000	0.098522	0.235772	0.146465	0.274510	0.143564	0.117647	0.170854	0.146465	0.203046	0.179894	0.221519	0.166667	0.333333	0.275132	0.274854	0.140625	0.134328	0.106061	0.122807	0.128079	0.144279	0.250000	0.142857	0.098160	0.157895	0.142857	0.142857	0.102941	0.107527	0.116883	0.333333	0.200000	
0.132530	0.240000	0.140625	0.301370	0.190476	0.205479	0.256757	0.187500	0.178571	0.183099	0.156627	0.000000	0.146341	0.180000	0.285714	0.164179	0.231884	0.142857	0.192771	0.178571	0.160494	0.122449	0.200000	0.140351	0.153846	0.129870	0.154762	0.230769	0.272727	0.175676	0.194805	0.150685	0.173333	0.148148	0.202381	0.154762	0.157895	0.146341	0.148148	0.168675	0.273810	0.137500	0.311688	0.275000	0.392857	0.233766	0.296296	0.114286	0.178571	0.180723	0.121951	0.195122	0.154762	0.119048	0.108434	0.083333	0.141026	0.309524	0.240506	0.349398	0.202381	0.407895	0.130952	0.138889	0.158537	0.154762	0.276596	0.187500	0.309524	0.166667	0.178571	0.168675	0.182927	0.204819	0.215190	0.276923	0.222222	0.317073	0.266667	0.253521	0.160714	0.107143	0.178571	0.266667	0.204819	0.180723	0.000000	0.277778	0.134328	0.180000	0.285714	0.200000	0.178571	0.175676	0.163934	0.375000	0.300000	
0.092105	0.164384	0.050000	0.205882	0.045455	0.070423	0.114286	0.112676	0.151899	0.092308	0.088608	0.146341	0.000000	0.100000	0.225000	0.106061	0.265625	0.075949	0.089744	0.139241	0.217949	0.137255	0.107143	0.132075	0.064935	0.084507	0.037975	0.204082	0.109091	0.104478	0.093750	0.093333	0.138889	0.103896	0.113924	0.113924	0.109589	0.076923	0.084507	0.153846	0.202532	0.120000	0.323944	0.287671	0.275862	0.197183	0.259740	0.059701	0.063291	0.051282	0.065789	0.050633	0.037975	0.063291	0.064103	0.116279	0.042254	0.282051	0.223684	0.215190	0.063291	0.273973	0.063291	0.096774	0.064103	0.063291	0.217391	0.131579	0.189873	0.076923	0.063291	0.129870	0.115385	0.168831	0.162162	0.241935	0.000000	0.293333	0.260274	0.208955	0.111111	0.166667	0.039216	0.150000	0.128205	0.128205	0.333333	0.000000	0.016667	0.083333	0.166667	0.000000	0.075949	0.101449	0.046875	0.000000	0.000000	
0.130435	0.198113	0.084337	0.212121	0.076087	0.122449	0.225490	0.156863	0.172414	0.164948	0.146552	0.180000	0.100000	0.000000	0.196721	0.098039	0.172043	0.094828	0.139130	0.137931	0.166667	0.138462	0.055556	0.115942	0.138614	0.142857	0.112069	0.134146	0.169014	0.094737	0.170213	0.147059	0.169811	0.146552	0.146552	0.129310	0.142857	0.149123	0.152381	0.173913	0.224138	0.123894	0.252336	0.233645	0.234043	0.196262	0.221239	0.116505	0.094828	0.095652	0.129310	0.120690	0.103448	0.077586	0.104348	0.107692	0.100917	0.295652	0.196429	0.232759	0.137931	0.233645	0.060345	0.131868	0.130435	0.137931	0.151515	0.133929	0.215517	0.147826	0.146552	0.123894	0.169643	0.196429	0.119266	0.235955	0.111111	0.276786	0.207207	0.270833	0.109589	0.200000	0.083333	0.090909	0.112069	0.176991	0.500000	0.208333	0.098901	0.109589	0.000000	0.000000	0.086207	0.090909	0.111111	0.214286	0.062500	
0.264151	0.264706	0.287671	0.298969	0.204819	0.216495	0.319149	0.285714	0.231481	0.244186	0.271028	0.285714	0.225000	0.196721	0.000000	0.204545	0.117021	0.194444	0.158879	0.194444	0.153846	0.237288	0.244444	0.300000	0.268041	0.264706	0.231481	0.250000	0.311475	0.247191	0.306818	0.239130	0.250000	0.289720	0.268519	0.250000	0.218750	0.224299	0.250000	0.317757	0.250000	0.228571	0.107843	0.059406	0.081633	0.066038	0.066667	0.233333	0.203704	0.222222	0.264151	0.252336	0.240741	0.212963	0.235849	0.322034	0.233010	0.373832	0.375000	0.342593	0.250000	0.356436	0.205607	0.246914	0.216981	0.240741	0.272727	0.238095	0.333333	0.261682	0.222222	0.266667	0.271845	0.301887	0.260000	0.272727	0.300000	0.396226	0.326733	0.292135	0.234375	0.241379	0.193548	0.206897	0.296296	0.219048	0.250000	0.437500	0.224719	0.250000	0.062500	0.100000	0.222222	0.177083	0.222222	0.277778	0.166667	
0.112426	0.156250	0.065574	0.193103	0.067669	0.084507	0.171053	0.156463	0.157895	0.153846	0.123529	0.164179	0.106061	0.098039	0.204545	0.000000	0.158621	0.081871	0.094675	0.122807	0.156250	0.072165	0.111111	0.155963	0.141026	0.118421	0.116959	0.105263	0.186275	0.103448	0.148148	0.097403	0.149351	0.142857	0.164706	0.111111	0.114650	0.119048	0.090909	0.176471	0.169591	0.120482	0.206250	0.190184	0.181818	0.171975	0.216867	0.093960	0.099415	0.123529	0.119048	0.118343	0.134503	0.093567	0.082353	0.139785	0.111111	0.279762	0.236364	0.217647	0.116959	0.265823	0.088235	0.097015	0.125749	0.123529	0.158416	0.133333	0.233918	0.142012	0.134503	0.137725	0.133333	0.175758	0.108280	0.222222	0.058824	0.274390	0.229299	0.214286	0.109091	0.054545	0.090909	0.085106	0.123529	0.130952	0.333333	0.142857	0.103704	0.140351	0.090909	0.111111	0.087719	0.090323	0.062500	0.120000	0.173913	
0.226744	0.262195	0.227642	0.292517	0.237037	0.202703	0.307692	0.267606	0.257143	0.241135	0.247126	0.231884	0.265625	0.172043	0.117021	0.158621	0.000000	0.200000	0.167630	0.194286	0.185185	0.211538	0.206349	0.290909	0.259494	0.232704	0.234286	0.226891	0.320755	0.210884	0.299270	0.197368	0.250000	0.273256	0.275862	0.229885	0.232704	0.242775	0.235669	0.298851	0.280000	0.229412	0.101796	0.067485	0.153846	0.110429	0.105882	0.168919	0.205714	0.247126	0.232558	0.254335	0.268571	0.222857	0.213873	0.260417	0.250000	0.374269	0.335329	0.310345	0.217143	0.354037	0.201149	0.201493	0.232558	0.252874	0.269231	0.258824	0.337143	0.254335	0.234286	0.252941	0.216374	0.301775	0.250000	0.335714	0.176471	0.367470	0.316770	0.335616	0.234234	0.192982	0.198276	0.239130	0.229885	0.264368	0.428571	0.388889	0.248227	0.272727	0.125000	0.111111	0.200000	0.200000	0.167939	0.291667	0.217391	
0.084158	0.168421	0.077465	0.254335	0.056962	0.091429	0.198895	0.127907	0.141463	0.121212	0.107843	0.142857	0.075949	0.094828	0.194444	0.081871	0.200000	0.000000	0.118227	0.112195	0.140625	0.112069	0.097222	0.138462	0.118280	0.102703	0.102439	0.130435	0.140496	0.105882	0.121212	0.093923	0.129730	0.103960	0.102941	0.098039	0.106952	0.108911	0.117647	0.161765	0.204878	0.100503	0.230366	0.209424	0.175676	0.178010	0.206030	0.103448	0.082927	0.107843	0.089109	0.088670	0.121951	0.097561	0.094059	0.125000	0.088083	0.293532	0.204082	0.230392	0.102439	0.285714	0.063725	0.081250	0.104478	0.068627	0.170732	0.155779	0.253659	0.133005	0.126829	0.145000	0.130653	0.176768	0.142105	0.238994	0.052632	0.290816	0.257895	0.250000	0.093023	0.176471	0.090226	0.087719	0.122549	0.123762	0.125000	0.190476	0.061350	0.126866	0.107143	0.047619	0.082927	0.069519	0.084416	0.259259	0.240000	
0.135000	0.196809	0.113475	0.226744	0.108280	0.080925	0.189944	0.164706	0.162562	0.139394	0.128713	0.192771	0.089744	0.139130	0.158879	0.094675	0.167630	0.118227	0.000000	0.123153	0.157068	0.166667	0.125000	0.148438	0.146739	0.114130	0.152709	0.137681	0.191667	0.148810	0.177914	0.077778	0.119565	0.140000	0.153465	0.148515	0.102703	0.140000	0.151351	0.202970	0.177340	0.121827	0.194737	0.174603	0.189189	0.142105	0.187817	0.109827	0.113300	0.118812	0.129353	0.134328	0.142857	0.108374	0.100000	0.171171	0.120419	0.291457	0.237113	0.217822	0.133005	0.260638	0.099010	0.113924	0.110553	0.118812	0.163934	0.137056	0.236453	0.164179	0.108374	0.136364	0.137056	0.209184	0.148936	0.234177	0.111111	0.273196	0.265957	0.235294	0.141732	0.104478	0.122137	0.157895	0.143564	0.155000	0.125000	0.238095	0.104938	0.120301	0.107143	0.100000	0.113300	0.118280	0.118421	0.230769	0.160000	
0.148515	0.205263	0.119718	0.236994	0.101266	0.102857	0.215470	0.156977	0.175610	0.151515	0.122549	0.178571	0.139241	0.137931	0.194444	0.122807	0.194286	0.112195	0.123153	0.000000	0.171875	0.172414	0.180556	0.184615	0.182796	0.113514	0.146341	0.166667	0.165289	0.123529	0.169697	0.132597	0.167568	0.133663	0.161765	0.132353	0.144385	0.163366	0.176471	0.215686	0.200000	0.105528	0.198953	0.204188	0.148649	0.167539	0.195980	0.097701	0.117073	0.137255	0.123762	0.157635	0.165854	0.121951	0.138614	0.160714	0.150259	0.313433	0.244898	0.259804	0.156098	0.285714	0.107843	0.143750	0.139303	0.142157	0.211382	0.170854	0.248780	0.182266	0.131707	0.165000	0.170854	0.212121	0.157895	0.264151	0.157895	0.326531	0.273684	0.267442	0.170543	0.191176	0.135338	0.175439	0.166667	0.148515	0.250000	0.285714	0.147239	0.179104	0.142857	0.095238	0.107317	0.122995	0.142857	0.333333	0.200000	
0.158730	0.235955	0.172932	0.278788	0.182432	0.157576	0.266272	0.198758	0.203125	0.224359	0.178010	0.160494	0.217949	0.166667	0.153846	0.156250	0.185185	0.140625	0.157068	0.171875	0.000000	0.186916	0.171429	0.241667	0.193182	0.156069	0.208333	0.176923	0.198276	0.168750	0.211538	0.144509	0.165714	0.179894	0.178010	0.157068	0.152542	0.158730	0.170455	0.287958	0.250000	0.161290	0.157303	0.156425	0.130435	0.123596	0.155914	0.169697	0.166667	0.188482	0.163158	0.200000	0.192708	0.145833	0.164021	0.180952	0.171271	0.354497	0.282609	0.298429	0.177083	0.350282	0.172775	0.182432	0.186170	0.162304	0.241379	0.198925	0.302083	0.200000	0.192708	0.212766	0.220430	0.251337	0.207865	0.267123	0.062500	0.347826	0.305085	0.269939	0.147541	0.190476	0.166667	0.207547	0.178010	0.216931	0.428571	0.300000	0.176471	0.188976	0.192308	0.111111	0.171875	0.136364	0.191781	0.333333	0.208333	
0.105263	0.207547	0.084337	0.230000	0.111111	0.170000	0.225490	0.123711	0.146552	0.114583	0.139130	0.122449	0.137255	0.138462	0.237288	0.072165	0.211538	0.112069	0.166667	0.172414	0.186916	0.000000	0.219512	0.135135	0.104762	0.126214	0.120690	0.088608	0.178082	0.144330	0.088889	0.079208	0.168224	0.123894	0.181034	0.112069	0.116505	0.173913	0.158879	0.163793	0.275862	0.149123	0.201835	0.236364	0.238095	0.224299	0.221239	0.157895	0.155172	0.147826	0.115044	0.147826	0.146552	0.112069	0.131579	0.059701	0.158879	0.339130	0.265487	0.275862	0.146552	0.314286	0.120690	0.122222	0.131579	0.146552	0.236111	0.187500	0.284483	0.147826	0.172414	0.176991	0.157895	0.212389	0.203704	0.279570	0.083333	0.339286	0.247706	0.255102	0.136986	0.146341	0.144737	0.111111	0.165217	0.156522	0.500000	0.153846	0.144444	0.186667	0.142857	0.071429	0.112069	0.123810	0.090909	0.000000	0.181818	
0.142857	0.250000	0.122449	0.301587	0.137931	0.080645	0.238095	0.103448	0.208333	0.133333	0.152778	0.200000	0.107143	0.055556	0.244444	0.111111	0.206349	0.097222	0.125000	0.180556	0.171429	0.219512	0.000000	0.133333	0.169231	0.132353	0.111111	0.108696	0.100000	0.147541	0.148148	0.096774	0.140625	0.140845	0.154930	0.154930	0.089552	0.112676	0.096774	0.253521	0.180556	0.115942	0.260870	0.246377	0.173913	0.235294	0.285714	0.096774	0.097222	0.083333	0.114286	0.098592	0.083333	0.097222	0.097222	0.225000	0.071429	0.366197	0.304348	0.366197	0.111111	0.338235	0.083333	0.115385	0.130435	0.097222	0.355556	0.188406	0.319444	0.125000	0.152778	0.159420	0.173913	0.208333	0.181818	0.296296	0.200000	0.300000	0.303030	0.275862	0.173913	0.166667	0.098039	0.050000	0.111111	0.257143	0.333333	0.083333	0.047619	0.234043	0.071429	0.000000	0.097222	0.119403	0.155172	0.153846	0.125000	
0.116279	0.206612	0.056818	0.299065	0.117647	0.155963	0.235294	0.130841	0.092308	0.090909	0.131783	0.140351	0.132075	0.115942	0.300000	0.155963	0.290909	0.138462	0.148438	0.184615	0.241667	0.135135	0.133333	0.000000	0.094017	0.095652	0.092308	0.136364	0.168831	0.123810	0.080000	0.110169	0.122807	0.116279	0.139535	0.123077	0.100000	0.125000	0.101695	0.153846	0.200000	0.136000	0.325000	0.322314	0.354167	0.280992	0.325397	0.162162	0.107692	0.108527	0.133858	0.109375	0.092308	0.115385	0.076923	0.104478	0.136000	0.395349	0.276423	0.317829	0.153846	0.398305	0.123077	0.125000	0.125984	0.100775	0.269231	0.165354	0.315385	0.193798	0.176923	0.210938	0.149606	0.283465	0.200000	0.342857	0.200000	0.349206	0.325000	0.317308	0.119048	0.163265	0.139535	0.184211	0.155039	0.186047	0.000000	0.066667	0.078431	0.139535	0.125000	0.230769	0.153846	0.117647	0.134615	0.250000	0.352941	
0.125683	0.184971	0.062016	0.318471	0.102740	0.132911	0.225610	0.150943	0.134409	0.145695	0.135135	0.153846	0.064935	0.138614	0.268041	0.141026	0.259494	0.118280	0.146739	0.182796	0.193182	0.104762	0.169231	0.094017	0.000000	0.101796	0.107527	0.123967	0.121495	0.160256	0.104575	0.101190	0.105882	0.109290	0.145946	0.135135	0.130952	0.135870	0.116279	0.162162	0.231183	0.138889	0.284884	0.275862	0.283582	0.231214	0.281768	0.161290	0.118280	0.135135	0.114754	0.108696	0.134409	0.107527	0.109290	0.101010	0.137143	0.344262	0.280899	0.297297	0.161290	0.339181	0.123656	0.142857	0.115385	0.118919	0.252252	0.177778	0.295699	0.179348	0.145161	0.164835	0.138122	0.229050	0.215116	0.267123	0.000000	0.355932	0.296512	0.297468	0.142857	0.166667	0.146341	0.169811	0.162162	0.141304	0.125000	0.105263	0.082759	0.163934	0.166667	0.200000	0.134409	0.107143	0.107914	0.217391	0.217391	
0.104396	0.198830	0.069767	0.284810	0.084507	0.116129	0.217391	0.096154	0.135135	0.086667	0.086957	0.129870	0.084507	0.142857	0.264706	0.118421	0.232704	0.102703	0.114130	0.113514	0.156069	0.126214	0.132353	0.095652	0.101796	0.000000	0.102703	0.093750	0.127273	0.129870	0.120805	0.066265	0.095238	0.082418	0.141304	0.092391	0.101190	0.104396	0.094675	0.152174	0.183784	0.083799	0.257143	0.232558	0.250000	0.202312	0.262570	0.076433	0.091892	0.086957	0.081967	0.109290	0.097297	0.075676	0.071429	0.087379	0.086705	0.337017	0.231638	0.271739	0.108108	0.317919	0.103261	0.103448	0.081967	0.097826	0.236364	0.145251	0.286486	0.153005	0.124324	0.165746	0.144444	0.224719	0.182353	0.228571	0.058824	0.322034	0.263158	0.243590	0.145299	0.142857	0.066116	0.120000	0.152174	0.131868	0.000000	0.166667	0.074830	0.163934	0.185185	0.105263	0.113514	0.095238	0.141844	0.320000	0.272727	
0.128713	0.194737	0.063380	0.271676	0.088608	0.125714	0.215470	0.116279	0.136585	0.103030	0.098039	0.154762	0.037975	0.112069	0.231481	0.116959	0.234286	0.102439	0.152709	0.146341	0.208333	0.120690	0.111111	0.092308	0.107527	0.102703	0.000000	0.130435	0.107438	0.129412	0.121212	0.127072	0.135135	0.113861	0.122549	0.112745	0.112299	0.133663	0.112299	0.166667	0.190244	0.115578	0.282723	0.256545	0.229730	0.219895	0.261307	0.114943	0.097561	0.112745	0.128713	0.103448	0.126829	0.112195	0.089109	0.125000	0.119171	0.338308	0.255102	0.279412	0.136585	0.328042	0.088235	0.137500	0.124378	0.112745	0.203252	0.170854	0.297561	0.147783	0.141463	0.165000	0.145729	0.232323	0.189474	0.276730	0.105263	0.331633	0.284211	0.296512	0.155039	0.161765	0.105263	0.105263	0.127451	0.168317	0.125000	0.190476	0.085890	0.179104	0.142857	0.190476	0.097561	0.101604	0.097403	0.259259	0.160000	
0.102190	0.215385	0.083333	0.305085	0.114286	0.182609	0.243697	0.146552	0.166667	0.128205	0.138686	0.230769	0.204082	0.134146	0.250000	0.105263	0.226891	0.130435	0.137681	0.166667	0.176923	0.088608	0.108696	0.136364	0.123967	0.093750	0.130435	0.000000	0.137931	0.153153	0.115044	0.089431	0.157480	0.153285	0.159420	0.130435	0.125000	0.148148	0.142857	0.188406	0.253623	0.118519	0.272727	0.248062	0.288889	0.240602	0.265152	0.139344	0.130435	0.138686	0.116788	0.147059	0.144928	0.115942	0.096296	0.055556	0.143939	0.355556	0.267176	0.299270	0.159420	0.369231	0.153285	0.175926	0.109489	0.145985	0.285714	0.172932	0.333333	0.167883	0.166667	0.162963	0.153285	0.270677	0.193798	0.285714	0.076923	0.318182	0.267176	0.269565	0.104651	0.212766	0.127660	0.048780	0.160584	0.167883	0.000000	0.107143	0.117117	0.211111	0.272727	0.000000	0.137681	0.140625	0.141414	0.350000	0.000000	
0.168067	0.190909	0.156627	0.302752	0.105263	0.125000	0.212963	0.168317	0.148760	0.183673	0.116667	0.272727	0.109091	0.169014	0.311475	0.186275	0.320755	0.140496	0.191667	0.165289	0.198276	0.178082	0.100000	0.168831	0.121495	0.127273	0.107438	0.137931	0.000000	0.174757	0.144330	0.136364	0.137615	0.151261	0.166667	0.123967	0.168142	0.168067	0.172727	0.191667	0.206612	0.146552	0.297297	0.309735	0.214286	0.238938	0.264957	0.168224	0.140496	0.166667	0.117647	0.142857	0.148760	0.140496	0.158333	0.147541	0.114035	0.361345	0.252174	0.325000	0.148760	0.315315	0.166667	0.200000	0.140496	0.132231	0.253521	0.215517	0.314050	0.175000	0.148760	0.208333	0.151261	0.189655	0.236842	0.235955	0.083333	0.324561	0.307018	0.323529	0.156627	0.244444	0.141026	0.133333	0.150000	0.144068	0.333333	0.200000	0.134021	0.186667	0.285714	0.111111	0.123967	0.130841	0.144444	0.266667	0.266667	
0.107784	0.235669	0.088710	0.303448	0.127820	0.114865	0.210526	0.152778	0.152941	0.165468	0.124260	0.175676	0.104478	0.094737	0.247191	0.103448	0.210884	0.105882	0.148810	0.123529	0.168750	0.144330	0.147541	0.123810	0.160256	0.129870	0.129412	0.153153	0.174757	0.000000	0.141844	0.087838	0.130719	0.119760	0.159763	0.088757	0.121795	0.137725	0.153846	0.189349	0.235294	0.133333	0.243750	0.226415	0.250000	0.216561	0.234940	0.112676	0.105882	0.136095	0.113772	0.113095	0.117647	0.088235	0.113095	0.127660	0.106918	0.337349	0.263804	0.284024	0.123529	0.335484	0.136095	0.120301	0.095808	0.100592	0.233010	0.167665	0.264706	0.165680	0.141176	0.149701	0.128049	0.226994	0.191083	0.279070	0.125000	0.331288	0.278481	0.283688	0.154545	0.127273	0.100917	0.125000	0.123529	0.167665	0.333333	0.200000	0.100719	0.175439	0.043478	0.062500	0.111765	0.110390	0.062500	0.363636	0.200000	
0.154321	0.207792	0.111111	0.345324	0.145038	0.184932	0.256757	0.120567	0.139394	0.124088	0.158537	0.194805	0.093750	0.170213	0.306818	0.148148	0.299270	0.121212	0.177914	0.169697	0.211538	0.088889	0.148148	0.080000	0.104575	0.120805	0.121212	0.115044	0.144330	0.141844	0.000000	0.114094	0.172185	0.128834	0.182927	0.146341	0.164474	0.160494	0.156863	0.189024	0.242424	0.163522	0.264901	0.248366	0.226415	0.237179	0.281250	0.177305	0.121212	0.151515	0.134146	0.153374	0.151515	0.145455	0.141975	0.106383	0.116883	0.351852	0.301282	0.329268	0.163636	0.393333	0.140244	0.152672	0.142857	0.121951	0.309278	0.200000	0.327273	0.164634	0.163636	0.190184	0.176101	0.253165	0.214286	0.312000	0.062500	0.367089	0.320000	0.321429	0.158879	0.224138	0.152381	0.148936	0.170732	0.185185	0.200000	0.156250	0.106870	0.207547	0.166667	0.210526	0.163636	0.154362	0.125000	0.285714	0.238095	
0.089888	0.189349	0.072000	0.240000	0.084507	0.121795	0.180124	0.090323	0.116022	0.108108	0.094444	0.150685	0.093333	0.147059	0.239130	0.097403	0.197368	0.093923	0.077778	0.132597	0.144509	0.079208	0.096774	0.110169	0.101190	0.066265	0.127072	0.089431	0.136364	0.087838	0.114094	0.000000	0.084337	0.077778	0.144444	0.066667	0.077381	0.106742	0.091463	0.138889	0.204420	0.091429	0.232143	0.201183	0.269841	0.178571	0.205714	0.115385	0.093923	0.100000	0.077778	0.117318	0.110497	0.082873	0.095506	0.062500	0.076023	0.327684	0.229885	0.244444	0.110497	0.319277	0.100000	0.119718	0.067797	0.100000	0.211538	0.137143	0.254144	0.145251	0.116022	0.118644	0.096591	0.194286	0.155689	0.232394	0.117647	0.289017	0.259036	0.223684	0.116071	0.093750	0.075000	0.094340	0.122222	0.123596	0.000000	0.153846	0.069444	0.120690	0.142857	0.052632	0.104972	0.101190	0.074074	0.350000	0.227273	
0.120219	0.235632	0.119048	0.270968	0.111888	0.150000	0.234568	0.126582	0.135135	0.114094	0.135870	0.173333	0.138889	0.169811	0.250000	0.149351	0.250000	0.129730	0.119565	0.167568	0.165714	0.168224	0.140625	0.122807	0.105882	0.095238	0.135135	0.157480	0.137615	0.130719	0.172185	0.084337	0.000000	0.109290	0.146739	0.130435	0.128655	0.126374	0.142012	0.173913	0.232432	0.099448	0.279070	0.269006	0.294118	0.228070	0.268156	0.132911	0.124324	0.130435	0.114130	0.120219	0.135135	0.091892	0.109890	0.148515	0.115607	0.346154	0.225989	0.255435	0.145946	0.315789	0.130435	0.137931	0.116022	0.103261	0.203540	0.162011	0.275676	0.174863	0.145946	0.161111	0.143646	0.233333	0.202312	0.274648	0.176471	0.331461	0.286550	0.283871	0.165217	0.096774	0.118644	0.117647	0.135870	0.158470	0.000000	0.205128	0.089655	0.181818	0.115385	0.150000	0.124324	0.111765	0.122302	0.304348	0.272727	
0.135678	0.219251	0.064286	0.282353	0.101911	0.137931	0.224719	0.136095	0.148515	0.110429	0.079602	0.148148	0.103896	0.146552	0.289720	0.142857	0.273256	0.103960	0.140000	0.133663	0.179894	0.123894	0.140845	0.116279	0.109290	0.082418	0.113861	0.153285	0.151261	0.119760	0.128834	0.077778	0.109290	0.000000	0.149254	0.099502	0.097297	0.135678	0.114130	0.189055	0.237624	0.096939	0.281915	0.260638	0.260274	0.212766	0.265306	0.132948	0.118812	0.124378	0.105000	0.105000	0.123762	0.089109	0.105528	0.063636	0.115789	0.353535	0.238342	0.283582	0.128713	0.327957	0.109453	0.146497	0.101010	0.099502	0.198347	0.158163	0.282178	0.170000	0.138614	0.162437	0.163265	0.235897	0.197861	0.262821	0.105263	0.331606	0.276596	0.272189	0.149606	0.132353	0.099237	0.071429	0.149254	0.160804	0.125000	0.142857	0.093168	0.136364	0.178571	0.095238	0.118812	0.097297	0.132450	0.333333	0.166667	
0.129353	0.227513	0.112676	0.308140	0.133758	0.137931	0.244444	0.140351	0.171569	0.152439	0.142857	0.202381	0.113924	0.146552	0.268519	0.164706	0.275862	0.102941	0.153465	0.161765	0.178010	0.181034	0.154930	0.139535	0.145946	0.141304	0.122549	0.159420	0.166667	0.159763	0.182927	0.144444	0.146739	0.149254	0.000000	0.152709	0.112903	0.144279	0.139785	0.206897	0.215686	0.141414	0.294737	0.294737	0.256757	0.261780	0.287879	0.156069	0.127451	0.128079	0.154229	0.118812	0.132353	0.156863	0.119403	0.160714	0.145833	0.370000	0.251282	0.295567	0.176471	0.365079	0.128079	0.163522	0.135000	0.128079	0.237705	0.196970	0.308824	0.188119	0.186275	0.190955	0.176768	0.243655	0.195767	0.308176	0.157895	0.374359	0.331579	0.327485	0.193798	0.164179	0.174242	0.105263	0.177340	0.194030	0.125000	0.214286	0.128834	0.180451	0.214286	0.142857	0.151961	0.139785	0.111111	0.296296	0.240000	
0.094527	0.195767	0.085106	0.261628	0.108280	0.114943	0.205556	0.111111	0.151961	0.115152	0.108374	0.154762	0.113924	0.129310	0.250000	0.111111	0.229885	0.098039	0.148515	0.132353	0.157068	0.112069	0.154930	0.123077	0.135135	0.092391	0.112745	0.130435	0.123967	0.088757	0.146341	0.066667	0.130435	0.099502	0.152709	0.000000	0.123656	0.114428	0.134409	0.187192	0.205882	0.116162	0.268421	0.247368	0.243243	0.221053	0.242424	0.104046	0.112745	0.128079	0.114428	0.113861	0.122549	0.098039	0.114428	0.098214	0.114583	0.328358	0.225641	0.266010	0.132353	0.313830	0.103448	0.125000	0.095000	0.118227	0.221311	0.181818	0.279412	0.148515	0.156863	0.160804	0.151515	0.197970	0.185185	0.234177	0.210526	0.307692	0.269841	0.233918	0.140625	0.134328	0.121212	0.157895	0.133005	0.169154	0.125000	0.190476	0.104294	0.150376	0.214286	0.095238	0.093137	0.096774	0.104575	0.333333	0.200000	
0.102703	0.213873	0.068702	0.235669	0.115646	0.111801	0.201220	0.109677	0.160428	0.121622	0.102151	0.157895	0.109589	0.142857	0.218750	0.114650	0.232704	0.106952	0.102703	0.144385	0.152542	0.116505	0.089552	0.100000	0.130952	0.101190	0.112299	0.125000	0.168142	0.121795	0.164474	0.077381	0.128655	0.097297	0.112903	0.123656	0.000000	0.108696	0.088757	0.188172	0.181818	0.104972	0.277457	0.254335	0.220588	0.208092	0.258242	0.117284	0.117647	0.129032	0.129032	0.108108	0.122995	0.106952	0.064865	0.135922	0.123596	0.322404	0.244444	0.284946	0.139037	0.331395	0.107527	0.151724	0.109290	0.102151	0.220183	0.154696	0.272727	0.162162	0.139037	0.147541	0.149171	0.244444	0.167630	0.248276	0.105263	0.329609	0.255814	0.277419	0.155172	0.111111	0.120000	0.089286	0.145161	0.168478	0.125000	0.128205	0.094595	0.132231	0.142857	0.105263	0.122995	0.111111	0.098592	0.320000	0.136364	
0.095477	0.192513	0.100719	0.257310	0.108280	0.116279	0.217877	0.130178	0.143564	0.148148	0.124378	0.146341	0.076923	0.149123	0.224299	0.119048	0.242775	0.108911	0.140000	0.163366	0.158730	0.173913	0.112676	0.125000	0.135870	0.104396	0.133663	0.148148	0.168067	0.137725	0.160494	0.106742	0.126374	0.135678	0.144279	0.114428	0.108696	0.000000	0.108696	0.203980	0.207921	0.137755	0.260638	0.250000	0.270270	0.195767	0.248731	0.122807	0.113861	0.139303	0.135678	0.135000	0.143564	0.108911	0.100503	0.125000	0.115789	0.323232	0.248705	0.263682	0.123762	0.317204	0.134328	0.139241	0.121212	0.099502	0.264463	0.173469	0.297030	0.155000	0.158416	0.187817	0.163265	0.239796	0.187166	0.267516	0.111111	0.324742	0.262032	0.267442	0.148438	0.117647	0.114504	0.140351	0.139303	0.175000	0.125000	0.214286	0.112500	0.195489	0.214286	0.142857	0.123762	0.135135	0.132450	0.296296	0.304348	
0.135870	0.201149	0.083969	0.259494	0.118056	0.150000	0.212121	0.144654	0.144385	0.146667	0.112903	0.148148	0.084507	0.152381	0.250000	0.090909	0.235669	0.117647	0.151351	0.176471	0.170455	0.158879	0.096774	0.101695	0.116279	0.094675	0.112299	0.142857	0.172727	0.153846	0.156863	0.091463	0.142012	0.114130	0.139785	0.134409	0.088757	0.108696	0.000000	0.182796	0.224599	0.143646	0.271676	0.251429	0.238806	0.206897	0.265193	0.127389	0.117647	0.118280	0.141304	0.135135	0.122995	0.106952	0.076087	0.090909	0.130682	0.338798	0.251397	0.290323	0.128342	0.331395	0.123656	0.145695	0.135135	0.123656	0.241071	0.171271	0.283422	0.178378	0.155080	0.159341	0.163934	0.220994	0.180233	0.260274	0.105263	0.325843	0.293103	0.265823	0.127119	0.161290	0.108333	0.098039	0.155914	0.152174	0.125000	0.055556	0.115646	0.153226	0.148148	0.157895	0.149733	0.134503	0.119718	0.291667	0.315789	
0.169154	0.238095	0.147887	0.313953	0.171975	0.189655	0.216667	0.175439	0.196078	0.207317	0.192118	0.168675	0.153846	0.173913	0.317757	0.176471	0.298851	0.161765	0.202970	0.215686	0.287958	0.163793	0.253521	0.153846	0.162162	0.152174	0.166667	0.188406	0.191667	0.189349	0.189024	0.138889	0.173913	0.189055	0.206897	0.187192	0.188172	0.203980	0.182796	0.000000	0.259804	0.171717	0.315789	0.300000	0.328767	0.289474	0.287879	0.189655	0.166667	0.182266	0.169154	0.173267	0.196078	0.181373	0.174129	0.180180	0.176166	0.320000	0.260204	0.300493	0.186275	0.313830	0.167488	0.200000	0.170000	0.192118	0.300813	0.211055	0.328431	0.202970	0.200980	0.201005	0.166667	0.233503	0.238095	0.276730	0.157895	0.312821	0.322751	0.298246	0.203125	0.191176	0.195489	0.140351	0.177340	0.168317	0.142857	0.195122	0.154321	0.246269	0.214286	0.190476	0.186275	0.188172	0.163399	0.269231	0.250000	
0.222772	0.184211	0.190141	0.254335	0.196203	0.165714	0.215470	0.232558	0.239024	0.236364	0.191176	0.273810	0.202532	0.224138	0.250000	0.169591	0.280000	0.204878	0.177340	0.200000	0.250000	0.275862	0.180556	0.200000	0.231183	0.183784	0.190244	0.253623	0.206612	0.235294	0.242424	0.204420	0.232432	0.237624	0.215686	0.205882	0.181818	0.207921	0.224599	0.259804	0.000000	0.206030	0.314136	0.272251	0.216216	0.261780	0.301508	0.160920	0.190244	0.205882	0.232673	0.216749	0.209756	0.204878	0.178218	0.303571	0.212435	0.313433	0.290816	0.274510	0.209756	0.312169	0.191176	0.225000	0.223881	0.205882	0.243902	0.206030	0.263415	0.221675	0.185366	0.235000	0.256281	0.257576	0.247368	0.226415	0.263158	0.270408	0.231579	0.296512	0.240310	0.161765	0.150376	0.228070	0.220588	0.222772	0.250000	0.261905	0.184049	0.223881	0.178571	0.190476	0.170732	0.181818	0.168831	0.222222	0.200000	
0.116751	0.194595	0.100000	0.257485	0.077922	0.116959	0.221591	0.107784	0.150754	0.119497	0.111111	0.137500	0.120000	0.123894	0.228571	0.120482	0.229412	0.100503	0.121827	0.105528	0.161290	0.149123	0.115942	0.136000	0.138889	0.083799	0.115578	0.118519	0.146552	0.133333	0.163522	0.091429	0.099448	0.096939	0.141414	0.116162	0.104972	0.137755	0.143646	0.171717	0.206030	0.000000	0.251337	0.245989	0.232877	0.204301	0.233161	0.095238	0.095477	0.101010	0.102041	0.106599	0.135678	0.100503	0.086735	0.146789	0.122995	0.323077	0.240838	0.262626	0.125628	0.311475	0.085859	0.135484	0.117949	0.111111	0.181818	0.176166	0.256281	0.152284	0.130653	0.149485	0.139896	0.203125	0.172973	0.250000	0.055556	0.331579	0.271739	0.259036	0.144000	0.179104	0.117188	0.089286	0.126263	0.147959	0.285714	0.190476	0.081761	0.180451	0.185185	0.000000	0.115578	0.116022	0.133333	0.259259	0.160000	
0.264550	0.300000	0.268657	0.339506	0.251701	0.216049	0.331361	0.289308	0.267016	0.269231	0.252632	0.311688	0.323944	0.252336	0.107843	0.206250	0.101796	0.230366	0.194737	0.198953	0.157303	0.201835	0.260870	0.325000	0.284884	0.257143	0.282723	0.272727	0.297297	0.243750	0.264901	0.232143	0.279070	0.281915	0.294737	0.268421	0.277457	0.260638	0.271676	0.315789	0.314136	0.251337	0.000000	0.055866	0.073529	0.072222	0.086486	0.222222	0.230366	0.247368	0.250000	0.285714	0.282723	0.235602	0.260638	0.295238	0.268156	0.417112	0.347826	0.336842	0.246073	0.375000	0.226316	0.256757	0.255319	0.263158	0.333333	0.263441	0.366492	0.264550	0.251309	0.284946	0.279570	0.309783	0.258427	0.322148	0.222222	0.406593	0.365169	0.352201	0.226891	0.230769	0.252033	0.269231	0.235602	0.271277	0.500000	0.357143	0.278146	0.272000	0.111111	0.105263	0.230366	0.218391	0.229167	0.333333	0.304348	
0.239362	0.273743	0.248120	0.316770	0.246575	0.202454	0.287425	0.283951	0.261780	0.273885	0.231579	0.275000	0.287671	0.233645	0.059406	0.190184	0.067485	0.209424	0.174603	0.204188	0.156425	0.236364	0.246377	0.322314	0.275862	0.232558	0.256545	0.248062	0.309735	0.226415	0.248366	0.201183	0.269006	0.260638	0.294737	0.247368	0.254335	0.250000	0.251429	0.300000	0.272251	0.245989	0.055866	0.000000	0.086957	0.044444	0.075676	0.198758	0.225131	0.242105	0.244681	0.280423	0.282723	0.219895	0.234043	0.250000	0.245810	0.379679	0.335165	0.305263	0.225131	0.361582	0.215789	0.243243	0.240642	0.242105	0.283186	0.241935	0.335079	0.259259	0.219895	0.251337	0.264865	0.295699	0.259887	0.300000	0.157895	0.357143	0.306818	0.306250	0.235294	0.215385	0.217742	0.269231	0.236842	0.234043	0.250000	0.384615	0.260000	0.232000	0.080000	0.150000	0.225131	0.196532	0.230769	0.304348	0.250000	
0.260274	0.246154	0.235294	0.276923	0.196429	0.150000	0.295082	0.317460	0.243243	0.344828	0.256757	0.392857	0.275862	0.234043	0.081633	0.181818	0.153846	0.175676	0.189189	0.148649	0.130435	0.238095	0.173913	0.354167	0.283582	0.250000	0.229730	0.288889	0.214286	0.250000	0.226415	0.269841	0.294118	0.260274	0.256757	0.243243	0.220588	0.270270	0.238806	0.328767	0.216216	0.232877	0.073529	0.086957	0.000000	0.042857	0.097222	0.206349	0.229730	0.260274	0.310811	0.283784	0.283784	0.243243	0.260274	0.288889	0.285714	0.364865	0.314286	0.324324	0.216216	0.271429	0.205479	0.245614	0.256757	0.202703	0.217391	0.225352	0.324324	0.287671	0.256757	0.291667	0.328767	0.305556	0.303030	0.245902	0.000000	0.356164	0.391304	0.312500	0.204545	0.333333	0.214286	0.375000	0.260274	0.263889	0.250000	0.555556	0.250000	0.285714	0.000000	0.166667	0.175676	0.200000	0.267857	0.200000	0.222222	
