0.000000	0.116809	0.074597	0.152074	0.070812	0.099057	0.124302	0.094868	0.093231	0.090767	0.095771	0.107639	0.069930	0.067146	0.156156	0.085443	0.151515	0.079900	0.095597	0.091698	0.088507	0.074324	0.088968	0.106667	0.076379	0.092920	0.080000	0.076628	0.094470	0.085900	0.083200	0.091421	0.068436	0.078283	0.084065	0.097500	0.077348	0.090909	0.087019	0.088308	0.137888	0.077734	0.164557	0.157382	0.173585	0.154058	0.160622	0.071540	0.089330	0.088750	0.086792	0.087980	0.094763	0.084263	0.084894	0.070732	0.087071	0.130092	0.128378	0.152605	0.099256	0.142077	0.084577	0.082902	0.101183	0.072319	0.104545	0.107731	0.141615	0.105195	0.115528	0.116603	0.085052	0.116216	0.114525	0.123980	0.082353	0.163613	0.160763	0.135484	0.100840	0.096070	0.101190	0.087805	0.083333	0.096692	0.200000	0.100000	0.060708	0.089212	0.035088	0.026667	0.080745	0.074278	0.087413	0.108333	0.095238	
0.116809	0.000000	0.106430	0.131034	0.107212	0.123478	0.115142	0.112281	0.114778	0.125874	0.110490	0.121094	0.094697	0.089431	0.149502	0.085409	0.157706	0.106294	0.094901	0.117155	0.111111	0.101010	0.113208	0.114144	0.104762	0.107667	0.098592	0.096154	0.097035	0.120879	0.121429	0.113208	0.115445	0.096591	0.117232	0.118310	0.097826	0.115108	0.088141	0.099440	0.121678	0.105655	0.161442	0.149766	0.153191	0.150769	0.149123	0.092334	0.100559	0.109705	0.106232	0.114525	0.096910	0.100559	0.113924	0.103825	0.096154	0.105882	0.128205	0.117318	0.127095	0.097072	0.105042	0.084291	0.130499	0.106592	0.119107	0.124286	0.118881	0.118248	0.120280	0.134094	0.114659	0.104230	0.125392	0.117100	0.078947	0.142857	0.131818	0.111504	0.119718	0.099010	0.120805	0.092896	0.111888	0.114286	0.052632	0.079710	0.113636	0.102273	0.101852	0.106061	0.120112	0.101227	0.110465	0.094340	0.080000	
0.074597	0.106430	0.000000	0.148883	0.074074	0.073232	0.110865	0.083951	0.095723	0.082915	0.090000	0.097436	0.062500	0.094340	0.159624	0.061425	0.153086	0.096192	0.078947	0.087824	0.088050	0.065292	0.070270	0.089109	0.075688	0.075171	0.064257	0.057229	0.068841	0.063131	0.082915	0.097950	0.063063	0.075356	0.090726	0.080483	0.062222	0.080082	0.082960	0.078000	0.134000	0.085239	0.160271	0.150776	0.139394	0.145374	0.168050	0.068293	0.074000	0.088710	0.081136	0.077844	0.078313	0.088000	0.090543	0.044944	0.085106	0.117895	0.113978	0.144000	0.092000	0.129386	0.070281	0.085052	0.091489	0.070140	0.104693	0.115619	0.118236	0.095238	0.104208	0.110204	0.079002	0.102397	0.102908	0.112272	0.067797	0.152401	0.142544	0.101523	0.090615	0.081633	0.068750	0.053030	0.078000	0.084189	0.000000	0.089109	0.072917	0.092105	0.063291	0.041667	0.068000	0.067982	0.076294	0.107143	0.054795	
0.152074	0.131034	0.148883	0.000000	0.138430	0.145594	0.122449	0.155556	0.166667	0.176806	0.144361	0.141129	0.132780	0.147309	0.164983	0.101145	0.163776	0.154079	0.135053	0.163418	0.144216	0.139108	0.152893	0.168067	0.145581	0.163732	0.148036	0.143852	0.185286	0.166667	0.163462	0.148021	0.143339	0.155963	0.162614	0.162614	0.135678	0.163043	0.134812	0.121988	0.127628	0.148325	0.172881	0.168067	0.125000	0.159468	0.153125	0.127820	0.152924	0.157576	0.156773	0.153153	0.152568	0.148649	0.149547	0.156627	0.136437	0.090047	0.133871	0.103604	0.151652	0.093596	0.153614	0.153361	0.158730	0.149096	0.128415	0.159265	0.126126	0.147745	0.147147	0.155251	0.156740	0.126623	0.156303	0.126706	0.111111	0.122257	0.139116	0.132438	0.167500	0.108247	0.162679	0.130952	0.151880	0.145286	0.315789	0.120000	0.155102	0.129902	0.099010	0.118644	0.148649	0.145215	0.167715	0.127660	0.133333	
0.070812	0.107212	0.074074	0.138430	0.000000	0.091880	0.123340	0.075949	0.093588	0.072650	0.091371	0.075893	0.055319	0.069620	0.157895	0.075431	0.152838	0.074199	0.076792	0.082492	0.075269	0.086207	0.082569	0.076923	0.073864	0.082677	0.073005	0.075916	0.069697	0.101293	0.082979	0.080675	0.063910	0.082902	0.083475	0.095238	0.071295	0.070812	0.070611	0.089679	0.124579	0.073345	0.150289	0.159091	0.136126	0.130841	0.163158	0.078029	0.080808	0.088136	0.083333	0.069140	0.079526	0.074199	0.073005	0.070740	0.076512	0.120996	0.121157	0.143098	0.097643	0.129390	0.072635	0.066514	0.084381	0.062712	0.092593	0.118151	0.126689	0.104167	0.101180	0.097770	0.075439	0.110909	0.107143	0.126106	0.125000	0.142086	0.138837	0.103896	0.108033	0.074713	0.074550	0.067073	0.079526	0.081034	0.055556	0.097345	0.058691	0.089385	0.089888	0.016393	0.084459	0.059813	0.074246	0.102273	0.098765	
0.099057	0.123478	0.073232	0.145594	0.091880	0.000000	0.122592	0.102119	0.116719	0.114286	0.104938	0.103734	0.086957	0.091954	0.156934	0.070866	0.150495	0.103555	0.098131	0.105991	0.101142	0.103352	0.077586	0.101877	0.085470	0.099631	0.100775	0.118072	0.098592	0.105159	0.106383	0.097938	0.094340	0.102644	0.113530	0.107143	0.090909	0.103339	0.090592	0.104938	0.130769	0.093443	0.147368	0.154374	0.147619	0.147708	0.153846	0.093933	0.089094	0.096124	0.099844	0.090769	0.091331	0.104615	0.091473	0.100304	0.104405	0.127625	0.140704	0.141538	0.115207	0.135274	0.095532	0.094142	0.119548	0.095827	0.119777	0.111987	0.141538	0.119355	0.110940	0.133438	0.113924	0.121008	0.134615	0.119919	0.138889	0.159869	0.158784	0.115768	0.118252	0.100000	0.098039	0.082840	0.107858	0.107256	0.173913	0.086957	0.105155	0.097015	0.055556	0.083333	0.093991	0.096939	0.105727	0.111111	0.086420	
0.124302	0.115142	0.110865	0.122449	0.123340	0.122592	0.000000	0.125645	0.154712	0.139373	0.134615	0.125954	0.079245	0.122616	0.172185	0.108392	0.176883	0.135172	0.112656	0.142271	0.136827	0.118227	0.142308	0.127451	0.126543	0.128039	0.128276	0.123404	0.120205	0.134991	0.124780	0.131376	0.129082	0.129707	0.130556	0.138313	0.130699	0.127119	0.116535	0.104396	0.131687	0.117904	0.168224	0.164384	0.172414	0.161094	0.161932	0.108247	0.128767	0.128276	0.132128	0.134247	0.131034	0.127397	0.125517	0.113208	0.127536	0.097101	0.133034	0.119178	0.127397	0.105105	0.128944	0.127341	0.139738	0.126547	0.125616	0.118881	0.120713	0.123563	0.126200	0.129888	0.124286	0.117910	0.133846	0.114638	0.111111	0.118497	0.123308	0.122340	0.144186	0.126761	0.138158	0.142105	0.129121	0.127989	0.181818	0.092199	0.131725	0.090703	0.107843	0.042857	0.126200	0.128012	0.136276	0.117117	0.107527	
0.094868	0.112281	0.083951	0.155556	0.075949	0.102119	0.125645	0.000000	0.105181	0.090226	0.089802	0.087500	0.060729	0.099432	0.175627	0.084942	0.153082	0.092025	0.084746	0.110942	0.089141	0.053333	0.075221	0.077994	0.075862	0.094374	0.077744	0.065421	0.081006	0.085149	0.075435	0.083904	0.075214	0.082043	0.088685	0.084485	0.078498	0.070644	0.074205	0.079389	0.126524	0.091503	0.170435	0.157627	0.165899	0.149153	0.170382	0.083810	0.086758	0.090214	0.084877	0.095890	0.093130	0.083714	0.097859	0.067251	0.092233	0.130781	0.133550	0.156773	0.089666	0.142857	0.089802	0.093220	0.099678	0.071646	0.128852	0.106250	0.144597	0.115506	0.121951	0.116460	0.093502	0.116358	0.115646	0.133333	0.072464	0.155949	0.150250	0.130097	0.121212	0.089474	0.091787	0.052632	0.087023	0.095016	0.100000	0.078740	0.076763	0.098522	0.071429	0.047619	0.080793	0.097973	0.093074	0.117021	0.065217	
0.093231	0.114778	0.095723	0.166667	0.093588	0.116719	0.154712	0.105181	0.000000	0.097792	0.110276	0.102837	0.089347	0.089157	0.160121	0.097756	0.165862	0.097744	0.110127	0.112360	0.105193	0.090703	0.096774	0.076749	0.081429	0.102222	0.081864	0.069498	0.109813	0.094003	0.084936	0.090780	0.091421	0.093112	0.094937	0.093317	0.090909	0.091613	0.084527	0.100251	0.141250	0.101198	0.188920	0.167832	0.169884	0.171983	0.184896	0.089342	0.100000	0.109434	0.087231	0.116250	0.100629	0.105000	0.105660	0.091811	0.098143	0.152116	0.143631	0.173750	0.121250	0.159780	0.101504	0.086356	0.109934	0.091709	0.139955	0.132992	0.161452	0.133508	0.136421	0.128827	0.107932	0.139344	0.129577	0.162295	0.059524	0.179894	0.173735	0.153722	0.116034	0.069869	0.123506	0.105000	0.102757	0.104994	0.090909	0.095238	0.085179	0.103093	0.054545	0.112676	0.105131	0.100968	0.104796	0.090164	0.105769	
0.090767	0.125874	0.082915	0.176806	0.072650	0.114286	0.139373	0.090226	0.097792	0.000000	0.095385	0.102564	0.084337	0.088571	0.164912	0.099237	0.146718	0.073960	0.098918	0.120980	0.104405	0.101093	0.088608	0.097765	0.086356	0.093525	0.091331	0.087963	0.090395	0.090909	0.075099	0.088083	0.065630	0.089202	0.092736	0.087827	0.084192	0.085308	0.080357	0.092308	0.131902	0.076159	0.165517	0.174359	0.180617	0.158163	0.173355	0.085938	0.101227	0.083333	0.082171	0.092025	0.095532	0.088957	0.097222	0.070588	0.093750	0.148148	0.140940	0.165644	0.095092	0.148649	0.102919	0.084034	0.100162	0.084746	0.124309	0.120125	0.149002	0.100639	0.125960	0.128931	0.097134	0.132550	0.094502	0.151951	0.058824	0.157724	0.155000	0.119374	0.123393	0.093750	0.122010	0.078313	0.096923	0.102644	0.150000	0.092308	0.077083	0.097561	0.080808	0.035088	0.098160	0.080944	0.089936	0.068627	0.111111	
0.095771	0.110490	0.090000	0.144361	0.091371	0.104938	0.134615	0.089802	0.110276	0.095385	0.000000	0.092784	0.060403	0.103774	0.146199	0.091900	0.146875	0.089351	0.097411	0.108141	0.100906	0.110375	0.094077	0.094505	0.088889	0.092619	0.083333	0.077358	0.084091	0.102236	0.090909	0.100690	0.085399	0.079404	0.104680	0.098280	0.074627	0.086575	0.089636	0.087805	0.127893	0.080415	0.164138	0.164850	0.149813	0.150000	0.164975	0.089094	0.091241	0.098039	0.090012	0.103406	0.093023	0.097324	0.102815	0.094431	0.090556	0.132561	0.129973	0.149635	0.113139	0.144772	0.093902	0.092905	0.105534	0.097800	0.121951	0.118159	0.153471	0.123410	0.120585	0.131677	0.111392	0.122340	0.119342	0.144000	0.080460	0.160875	0.151798	0.137224	0.117284	0.088983	0.085938	0.081731	0.091463	0.107232	0.166667	0.072368	0.077944	0.102823	0.061404	0.092105	0.107186	0.094213	0.096386	0.129032	0.056604	
0.107639	0.121094	0.097436	0.141129	0.075893	0.103734	0.125954	0.087500	0.102837	0.102564	0.092784	0.000000	0.064516	0.127273	0.144000	0.069444	0.145374	0.095890	0.097561	0.099315	0.091575	0.075472	0.076923	0.077381	0.095420	0.088000	0.090592	0.073892	0.123457	0.103604	0.088000	0.106464	0.059055	0.090278	0.117241	0.089965	0.086792	0.078014	0.097015	0.093426	0.158621	0.094203	0.155303	0.145522	0.095745	0.151515	0.148014	0.078512	0.092466	0.086806	0.073171	0.102740	0.110345	0.099315	0.092784	0.057692	0.075000	0.138298	0.115242	0.168385	0.103093	0.132576	0.089041	0.094828	0.140288	0.089041	0.121212	0.112676	0.130584	0.119298	0.136986	0.097561	0.084806	0.105455	0.115538	0.123853	0.131579	0.147482	0.131579	0.112069	0.093407	0.104762	0.135417	0.093333	0.103093	0.115789	0.000000	0.114754	0.092166	0.102857	0.063830	0.111111	0.103093	0.092308	0.103286	0.100000	0.121951	
0.069930	0.094697	0.062500	0.132780	0.055319	0.086957	0.079245	0.060729	0.089347	0.084337	0.060403	0.064516	0.000000	0.063291	0.119048	0.058333	0.155462	0.067114	0.060811	0.070470	0.076655	0.064327	0.084034	0.071429	0.039286	0.052209	0.040268	0.079365	0.072626	0.067511	0.043290	0.068592	0.048872	0.065517	0.074830	0.071186	0.068182	0.047782	0.057471	0.067568	0.101010	0.050725	0.170543	0.186312	0.170000	0.151515	0.159170	0.058824	0.050336	0.068027	0.051724	0.087542	0.064407	0.070470	0.067568	0.046667	0.075269	0.102113	0.129151	0.127946	0.067114	0.119403	0.050336	0.065502	0.063380	0.043624	0.085890	0.116438	0.121622	0.056140	0.080808	0.095563	0.069444	0.075540	0.077491	0.099567	0.080000	0.114286	0.134545	0.076923	0.099448	0.076923	0.061033	0.071429	0.084459	0.083045	0.222222	0.045455	0.027273	0.069892	0.136364	0.000000	0.057239	0.067416	0.075556	0.022727	0.023810	
0.067146	0.089431	0.094340	0.147309	0.069620	0.091954	0.122616	0.099432	0.089157	0.088571	0.103774	0.127273	0.063291	0.000000	0.138122	0.065089	0.133739	0.071429	0.083333	0.082353	0.079800	0.076923	0.076923	0.084034	0.067935	0.105691	0.090261	0.072464	0.102459	0.080247	0.103858	0.076316	0.086842	0.096154	0.089412	0.101655	0.090186	0.092457	0.080429	0.099291	0.148585	0.076355	0.137203	0.156085	0.123377	0.124675	0.145278	0.092958	0.084706	0.085714	0.080569	0.098824	0.080378	0.066038	0.085308	0.059091	0.087940	0.111111	0.109091	0.134434	0.082353	0.109974	0.078014	0.062112	0.112469	0.073286	0.093220	0.093525	0.136792	0.110565	0.105882	0.112440	0.092910	0.084184	0.104712	0.126154	0.090909	0.149254	0.127551	0.107784	0.089844	0.111111	0.083969	0.082569	0.077647	0.100000	0.352941	0.103448	0.070288	0.073529	0.028571	0.025641	0.103774	0.079487	0.097484	0.090909	0.030769	
0.156156	0.149502	0.159624	0.164983	0.157895	0.156934	0.172185	0.175627	0.160121	0.164912	0.146199	0.144000	0.119048	0.138122	0.000000	0.126812	0.074324	0.139053	0.129794	0.128655	0.125000	0.155556	0.141791	0.189189	0.149502	0.171821	0.146199	0.137931	0.179894	0.147170	0.149254	0.153846	0.138614	0.152239	0.162722	0.163205	0.133987	0.162651	0.134680	0.150442	0.158358	0.136364	0.097484	0.064309	0.064748	0.061538	0.069277	0.141818	0.137427	0.167647	0.161194	0.158358	0.144118	0.152493	0.147059	0.212291	0.152439	0.165644	0.181250	0.172515	0.166667	0.164087	0.129032	0.166667	0.168712	0.140762	0.164179	0.159159	0.195906	0.161585	0.149560	0.179104	0.158537	0.170347	0.165605	0.147170	0.139535	0.180723	0.177019	0.137681	0.177885	0.130000	0.133005	0.129032	0.157895	0.140719	0.272727	0.235294	0.144487	0.151786	0.132075	0.157895	0.149560	0.126214	0.161417	0.169014	0.117647	
0.085443	0.085409	0.061425	0.101145	0.075431	0.070866	0.108392	0.084942	0.097756	0.099237	0.091900	0.069444	0.058333	0.065089	0.126812	0.000000	0.111984	0.092476	0.067610	0.102484	0.085526	0.070621	0.084034	0.094183	0.091873	0.101852	0.078247	0.081928	0.093484	0.083333	0.085540	0.100694	0.085217	0.098101	0.102201	0.089202	0.077187	0.092800	0.068223	0.081123	0.122862	0.072488	0.138112	0.125000	0.122807	0.118761	0.129032	0.066536	0.082426	0.090909	0.072555	0.090062	0.071987	0.083981	0.085803	0.097859	0.079470	0.103110	0.118443	0.119751	0.093313	0.106529	0.084112	0.079570	0.097521	0.082683	0.084746	0.105600	0.111975	0.092834	0.113530	0.119237	0.094003	0.100840	0.094241	0.110204	0.071429	0.122549	0.130809	0.104839	0.107612	0.047120	0.091371	0.067485	0.084243	0.082540	0.142857	0.076271	0.079832	0.061224	0.042553	0.067797	0.079439	0.082616	0.080786	0.066038	0.065934	
0.151515	0.157706	0.153086	0.163776	0.152838	0.150495	0.176883	0.153082	0.165862	0.146718	0.146875	0.145374	0.155462	0.133739	0.074324	0.111984	0.000000	0.149371	0.136076	0.151090	0.119403	0.122222	0.151261	0.167582	0.150977	0.155678	0.148903	0.147268	0.161473	0.156187	0.159509	0.153025	0.153846	0.152866	0.164297	0.160630	0.145359	0.166934	0.154827	0.145540	0.185938	0.140033	0.085284	0.080342	0.066964	0.071186	0.090032	0.127907	0.152648	0.153846	0.149842	0.151326	0.145997	0.157566	0.152276	0.170732	0.150165	0.167219	0.164129	0.179407	0.159126	0.162116	0.156495	0.148796	0.163399	0.145540	0.159091	0.159490	0.173167	0.162338	0.168750	0.176190	0.165049	0.167797	0.164336	0.175510	0.088235	0.187192	0.184746	0.158317	0.179487	0.138462	0.146040	0.165644	0.151562	0.154459	0.300000	0.171875	0.158004	0.149606	0.100000	0.047619	0.157566	0.140381	0.140659	0.105769	0.120482	
0.079900	0.106294	0.096192	0.154079	0.074199	0.103555	0.135172	0.092025	0.097744	0.073960	0.089351	0.095890	0.067114	0.071429	0.139053	0.092476	0.149371	0.000000	0.079208	0.093902	0.100000	0.097130	0.104530	0.105727	0.075314	0.085756	0.078721	0.075472	0.104784	0.097289	0.081505	0.076072	0.077135	0.079701	0.096415	0.092478	0.073569	0.091940	0.082633	0.085679	0.132029	0.080729	0.168741	0.160055	0.171642	0.148649	0.160510	0.090352	0.087912	0.089791	0.065594	0.086691	0.082310	0.084249	0.089681	0.082725	0.085382	0.132903	0.136424	0.156288	0.094017	0.144205	0.089351	0.079661	0.090556	0.075980	0.111111	0.122195	0.149144	0.099490	0.113692	0.117207	0.091487	0.117333	0.101928	0.133655	0.045977	0.159120	0.162198	0.131537	0.112033	0.076923	0.095331	0.077295	0.095471	0.102628	0.095238	0.074324	0.066667	0.101215	0.097345	0.054795	0.090465	0.082544	0.083189	0.115702	0.094340	
0.095597	0.094901	0.078947	0.135053	0.076792	0.098131	0.112656	0.084746	0.110127	0.098918	0.097411	0.097561	0.060811	0.083333	0.129794	0.067610	0.136076	0.079208	0.000000	0.100737	0.081046	0.067265	0.097902	0.093750	0.082982	0.092105	0.080545	0.072243	0.086560	0.096774	0.082540	0.062674	0.082058	0.087829	0.085928	0.100621	0.075653	0.076142	0.082270	0.094945	0.131773	0.089122	0.140865	0.131868	0.133080	0.120055	0.136072	0.076087	0.089791	0.094059	0.084682	0.098401	0.087871	0.088561	0.084158	0.065693	0.082569	0.123537	0.137885	0.137761	0.097171	0.124661	0.087546	0.071795	0.099087	0.077874	0.118568	0.108176	0.131773	0.101542	0.112069	0.125471	0.084399	0.119463	0.101389	0.119548	0.082353	0.146023	0.140162	0.109698	0.110647	0.055794	0.106509	0.091787	0.094945	0.098237	0.160000	0.092715	0.081940	0.073320	0.062500	0.053333	0.086207	0.073270	0.096154	0.105691	0.094340	
0.091698	0.117155	0.087824	0.163418	0.082492	0.105991	0.142271	0.110942	0.112360	0.120980	0.108141	0.099315	0.070470	0.082353	0.128655	0.102484	0.151090	0.093902	0.100737	0.000000	0.103093	0.105727	0.118056	0.109890	0.095436	0.106628	0.092796	0.092105	0.104072	0.108108	0.100000	0.103022	0.102881	0.097651	0.106748	0.113831	0.097429	0.103750	0.108939	0.111786	0.144417	0.093023	0.159341	0.154681	0.167286	0.137281	0.150442	0.094801	0.105455	0.107448	0.103194	0.113939	0.096341	0.105455	0.101220	0.110577	0.100645	0.134615	0.140026	0.151515	0.113939	0.140374	0.094775	0.099327	0.120668	0.081608	0.134956	0.125155	0.148058	0.108999	0.125000	0.123762	0.104666	0.136424	0.135246	0.142173	0.080460	0.170732	0.150266	0.125589	0.129363	0.076271	0.102913	0.110048	0.099635	0.108075	0.200000	0.105263	0.085950	0.104628	0.078947	0.026316	0.104369	0.102013	0.104811	0.120000	0.084906	
0.088507	0.111111	0.088050	0.144216	0.075269	0.101142	0.136827	0.089141	0.105193	0.104405	0.100906	0.091575	0.076655	0.079800	0.125000	0.085526	0.119403	0.100000	0.081046	0.103093	0.000000	0.078571	0.089606	0.108747	0.082596	0.103659	0.094437	0.090551	0.098824	0.106239	0.089552	0.092888	0.081514	0.085639	0.108497	0.105606	0.091954	0.099734	0.090504	0.106080	0.145995	0.091034	0.132847	0.124277	0.108949	0.111588	0.131898	0.085622	0.104516	0.102731	0.099217	0.107097	0.094805	0.098065	0.098573	0.099490	0.100275	0.132791	0.141457	0.147097	0.117419	0.142450	0.097025	0.093190	0.110505	0.090791	0.110329	0.121532	0.145995	0.121294	0.112403	0.119737	0.103634	0.132208	0.127168	0.136286	0.060241	0.150611	0.156780	0.120861	0.118421	0.075893	0.098563	0.091371	0.094437	0.101717	0.166667	0.124138	0.092657	0.096842	0.063063	0.041667	0.104651	0.082739	0.105072	0.085470	0.067308	
0.074324	0.101010	0.065292	0.139108	0.086207	0.103352	0.118227	0.053333	0.090703	0.101093	0.110375	0.075472	0.064327	0.076923	0.155556	0.070621	0.122222	0.097130	0.067265	0.105727	0.078571	0.000000	0.079096	0.075397	0.059259	0.097938	0.071429	0.046358	0.087452	0.078431	0.061798	0.080201	0.070732	0.092760	0.095344	0.095133	0.088235	0.074324	0.079800	0.105960	0.143172	0.089623	0.148148	0.153659	0.136986	0.131387	0.151030	0.076487	0.090508	0.093541	0.085393	0.108168	0.093750	0.094714	0.084633	0.056277	0.077830	0.133178	0.122931	0.156733	0.121413	0.134146	0.081858	0.087349	0.095571	0.077263	0.095420	0.107865	0.134956	0.103687	0.119469	0.117381	0.082569	0.116505	0.111922	0.132565	0.092593	0.170960	0.148058	0.117318	0.087719	0.067669	0.087108	0.054054	0.082040	0.110609	0.250000	0.103448	0.080692	0.082759	0.083333	0.044444	0.072848	0.075426	0.095847	0.033898	0.066667	
0.088968	0.113208	0.070270	0.152893	0.082569	0.077586	0.142308	0.075221	0.096774	0.088608	0.094077	0.076923	0.084034	0.076923	0.141791	0.084034	0.151261	0.104530	0.097902	0.118056	0.089606	0.079096	0.000000	0.102273	0.082677	0.116000	0.080702	0.096591	0.073620	0.087156	0.064516	0.091270	0.077821	0.074205	0.098246	0.091873	0.065134	0.106762	0.078740	0.108392	0.138889	0.078652	0.174242	0.173077	0.104762	0.147727	0.163043	0.084444	0.086806	0.094406	0.091873	0.121528	0.088028	0.076389	0.101045	0.118421	0.089606	0.131868	0.137405	0.184669	0.135417	0.166667	0.093750	0.067961	0.105839	0.083624	0.142045	0.131206	0.142857	0.107527	0.125000	0.120996	0.119134	0.139098	0.148855	0.144737	0.034483	0.172794	0.155303	0.095023	0.123656	0.077778	0.110526	0.088608	0.100694	0.114695	0.125000	0.066667	0.067265	0.109890	0.058824	0.033333	0.111111	0.077821	0.123853	0.065217	0.043478	
0.106667	0.114144	0.089109	0.168067	0.076923	0.101877	0.127451	0.077994	0.076749	0.097765	0.094505	0.077381	0.071429	0.084034	0.189189	0.094183	0.167582	0.105727	0.093750	0.109890	0.108747	0.075397	0.102273	0.000000	0.075795	0.067708	0.059735	0.076667	0.088353	0.106017	0.072626	0.070732	0.070529	0.087640	0.077951	0.085903	0.072639	0.058824	0.071782	0.096916	0.141280	0.083916	0.176179	0.165450	0.155405	0.150852	0.196796	0.101370	0.090110	0.084257	0.091518	0.094505	0.086093	0.081319	0.094923	0.075949	0.107226	0.155606	0.146635	0.167401	0.123077	0.165049	0.092308	0.075301	0.105747	0.090708	0.132000	0.122494	0.156733	0.123288	0.121413	0.112108	0.088636	0.125891	0.123116	0.159091	0.118644	0.182670	0.159036	0.138728	0.105072	0.094891	0.093426	0.110169	0.105960	0.105618	0.000000	0.036145	0.061765	0.081851	0.044118	0.065217	0.096916	0.093976	0.118343	0.090909	0.140625	
0.076379	0.104762	0.075688	0.145581	0.073864	0.085470	0.126543	0.075862	0.081429	0.086356	0.088889	0.095420	0.039286	0.067935	0.149502	0.091873	0.150977	0.075314	0.082982	0.095436	0.082596	0.059259	0.082677	0.075795	0.000000	0.074257	0.069832	0.067100	0.084656	0.084838	0.066667	0.060372	0.067610	0.077684	0.081461	0.090909	0.073846	0.080737	0.068643	0.093056	0.119279	0.084444	0.164818	0.161742	0.175214	0.141975	0.158046	0.086116	0.076177	0.086592	0.085795	0.094183	0.071031	0.083102	0.087744	0.074792	0.090370	0.126285	0.125378	0.141274	0.107884	0.128244	0.069348	0.065010	0.094891	0.071031	0.122449	0.101839	0.141470	0.107246	0.099861	0.124470	0.094692	0.100000	0.101721	0.123862	0.049383	0.153959	0.152207	0.113879	0.089450	0.066667	0.076271	0.073684	0.091667	0.083688	0.130435	0.074627	0.063433	0.085973	0.040816	0.058824	0.076283	0.067588	0.085437	0.083333	0.053191	
0.092920	0.107667	0.075171	0.163732	0.082677	0.099631	0.128039	0.094374	0.102222	0.093525	0.092619	0.088000	0.052209	0.105691	0.171821	0.101852	0.155678	0.085756	0.092105	0.106628	0.103659	0.097938	0.116000	0.067708	0.074257	0.000000	0.082849	0.053215	0.103261	0.109641	0.087361	0.095315	0.089723	0.083824	0.087336	0.100437	0.089457	0.068351	0.072368	0.092619	0.148844	0.082695	0.174194	0.166129	0.139738	0.143087	0.171171	0.074818	0.092352	0.085756	0.072886	0.099567	0.092888	0.086580	0.079942	0.068681	0.100464	0.146789	0.135937	0.158730	0.106628	0.151420	0.086831	0.078431	0.103976	0.079710	0.107050	0.112426	0.150289	0.114286	0.122832	0.130690	0.091317	0.120313	0.114007	0.149712	0.050633	0.180851	0.178964	0.126838	0.103118	0.117647	0.077982	0.106145	0.095514	0.102222	0.130435	0.083969	0.069231	0.115839	0.087379	0.057971	0.088150	0.078400	0.093117	0.112150	0.135417	
0.080000	0.098592	0.064257	0.148036	0.073005	0.100775	0.128276	0.077744	0.081864	0.091331	0.083333	0.090592	0.040268	0.090261	0.146199	0.078247	0.148903	0.078721	0.080545	0.092796	0.094437	0.071429	0.080702	0.059735	0.069832	0.082849	0.000000	0.060150	0.079186	0.080257	0.072670	0.076072	0.071923	0.071072	0.094059	0.080247	0.064120	0.074401	0.069111	0.091912	0.132191	0.076923	0.170124	0.150685	0.161049	0.142469	0.163265	0.075501	0.083130	0.088670	0.081784	0.085575	0.077491	0.080685	0.091021	0.075243	0.079427	0.130660	0.128989	0.145477	0.097800	0.137652	0.073529	0.080068	0.099483	0.078624	0.111359	0.106250	0.140759	0.098465	0.112607	0.113608	0.078880	0.117647	0.093407	0.130435	0.068966	0.162791	0.153743	0.120063	0.109959	0.055319	0.087719	0.067633	0.093137	0.091479	0.120000	0.059603	0.064892	0.078471	0.061404	0.052632	0.086903	0.083897	0.093588	0.088710	0.094340	
0.076628	0.096154	0.057229	0.143852	0.075916	0.118072	0.123404	0.065421	0.069498	0.087963	0.077358	0.073892	0.079365	0.072464	0.137931	0.081928	0.147268	0.075472	0.072243	0.092105	0.090551	0.046358	0.096591	0.076667	0.067100	0.053215	0.060150	0.000000	0.070946	0.062500	0.084135	0.088421	0.067368	0.059387	0.090909	0.069943	0.065126	0.067568	0.060738	0.088512	0.133962	0.070281	0.151767	0.143451	0.156069	0.141393	0.165029	0.063380	0.071429	0.083650	0.072381	0.086629	0.091082	0.080827	0.092803	0.051471	0.071146	0.125749	0.125506	0.142857	0.092279	0.130435	0.086792	0.082902	0.094488	0.064151	0.105802	0.105566	0.135593	0.107843	0.109434	0.117308	0.081553	0.111570	0.110417	0.142506	0.076923	0.152174	0.157143	0.121359	0.086817	0.053892	0.086053	0.056338	0.068053	0.094050	0.090909	0.051020	0.050378	0.103343	0.083333	0.042553	0.081132	0.065708	0.076720	0.121951	0.025974	
0.094470	0.097035	0.068841	0.185286	0.069697	0.098592	0.120205	0.081006	0.109813	0.090395	0.084091	0.123457	0.072626	0.102459	0.179894	0.093484	0.161473	0.104784	0.086560	0.104072	0.098824	0.087452	0.073620	0.088353	0.084656	0.103261	0.079186	0.070946	0.000000	0.090141	0.101449	0.080402	0.076726	0.097222	0.098624	0.102506	0.115288	0.076389	0.094987	0.097950	0.135747	0.084337	0.138462	0.164589	0.155405	0.155172	0.163551	0.090659	0.092760	0.098174	0.100917	0.104072	0.104784	0.076923	0.084091	0.089744	0.082927	0.146226	0.121287	0.160998	0.099773	0.136253	0.097727	0.096096	0.104762	0.079545	0.117886	0.134259	0.143182	0.106888	0.138009	0.122120	0.096019	0.113022	0.122500	0.145897	0.102041	0.165450	0.138614	0.125731	0.117216	0.120567	0.099644	0.075472	0.095672	0.097222	0.187500	0.127907	0.074766	0.109804	0.081081	0.047619	0.104072	0.086076	0.102564	0.092105	0.100000	
0.085900	0.120879	0.063131	0.166667	0.101293	0.105159	0.134991	0.085149	0.094003	0.090909	0.102236	0.103604	0.067511	0.080247	0.147170	0.083333	0.156187	0.097289	0.096774	0.108108	0.106239	0.078431	0.087156	0.106017	0.084838	0.109641	0.080257	0.062500	0.090141	0.000000	0.092555	0.086643	0.079225	0.087805	0.083601	0.076923	0.077329	0.091503	0.092391	0.102236	0.143312	0.098827	0.168174	0.161062	0.166667	0.164602	0.168576	0.087475	0.095541	0.091200	0.079160	0.095390	0.097913	0.082671	0.094400	0.088685	0.089076	0.140940	0.143351	0.157643	0.113057	0.145614	0.089314	0.088362	0.100000	0.086538	0.154971	0.122581	0.135566	0.104305	0.133971	0.145631	0.108374	0.138169	0.109123	0.147368	0.085714	0.158863	0.152778	0.129630	0.117801	0.072539	0.109415	0.076023	0.100478	0.114379	0.157895	0.134454	0.077253	0.119481	0.043956	0.040000	0.082935	0.098418	0.079545	0.097826	0.046512	
0.083200	0.121429	0.082915	0.163462	0.082979	0.106383	0.124780	0.075435	0.084936	0.075099	0.090909	0.088000	0.043290	0.103858	0.149254	0.085540	0.159509	0.081505	0.082540	0.100000	0.089552	0.061798	0.064516	0.072626	0.066667	0.087361	0.072670	0.084135	0.101449	0.092555	0.000000	0.081597	0.073298	0.073248	0.088748	0.085174	0.081034	0.070968	0.074600	0.095761	0.147105	0.091667	0.177419	0.160558	0.155779	0.155822	0.176759	0.083495	0.087637	0.094637	0.077532	0.096875	0.098592	0.078247	0.091195	0.063063	0.085809	0.139535	0.151515	0.160938	0.115625	0.157439	0.086207	0.091102	0.105090	0.075472	0.125000	0.119808	0.151800	0.120325	0.118750	0.127389	0.076175	0.129915	0.116402	0.153040	0.094595	0.163366	0.171821	0.128257	0.097368	0.079365	0.097500	0.092486	0.094044	0.096618	0.062500	0.099099	0.081023	0.091837	0.063830	0.032787	0.087774	0.085217	0.086860	0.095238	0.107143	
0.091421	0.113208	0.097950	0.148021	0.080675	0.097938	0.131376	0.083904	0.090780	0.088083	0.100690	0.106464	0.068592	0.076316	0.153846	0.100694	0.153025	0.076072	0.062674	0.103022	0.092888	0.080201	0.091270	0.070732	0.060372	0.095315	0.076072	0.088421	0.080402	0.086643	0.081597	0.000000	0.078582	0.081006	0.084840	0.094183	0.068079	0.079208	0.066351	0.095172	0.134986	0.085294	0.155906	0.151840	0.175966	0.143951	0.153515	0.087780	0.096286	0.091540	0.084722	0.101648	0.087137	0.079670	0.076072	0.051630	0.083578	0.132948	0.146707	0.151307	0.108516	0.152439	0.085517	0.073034	0.091703	0.074689	0.132653	0.120956	0.143054	0.100719	0.112792	0.123422	0.090129	0.108271	0.108320	0.135624	0.074074	0.155523	0.159332	0.109123	0.105140	0.059633	0.109914	0.093750	0.104828	0.098870	0.181818	0.095588	0.085028	0.093822	0.067308	0.044118	0.088154	0.084211	0.093204	0.104762	0.077778	
0.068436	0.115445	0.063063	0.143339	0.063910	0.094340	0.129082	0.075214	0.091421	0.065630	0.085399	0.059055	0.048872	0.086842	0.138614	0.085217	0.153846	0.077135	0.082058	0.102881	0.081514	0.070732	0.077821	0.070529	0.067610	0.089723	0.071923	0.067368	0.076726	0.079225	0.073298	0.078582	0.000000	0.078212	0.072323	0.077778	0.067381	0.077793	0.068750	0.088154	0.126547	0.079942	0.163833	0.156682	0.170732	0.145015	0.166428	0.068493	0.082305	0.070539	0.079167	0.079561	0.095304	0.085165	0.096819	0.060440	0.091570	0.134006	0.117560	0.149725	0.093407	0.135338	0.077029	0.084130	0.096210	0.070442	0.106173	0.110490	0.138927	0.101284	0.121045	0.116084	0.088319	0.119581	0.109399	0.133333	0.088608	0.160870	0.154079	0.123435	0.094907	0.051402	0.083516	0.064865	0.077135	0.088732	0.047619	0.102190	0.058161	0.075688	0.049020	0.030769	0.072802	0.071212	0.088933	0.104762	0.062500	
0.078283	0.096591	0.075356	0.155963	0.082902	0.102644	0.129707	0.082043	0.093112	0.089202	0.079404	0.090278	0.065517	0.096154	0.152239	0.098101	0.152866	0.079701	0.087829	0.097651	0.085639	0.092760	0.074205	0.087640	0.077684	0.083824	0.071072	0.059387	0.097222	0.087805	0.073248	0.081006	0.078212	0.000000	0.093985	0.080000	0.060357	0.079183	0.076923	0.094293	0.128872	0.077836	0.165730	0.154910	0.154135	0.149111	0.158915	0.082298	0.082921	0.096010	0.082707	0.084054	0.089664	0.086634	0.092154	0.075980	0.091984	0.134817	0.146900	0.154703	0.102723	0.146175	0.091811	0.082759	0.103539	0.080846	0.111364	0.115190	0.139851	0.104922	0.114002	0.121365	0.099099	0.120108	0.113128	0.144715	0.057471	0.159686	0.156250	0.121600	0.107143	0.081197	0.103380	0.073529	0.090571	0.106599	0.160000	0.067114	0.077966	0.100823	0.071429	0.039474	0.096654	0.086183	0.087873	0.128000	0.047619	
0.084065	0.117232	0.090726	0.162614	0.083475	0.113530	0.130556	0.088685	0.094937	0.092736	0.104680	0.117241	0.074830	0.089412	0.162722	0.102201	0.164297	0.096415	0.085928	0.106748	0.108497	0.095344	0.098246	0.077951	0.081461	0.087336	0.094059	0.090909	0.098624	0.083601	0.088748	0.084840	0.072323	0.093985	0.000000	0.085608	0.088919	0.084810	0.083569	0.088670	0.130381	0.093054	0.174095	0.168956	0.167910	0.158038	0.171795	0.086687	0.098280	0.090347	0.085928	0.095823	0.101360	0.084767	0.092707	0.082524	0.101961	0.141375	0.145917	0.157248	0.099509	0.149798	0.092365	0.080068	0.097656	0.072840	0.136771	0.113065	0.148831	0.111825	0.125461	0.132832	0.099744	0.123656	0.121884	0.138934	0.105882	0.173177	0.160162	0.139905	0.116183	0.077253	0.110020	0.087805	0.091133	0.099496	0.200000	0.125000	0.080000	0.095528	0.097345	0.052632	0.087331	0.085714	0.095486	0.114754	0.114286	
0.097500	0.118310	0.080483	0.162614	0.095238	0.107143	0.138313	0.084485	0.093317	0.087827	0.098280	0.089965	0.071186	0.101655	0.163205	0.089202	0.160630	0.092478	0.100621	0.113831	0.105606	0.095133	0.091873	0.085903	0.090909	0.100437	0.080247	0.069943	0.102506	0.076923	0.085174	0.094183	0.077778	0.080000	0.085608	0.000000	0.084815	0.082174	0.079096	0.094595	0.136196	0.088773	0.182197	0.168724	0.187266	0.164402	0.175192	0.097222	0.093137	0.093827	0.073292	0.095588	0.085080	0.084455	0.104809	0.089157	0.096606	0.138422	0.153538	0.150735	0.107843	0.144790	0.095823	0.091371	0.102464	0.082512	0.113586	0.115144	0.147239	0.117949	0.128834	0.130163	0.099490	0.132353	0.110497	0.141005	0.093023	0.167315	0.162853	0.130366	0.112500	0.090129	0.094675	0.086538	0.103194	0.095477	0.120000	0.100000	0.088481	0.097561	0.114035	0.040000	0.093252	0.087957	0.100520	0.129032	0.084906	
0.077348	0.097826	0.062222	0.135678	0.071295	0.090909	0.130699	0.078498	0.090909	0.084192	0.074627	0.086792	0.068182	0.090186	0.133987	0.077187	0.145359	0.073569	0.075653	0.097429	0.091954	0.088235	0.065134	0.072639	0.073846	0.089457	0.064120	0.065126	0.115288	0.077329	0.081034	0.068079	0.067381	0.060357	0.088919	0.084815	0.000000	0.081232	0.066978	0.084239	0.122117	0.073699	0.168992	0.145455	0.155738	0.142424	0.154173	0.084317	0.084011	0.087312	0.082192	0.077131	0.084469	0.084011	0.106267	0.074271	0.077810	0.121602	0.129985	0.135318	0.097561	0.135821	0.078697	0.077068	0.082621	0.080381	0.117500	0.117892	0.131436	0.096045	0.105691	0.108033	0.088983	0.115899	0.103817	0.133333	0.075949	0.152299	0.150746	0.115993	0.114219	0.051402	0.100213	0.050251	0.080163	0.096100	0.086957	0.080882	0.077922	0.100000	0.057143	0.041096	0.092266	0.076233	0.089524	0.107143	0.072917	
0.090909	0.115108	0.080082	0.163043	0.070812	0.103339	0.127119	0.070644	0.091613	0.085308	0.086575	0.078014	0.047782	0.092457	0.162651	0.092800	0.166934	0.091940	0.076142	0.103750	0.099734	0.074324	0.106762	0.058824	0.080737	0.068351	0.074401	0.067568	0.076389	0.091503	0.070968	0.079208	0.077793	0.079183	0.084810	0.082174	0.081232	0.000000	0.079480	0.091593	0.141604	0.076101	0.177054	0.180028	0.184211	0.158114	0.181818	0.074250	0.083855	0.085750	0.086294	0.102628	0.098237	0.086358	0.077987	0.064039	0.098667	0.147757	0.137978	0.158949	0.107635	0.149378	0.089084	0.064014	0.101852	0.074214	0.105505	0.109974	0.149123	0.113577	0.125313	0.119745	0.084525	0.131327	0.115819	0.139573	0.059524	0.178571	0.163014	0.117932	0.112527	0.060345	0.084677	0.092683	0.099122	0.097187	0.166667	0.088435	0.066214	0.099792	0.088496	0.065789	0.085213	0.077241	0.097865	0.134454	0.128713	
0.087019	0.088141	0.082960	0.134812	0.070611	0.090592	0.116535	0.074205	0.084527	0.080357	0.089636	0.097015	0.057471	0.080429	0.134680	0.068223	0.154827	0.082633	0.082270	0.108939	0.090504	0.079800	0.078740	0.071782	0.068643	0.072368	0.069111	0.060738	0.094987	0.092391	0.074600	0.066351	0.068750	0.076923	0.083569	0.079096	0.066978	0.079480	0.000000	0.081346	0.121849	0.087407	0.157143	0.155521	0.163180	0.141757	0.155750	0.084507	0.088112	0.080282	0.072443	0.075524	0.087079	0.079609	0.092827	0.066667	0.087278	0.124444	0.134441	0.146853	0.096503	0.128284	0.096774	0.075581	0.091852	0.081461	0.095718	0.110000	0.142857	0.107872	0.108939	0.110157	0.086006	0.115677	0.106181	0.132216	0.072289	0.151111	0.152542	0.109712	0.098361	0.080569	0.082969	0.073684	0.086957	0.088953	0.100000	0.047244	0.074004	0.076749	0.058252	0.046875	0.082633	0.074419	0.085317	0.093750	0.058140	
0.088308	0.099440	0.078000	0.121988	0.089679	0.104938	0.104396	0.079389	0.100251	0.092308	0.087805	0.093426	0.067568	0.099291	0.150442	0.081123	0.145540	0.085679	0.094945	0.111786	0.106080	0.105960	0.108392	0.096916	0.093056	0.092619	0.091912	0.088512	0.097950	0.102236	0.095761	0.095172	0.088154	0.094293	0.088670	0.094595	0.084239	0.091593	0.081346	0.000000	0.127893	0.089494	0.151724	0.144414	0.149813	0.136486	0.140863	0.081164	0.083942	0.093137	0.093711	0.104623	0.086903	0.083942	0.097919	0.084541	0.089263	0.100386	0.120370	0.127737	0.107056	0.115282	0.096341	0.077703	0.110825	0.090465	0.115044	0.112903	0.120585	0.111959	0.105968	0.114286	0.106329	0.103723	0.108368	0.124800	0.069767	0.136598	0.137517	0.115142	0.117769	0.085106	0.105058	0.081340	0.093902	0.094527	0.086957	0.093333	0.089552	0.104839	0.070175	0.066667	0.095006	0.090296	0.110345	0.105691	0.076923	
0.137888	0.121678	0.134000	0.127628	0.124579	0.130769	0.131687	0.126524	0.141250	0.131902	0.127893	0.158621	0.101010	0.148585	0.158358	0.122862	0.185938	0.132029	0.131773	0.144417	0.145995	0.143172	0.138889	0.141280	0.119279	0.148844	0.132191	0.133962	0.135747	0.143312	0.147105	0.134986	0.126547	0.128872	0.130381	0.136196	0.122117	0.141604	0.121849	0.127893	0.000000	0.133420	0.192837	0.185034	0.182156	0.176788	0.171103	0.128440	0.128797	0.143207	0.137931	0.131227	0.132029	0.137303	0.146699	0.141827	0.133247	0.115681	0.140397	0.123937	0.142163	0.127175	0.130329	0.134907	0.141570	0.120879	0.141907	0.147826	0.132603	0.138501	0.136253	0.145161	0.150442	0.143426	0.143836	0.139423	0.116279	0.128700	0.141333	0.146457	0.152263	0.085470	0.135922	0.134615	0.133983	0.144458	0.200000	0.125000	0.137417	0.133065	0.150442	0.092105	0.137470	0.129206	0.125862	0.152000	0.094340	
0.077734	0.105655	0.085239	0.148325	0.073345	0.093443	0.117904	0.091503	0.101198	0.076159	0.080415	0.094203	0.050725	0.076355	0.136364	0.072488	0.140033	0.080729	0.089122	0.093023	0.091034	0.089623	0.078652	0.083916	0.084444	0.082695	0.076923	0.070281	0.084337	0.098827	0.091667	0.085294	0.079942	0.077836	0.093054	0.088773	0.073699	0.076101	0.087407	0.089494	0.133420	0.000000	0.154070	0.153957	0.150579	0.143062	0.148248	0.073955	0.076326	0.083442	0.073491	0.093023	0.081925	0.075032	0.080624	0.071247	0.091034	0.120713	0.123769	0.143596	0.091850	0.134670	0.090791	0.077617	0.104110	0.072727	0.092199	0.104497	0.139715	0.094595	0.107374	0.116095	0.088949	0.108146	0.113372	0.124150	0.061728	0.150479	0.148936	0.121870	0.110390	0.067873	0.094538	0.074627	0.081712	0.094290	0.166667	0.067568	0.064799	0.106157	0.064220	0.041096	0.091850	0.078910	0.087432	0.110169	0.067308	
0.164557	0.161442	0.160271	0.172881	0.150289	0.147368	0.168224	0.170435	0.188920	0.165517	0.164138	0.155303	0.170543	0.137203	0.097484	0.138112	0.085284	0.168741	0.140865	0.159341	0.132847	0.148148	0.174242	0.176179	0.164818	0.174194	0.170124	0.151767	0.138462	0.168174	0.177419	0.155906	0.163833	0.165730	0.174095	0.182197	0.168992	0.177054	0.157143	0.151724	0.192837	0.154070	0.000000	0.063830	0.067729	0.065868	0.079545	0.140138	0.165062	0.162275	0.168289	0.167813	0.160443	0.162311	0.157895	0.174863	0.158892	0.173217	0.177177	0.184319	0.162311	0.172466	0.169655	0.161290	0.182344	0.160000	0.166667	0.172996	0.179063	0.170029	0.174931	0.183473	0.178827	0.176647	0.168470	0.177419	0.075949	0.194767	0.181278	0.163445	0.172093	0.153153	0.156951	0.158470	0.161157	0.174648	0.347826	0.220690	0.174397	0.153318	0.115385	0.057143	0.163686	0.154434	0.168906	0.114035	0.104167	
0.157382	0.149766	0.150776	0.168067	0.159091	0.154374	0.164384	0.157627	0.167832	0.174359	0.164850	0.145522	0.186312	0.156085	0.064309	0.125000	0.080342	0.160055	0.131868	0.154681	0.124277	0.153659	0.173077	0.165450	0.161742	0.166129	0.150685	0.143451	0.164589	0.161062	0.160558	0.151840	0.156682	0.154910	0.168956	0.168724	0.145455	0.180028	0.155521	0.144414	0.185034	0.153957	0.063830	0.000000	0.052632	0.049853	0.069209	0.131399	0.165761	0.159836	0.158184	0.157609	0.162347	0.152174	0.159618	0.147059	0.142029	0.157287	0.158754	0.173913	0.160326	0.161961	0.155102	0.171963	0.189306	0.153005	0.169154	0.163662	0.170068	0.165957	0.165761	0.166436	0.166667	0.170338	0.156202	0.160142	0.113924	0.183908	0.191617	0.154930	0.178654	0.140187	0.151982	0.135135	0.153951	0.165969	0.200000	0.222222	0.172542	0.148315	0.090909	0.128571	0.161685	0.152338	0.169261	0.129310	0.115789	
0.173585	0.153191	0.139394	0.125000	0.136126	0.147619	0.172414	0.165899	0.169884	0.180617	0.149813	0.095745	0.170000	0.123377	0.064748	0.122807	0.066964	0.171642	0.133080	0.167286	0.108949	0.136986	0.104762	0.155405	0.175214	0.139738	0.161049	0.156069	0.155405	0.166667	0.155779	0.175966	0.170732	0.154135	0.167910	0.187266	0.155738	0.184211	0.163180	0.149813	0.182156	0.150579	0.067729	0.052632	0.000000	0.050388	0.072519	0.143519	0.156716	0.168539	0.177358	0.185874	0.156716	0.171642	0.152985	0.149660	0.171315	0.165385	0.154472	0.148699	0.167286	0.157895	0.164179	0.173684	0.206226	0.164179	0.128205	0.148289	0.186567	0.157480	0.163569	0.181818	0.183908	0.188000	0.183333	0.146919	0.058824	0.180392	0.190871	0.189573	0.151515	0.135135	0.162651	0.197368	0.164794	0.180769	0.200000	0.222222	0.159204	0.166667	0.062500	0.136364	0.167910	0.151261	0.180412	0.116279	0.136364	
