0.00000000099999999993 0.00000000099999999993 0.99999999399999994765 0.00000000099999999993 0.00000000099999999993 0.00000000099999999993 0.00000000099999999993 
0.00000000099999999995 0.25653596298464781400 0.00000000099999999995 0.00000000099999999995 0.74346403201535204985 0.00000000099999999995 0.00000000099999999995 
0.43878111433887456716 0.00000000099999999994 0.00000000099999999994 0.00000000099999999994 0.00000000099999999994 0.00000000099999999994 0.56121888066112535220 
0.13437697463109937734 0.53355431717307344464 0.00000000099999999999 0.00639985310713957548 0.32566885208868773249 0.00000000099999999999 0.00000000099999999999 
0.00000000099999999994 0.00000000099999999994 0.00000000099999999994 0.99999999399999994765 0.00000000099999999994 0.00000000099999999994 0.00000000099999999994 
0.00000000099999999990 0.00000000099999999990 0.99999999399999994765 0.00000000099999999990 0.00000000099999999990 0.00000000099999999990 0.00000000099999999990 
0.00000000099999999986 0.00000000099999999986 0.99999999400000005867 0.00000000099999999986 0.00000000099999999986 0.00000000099999999986 0.00000000099999999986 
0.00000000099999999986 0.00000000099999999986 0.00000000099999999986 0.99999999399999994765 0.00000000099999999986 0.00000000099999999986 0.00000000099999999986 
0.36577737249854297419 0.00000000099999999996 0.00000000099999999996 0.24807627956009112302 0.00000000099999999996 0.00000000099999999996 0.38614634394136593265 
0.21265266250358130784 0.00000000099999999996 0.00000000099999999996 0.41493176991184160807 0.00000000099999999996 0.01606654430684833698 0.35634902027772868971 
0.00000000099999999990 0.00000000099999999990 0.00000000099999999990 0.00000000099999999990 0.00000000099999999990 0.00000000099999999990 0.99999999400000005867 
0.00000000099999999993 0.00000000099999999993 0.00000000099999999993 0.00000000099999999993 0.00000000099999999993 0.00000000099999999993 0.99999999399999994765 
0.00000000099999999999 0.00003158706356489148 0.00000000099999999999 0.00000000099999999999 0.00000000099999999999 0.00047498315571254431 0.99949342578072253307 
0.00000000099999999988 0.00000000099999999988 0.00000000099999999988 0.00000000099999999988 0.99999999399999994765 0.00000000099999999988 0.00000000099999999988 
0.00000000099999999997 0.00000000099999999997 0.00000000099999999997 0.00000000099999999997 0.99999999399999994765 0.00000000099999999997 0.00000000099999999997 
0.00000000099999999973 0.00000000099999999973 0.00000000099999999973 0.00000000099999999973 0.99999999400000005867 0.00000000099999999973 0.00000000099999999973 
0.00000000099999999994 0.00000000099999999994 0.99999999400000005867 0.00000000099999999994 0.00000000099999999994 0.00000000099999999994 0.00000000099999999994 
0.99999999400000016969 0.00000000099999999983 0.00000000099999999983 0.00000000099999999983 0.00000000099999999983 0.00000000099999999983 0.00000000099999999983 
0.00000000099999999979 0.99999999400000005867 0.00000000099999999979 0.00000000099999999979 0.00000000099999999979 0.00000000099999999979 0.00000000099999999979 
0.00000000099999999992 0.00000000099999999992 0.41067055030790566850 0.58932944469209436189 0.00000000099999999992 0.00000000099999999992 0.00000000099999999992 
0.00000000099999999976 0.99999999400000005867 0.00000000099999999976 0.00000000099999999976 0.00000000099999999976 0.00000000099999999976 0.00000000099999999976 
0.00000000099999999987 0.00000000099999999987 0.00000000099999999987 0.00000000099999999987 0.00000000099999999987 0.99999999400000005867 0.00000000099999999987 
0.33893702783715912163 0.06015319208529169848 0.00800481119057493140 0.15433933805735450262 0.00000000100000000000 0.12086000057638772442 0.31770562925323203585 
0.00000000099999999991 0.00000000099999999991 0.00000000099999999991 0.00000000099999999991 0.00000000099999999991 0.00000000099999999991 0.99999999400000005867 
0.00000000099999999982 0.00000000099999999982 0.00000000099999999982 0.00000000099999999982 0.00000000099999999982 0.99999999399999994765 0.00000000099999999982 
0.53624365385220962299 0.00000000099999999997 0.00000000099999999997 0.00000000099999999997 0.00000000099999999997 0.00000000099999999997 0.46375634114779057393 
0.19799226442714701335 0.00000000099999999997 0.00000000099999999997 0.44227976411653291411 0.00000000099999999997 0.00000000099999999997 0.35972796745632013016 
0.00000000099999999999 0.00000000099999999999 0.00000000099999999999 0.48726705163173988922 0.00000402169751985413 0.51272891724090208232 0.00000000642983829487 
0.00000000099999999984 0.00000000099999999984 0.00000000099999999984 0.00000000099999999984 0.00000000099999999984 0.99999999399999994765 0.00000000099999999984 
0.00000000099999999986 0.00000000099999999986 0.00000000099999999986 0.00000000099999999986 0.00000000099999999986 0.99999999400000005867 0.00000000099999999986 
0.00000000099999999983 0.00000000099999999983 0.00000000099999999983 0.00000000099999999983 0.00000000099999999983 0.99999999400000005867 0.00000000099999999983 
0.00000000099999999986 0.00000000099999999986 0.00000000099999999986 0.00000000099999999986 0.00000000099999999986 0.99999999400000005867 0.00000000099999999986 
0.99999999400000016969 0.00000000099999999985 0.00000000099999999985 0.00000000099999999985 0.00000000099999999985 0.00000000099999999985 0.00000000099999999985 
0.52123795221850377501 0.00000000099999999994 0.00000000099999999994 0.00000000118491050513 0.00000000099999999994 0.00000000099999999994 0.47876204259658583506 
0.27895833209677162179 0.00000000099999999997 0.00000000099999999997 0.00000000099999999997 0.00000000099999999997 0.00000000099999999997 0.72104166290322824207 
0.51468680533214450357 0.00000000099999999998 0.00317116314260580982 0.46441228230544612243 0.00000000099999999998 0.01772974621980348900 0.00000000099999999998 
0.00000000099999999990 0.00000000099999999990 0.00000000099999999990 0.99999999399999994765 0.00000000099999999990 0.00000000099999999990 0.00000000099999999990 
0.00000000099999999992 0.00000000099999999992 0.00000000099999999992 0.00000000099999999992 0.00000000099999999992 0.00000000099999999992 0.99999999399999994765 
0.43832611305125090961 0.00000000099999999996 0.00000000099999999996 0.00000000099999999996 0.00000000099999999996 0.00000004724050772057 0.56167383570824125361 
0.00000000099999999990 0.00000000099999999990 0.99999999400000005867 0.00000000099999999990 0.00000000099999999990 0.00000000099999999990 0.00000000099999999990 
0.00000000099999999986 0.00000000099999999986 0.99999999400000005867 0.00000000099999999986 0.00000000099999999986 0.00000000099999999986 0.00000000099999999986 
0.00000000099999999973 0.00000000099999999973 0.00000000099999999973 0.00000000099999999973 0.99999999400000005867 0.00000000099999999973 0.00000000099999999973 
0.00000000099999999984 0.99999999400000016969 0.00000000099999999984 0.00000000099999999984 0.00000000099999999984 0.00000000099999999984 0.00000000099999999984 
0.00000000099999999963 0.99999999400000005867 0.00000000099999999963 0.00000000099999999963 0.00000000099999999963 0.00000000099999999963 0.00000000099999999963 
0.00000000099999999988 0.61301984187038682794 0.00000000099999999988 0.00000000099999999988 0.38698015312961331347 0.00000000099999999988 0.00000000099999999988 
0.00000000099999999962 0.00000000099999999962 0.00000000099999999962 0.00000000099999999962 0.99999999400000005867 0.00000000099999999962 0.00000000099999999962 
0.00000000099999999968 0.99999999400000005867 0.00000000099999999968 0.00000000099999999968 0.00000000099999999968 0.00000000099999999968 0.00000000099999999968 
0.07508023297544767771 0.00000000099999999996 0.92491976202455239431 0.00000000099999999996 0.00000000099999999996 0.00000000099999999996 0.00000000099999999996 
0.00000000099999999974 0.00000000099999999974 0.00000000099999999974 0.00000000099999999974 0.00000000099999999974 0.99999999399999994765 0.00000000099999999974 
0.00000000099999999990 0.00000000099999999990 0.00000000099999999990 0.00000000099999999990 0.00000000099999999990 0.00000000099999999990 0.99999999399999994765 
0.00000000099999999989 0.00000000099999999989 0.00000000099999999989 0.00000000099999999989 0.00000000099999999989 0.00000000099999999989 0.99999999399999994765 
0.00000000099999999979 0.00000000099999999979 0.00000000099999999979 0.00000000099999999979 0.00000000099999999979 0.99999999399999994765 0.00000000099999999979 
0.00000000099999999986 0.00000000099999999986 0.00000000099999999986 0.99999999399999994765 0.00000000099999999986 0.00000000099999999986 0.00000000099999999986 
0.99999999400000016969 0.00000000099999999981 0.00000000099999999981 0.00000000099999999981 0.00000000099999999981 0.00000000099999999981 0.00000000099999999981 
0.00000000099999999987 0.00000000099999999987 0.99999999399999994765 0.00000000099999999987 0.00000000099999999987 0.00000000099999999987 0.00000000099999999987 
0.00000000099999999994 0.00000000099999999994 0.00000000099999999994 0.99999999400000005867 0.00000000099999999994 0.00000000099999999994 0.00000000099999999994 
0.49070277498593689591 0.00000009642877016879 0.02412612539492083388 0.00000000100000000000 0.00742748456825648249 0.08374948487304485767 0.39399403274907091044 
0.00000000099999999978 0.00000000099999999978 0.00000000099999999978 0.00000000099999999978 0.99999999399999994765 0.00000000099999999978 0.00000000099999999978 
0.00000000099999999994 0.00000000099999999994 0.99999999400000005867 0.00000000099999999994 0.00000000099999999994 0.00000000099999999994 0.00000000099999999994 
0.00000000099999999973 0.99999999400000016969 0.00000000099999999973 0.00000000099999999973 0.00000000099999999973 0.00000000099999999973 0.00000000099999999973 
0.00000000099999999991 0.00000000099999999991 0.49463612793868017015 0.50536386706131986024 0.00000000099999999991 0.00000000099999999991 0.00000000099999999991 
0.00000000099999999980 0.00000000099999999980 0.00000000099999999980 0.00000000099999999980 0.99999999400000005867 0.00000000099999999980 0.00000000099999999980 
0.00000000099999999983 0.00000000099999999983 0.99999999400000005867 0.00000000099999999983 0.00000000099999999983 0.00000000099999999983 0.00000000099999999983 
0.99999999400000016969 0.00000000099999999986 0.00000000099999999986 0.00000000099999999986 0.00000000099999999986 0.00000000099999999986 0.00000000099999999986 
0.00000000099999999991 0.00000000099999999991 0.99999999400000005867 0.00000000099999999991 0.00000000099999999991 0.00000000099999999991 0.00000000099999999991 
0.00000000099999999987 0.00000000099999999987 0.00000000099999999987 0.99999999400000005867 0.00000000099999999987 0.00000000099999999987 0.00000000099999999987 
0.00000000099999999997 0.00000000099999999997 0.84587182756748702239 0.00000000099999999997 0.00000000099999999997 0.15412816743251281371 0.00000000099999999997 
0.00000000099999999985 0.00000000099999999985 0.99999999399999994765 0.00000000099999999985 0.00000000099999999985 0.00000000099999999985 0.00000000099999999985 
0.00000000099999999987 0.00000000099999999987 0.99999999400000005867 0.00000000099999999987 0.00000000099999999987 0.00000000099999999987 0.00000000099999999987 
0.00000000099999999991 0.00000000099999999991 0.00000000099999999991 0.00000000099999999991 0.00000000099999999991 0.00000000099999999991 0.99999999399999994765 
0.00000000099999999987 0.00000000099999999987 0.99999999399999994765 0.00000000099999999987 0.00000000099999999987 0.00000000099999999987 0.00000000099999999987 
0.00000000099999999987 0.00000000099999999987 0.99999999399999994765 0.00000000099999999987 0.00000000099999999987 0.00000000099999999987 0.00000000099999999987 
0.19798704504973324569 0.01749168794971656810 0.10010542929789011113 0.27744967299909750746 0.00000000100000000000 0.08738161460576675255 0.31958454909779598907 
0.33711522450235403836 0.00000000099999999999 0.04942415417656920856 0.34640082362757368406 0.02280473991870146308 0.00000000099999999999 0.24425505577480169372 
0.12690770403387249821 0.03067103898740558554 0.00000000099999999999 0.45423300641692804236 0.00000000099999999999 0.06245396822308023344 0.32573428033871365539 
0.00000000099999999998 0.13609932257331064376 0.00000000099999999998 0.45722779050099104925 0.00000000099999999998 0.00000000099999999998 0.40667288292569830910 
0.24180358300391818771 0.00000000099999999999 0.02679900919073885043 0.00000018727881993518 0.54984902176596739398 0.00000022901867218456 0.18154796874188355860 
0.00000000099999999990 0.00000000099999999990 0.00000000099999999990 0.00000000099999999990 0.00000000099999999990 0.00000000099999999990 0.99999999399999994765 
0.13572293956051284525 0.00000000099999999998 0.01102291814710066285 0.24095993237885632299 0.00000000099999999998 0.00000000099999999998 0.61229420691353009243 
0.00000000099999999999 0.01363374098439228653 0.83428946065496345508 0.09330090932678547500 0.00000000099999999999 0.05877571873242999623 0.00000016830142869268 
0.00000000099999999997 0.00000000099999999997 0.00000000099999999997 0.34270054706641001063 0.00000000099999999997 0.05052882297650918703 0.60677062595708075587 
0.00000000099999999997 0.00000000099999999997 0.00000000099999999997 0.33121271897760079517 0.00000000099999999997 0.00807723492591346480 0.66071004209648576122 
0.00000000099999999999 0.05877963256636593165 0.00000000099999999999 0.29435299451888424782 0.00030348679415046062 0.00000000099999999999 0.64656388312059931422 
0.00000000099999999998 0.00000000099999999998 0.99999999400000005867 0.00000000099999999998 0.00000000099999999998 0.00000000099999999998 0.00000000099999999998 
0.00000000099999999985 0.00000000099999999985 0.00000000099999999985 0.99999999400000005867 0.00000000099999999985 0.00000000099999999985 0.00000000099999999985 
0.00000000099999999996 0.00000000099999999996 0.71060061742501301474 0.00000000099999999996 0.00000000099999999996 0.04069455984579841562 0.24870481872918864807 
0.00199963385220487894 0.00000000100000000000 0.28647262766370235054 0.60064411141420137596 0.00000000100000000000 0.10683634460916430209 0.00404728046072706099 
0.00000000100000000000 0.00000000100000000000 0.00000000100000000000 0.14724224991210638214 0.00000000100000000000 0.27784384528493627498 0.57491390080295734499 
0.00000000099999999987 0.00000000099999999987 0.99999999400000005867 0.00000000099999999987 0.00000000099999999987 0.00000000099999999987 0.00000000099999999987 
0.00000000099999999997 0.00000000099999999997 0.00000000099999999997 0.99660090003741863551 0.00000000099999999997 0.00339909496258119928 0.00000000099999999997 
0.99999999400000005867 0.00000000099999999997 0.00000000099999999997 0.00000000099999999997 0.00000000099999999997 0.00000000099999999997 0.00000000099999999997 
0.00000000099999999999 0.00000000099999999999 0.00000000099999999999 0.40465173953391586625 0.00000000099999999999 0.15681441960326317209 0.43853383686282088050 
0.99999999400000016969 0.00000000099999999983 0.00000000099999999983 0.00000000099999999983 0.00000000099999999983 0.00000000099999999983 0.00000000099999999983 
0.00000000099999999991 0.00000000099999999991 0.00000000099999999991 0.00000000099999999991 0.00000000099999999991 0.00000000099999999991 0.99999999399999994765 
0.00000000099999999996 0.00000000099999999996 0.00000000099999999996 0.42508210437517085500 0.00000000099999999996 0.00000000099999999996 0.57491789062482911987 
0.00000000267457681546 0.00000000099999999998 0.00000000099999999998 0.31032713713848059101 0.00000000099999999998 0.00000000099999999998 0.68967285618694240679 
0.00000717164752111597 0.10793682738626501905 0.00000000100000000000 0.55114058895213269285 0.00000000426285071872 0.00007121518696088078 0.34084419156426953856 
