0.00000000099999999987 0.00000000099999999987 0.00000000099999999987 0.00000000099999999987 0.00000000099999999987 0.99999999300000008695 0.00000000099999999987 0.00000000099999999987 
0.00000000099999999980 0.00000000099999999980 0.00000000099999999980 0.00000000099999999980 0.00000000099999999980 0.00000000099999999980 0.99999999299999997593 0.00000000099999999980 
0.00000000099999999993 0.00000000099999999993 0.00000000099999999993 0.00000000099999999993 0.00000000099999999993 0.00000000099999999993 0.00000000099999999993 0.99999999299999997593 
0.00000000099999999999 0.00000000099999999999 0.00000000099999999999 0.65740290745739715650 0.14949046834892615321 0.00000000099999999999 0.19310661919367663741 0.00000000099999999999 
0.00000000099999999999 0.00000000099999999999 0.07564586212983900881 0.00000000099999999999 0.40379987733045857867 0.00109711417091076379 0.00000000099999999999 0.51945714236879170222 
0.00000000099999999984 0.00000000099999999984 0.00000000099999999984 0.00000000099999999984 0.00000000099999999984 0.99999999299999997593 0.00000000099999999984 0.00000000099999999984 
0.00000000099999999981 0.00000000099999999981 0.00000000099999999981 0.00000000099999999981 0.00000000099999999981 0.99999999299999997593 0.00000000099999999981 0.00000000099999999981 
0.00000000099999999991 0.00000000099999999991 0.00065531889258511260 0.00000000099999999991 0.00000000099999999991 0.00000000099999999991 0.00000000099999999991 0.99934467510741475937 
0.00000000099999999992 0.00000000099999999992 0.00000000099999999992 0.00000000099999999992 0.00000000099999999992 0.00000000099999999992 0.00000000099999999992 0.99999999299999997593 
0.00000000099999999996 0.00000000099999999996 0.01665071548885607017 0.00000000099999999996 0.48544281754238471915 0.00000000099999999996 0.00000000099999999996 0.49790646196875926188 
0.00000000099999999992 0.00000000099999999992 0.00000001256545254140 0.00000000099999999992 0.00000000099999999992 0.00000000099999999992 0.00000000099999999992 0.99999998143454749133 
0.00000000099999999996 0.00000000099999999996 0.00000000099999999996 0.00000000099999999996 0.42582085798669017107 0.00000000099999999996 0.00000000099999999996 0.57417913601330983209 
0.00000000701033390022 0.06059085489310956502 0.03815155718155971432 0.00000043601250327839 0.00003202973216513809 0.01425266711162318303 0.00000005262561420731 0.88697239543309092102 
0.00000000099999999979 0.00000000099999999979 0.00000000099999999979 0.00000000099999999979 0.00000000099999999979 0.00000000099999999979 0.99999999299999986491 0.00000000099999999979 
0.00000000099999999992 0.00000000099999999992 0.00000000099999999992 0.00000000099999999992 0.00000000099999999992 0.00000000099999999992 0.99999999299999986491 0.00000000099999999992 
0.00000000099999999960 0.00000000099999999960 0.00000000099999999960 0.00000000099999999960 0.00000000099999999960 0.00000000099999999960 0.99999999299999997593 0.00000000099999999960 
0.45136739592089752948 0.00000000099999999993 0.00000000099999999993 0.00000000099999999993 0.00000000099999999993 0.54863259807910247368 0.00000000099999999993 0.00000000099999999993 
0.00000000099999999994 0.00000000099999999994 0.00000000397955451455 0.00180163108069642300 0.00000000099999999994 0.00000000099999999994 0.00000000099999999994 0.99819835993974892485 
0.00000000099999999978 0.00000000099999999978 0.00000000099999999978 0.99999999300000008695 0.00000000099999999978 0.00000000099999999978 0.00000000099999999978 0.00000000099999999978 
0.00000000099999999943 0.99999999300000019797 0.00000000099999999943 0.00000000099999999943 0.00000000099999999943 0.00000000099999999943 0.00000000099999999943 0.00000000099999999943 
0.00000000099999999983 0.00000000099999999983 0.00000000099999999983 0.47996760278655153931 0.00000000099999999983 0.00000000099999999983 0.52003239121344835283 0.00000000099999999983 
0.00000000099999999985 0.00000000099999999985 0.99999999300000008695 0.00000000099999999985 0.00000000099999999985 0.00000000099999999985 0.00000000099999999985 0.00000000099999999985 
0.00010233589106325981 0.02205952548575209823 0.12345720988180962363 0.06316387618645762092 0.23635602239246381040 0.00758276041936108841 0.00000000100000000000 0.54727826874309259964 
0.00000000099999999997 0.04170706223022636883 0.02290496996662138435 0.00000000099999999997 0.45837950778684061204 0.00000000099999999997 0.00628214277326722293 0.47072631424304450798 
0.00000000099999999978 0.00000000099999999978 0.99999999300000008695 0.00000000099999999978 0.00000000099999999978 0.00000000099999999978 0.00000000099999999978 0.00000000099999999978 
0.00000000099999999999 0.04786912318035777686 0.00000000099999999999 0.00543159592067697129 0.47607915745251494499 0.00000000099999999999 0.00000000099999999999 0.47062011944645038009 
0.00000000099999999985 0.00000000099999999985 0.00000000099999999985 0.00000000099999999985 0.99999999299999997593 0.00000000099999999985 0.00000000099999999985 0.00000000099999999985 
0.00000000099999999998 0.00000000099999999998 0.49424994788480897112 0.00000000099999999998 0.27601204717280891643 0.00000000099999999998 0.01253999475640019297 0.21719800618598197883 
0.00000000099999999980 0.00000000099999999980 0.99999999299999997593 0.00000000099999999980 0.00000000099999999980 0.00000000099999999980 0.00000000099999999980 0.00000000099999999980 
0.00000000099999999983 0.00000000099999999983 0.99999999300000008695 0.00000000099999999983 0.00000000099999999983 0.00000000099999999983 0.00000000099999999983 0.00000000099999999983 
0.00000000099999999980 0.00000000099999999980 0.99999999300000008695 0.00000000099999999980 0.00000000099999999980 0.00000000099999999980 0.00000000099999999980 0.00000000099999999980 
0.00000000099999999983 0.00000000099999999983 0.99999999299999997593 0.00000000099999999983 0.00000000099999999983 0.00000000099999999983 0.00000000099999999983 0.00000000099999999983 
0.00000000099999999995 0.00000000099999999995 0.00000000099999999995 0.00000000099999999995 0.32300869110163593634 0.00000000099999999995 0.04226722544461018749 0.63472407845375389268 
0.00000000099999999995 0.00000000099999999995 0.00000000099999999995 0.00000000099999999995 0.41277959695782162619 0.01247041391192075209 0.00000000099999999995 0.57474998413025757404 
0.04945833596929725962 0.00000000099999999997 0.00000000099999999997 0.00000000099999999997 0.27031041458914345510 0.00000000099999999997 0.00000000099999999997 0.68023124444155924628 
0.07079425129173538833 0.00000000099999999999 0.05890262467695579068 0.01954053785175571822 0.39875944857329959081 0.00000000099999999999 0.00000026996686301376 0.45200286563939057194 
0.00000000099999999997 0.00000000099999999997 0.00000000099999999997 0.00000000099999999997 0.39990710662007994403 0.00000000099999999997 0.00000000099999999997 0.60009288737992005913 
0.00000000099999999986 0.00000000099999999986 0.00000000099999999986 0.00000000099999999986 0.99999999300000008695 0.00000000099999999986 0.00000000099999999986 0.00000000099999999986 
0.00000333024024310388 0.00000000099999999995 0.00000000099999999995 0.00000000099999999995 0.00000000099999999995 0.00000000099999999995 0.00000000099999999995 0.99999666375975693189 
0.99999999300000008695 0.00000000099999999965 0.00000000099999999965 0.00000000099999999965 0.00000000099999999965 0.00000000099999999965 0.00000000099999999965 0.00000000099999999965 
0.99999999300000019797 0.00000000099999999961 0.00000000099999999961 0.00000000099999999961 0.00000000099999999961 0.00000000099999999961 0.00000000099999999961 0.00000000099999999961 
0.00000000099999999967 0.00000000099999999967 0.00000000099999999967 0.99999999300000008695 0.00000000099999999967 0.00000000099999999967 0.00000000099999999967 0.00000000099999999967 
0.00000000099999999984 0.00000000099999999984 0.00000000099999999984 0.99999999300000008695 0.00000000099999999984 0.00000000099999999984 0.00000000099999999984 0.00000000099999999984 
0.00000000099999999958 0.00000000099999999958 0.00000000099999999958 0.99999999300000008695 0.00000000099999999958 0.00000000099999999958 0.00000000099999999958 0.00000000099999999958 
0.00000000099999999984 0.00000000099999999984 0.00000000099999999984 0.43482430880792416472 0.00000000099999999984 0.00000000099999999984 0.56517568519207561639 0.00000000099999999984 
0.00000000099999999956 0.00000000099999999956 0.00000000099999999956 0.99999999299999997593 0.00000000099999999956 0.00000000099999999956 0.00000000099999999956 0.00000000099999999956 
0.00000000099999999962 0.00000000099999999962 0.00000000099999999962 0.99999999300000008695 0.00000000099999999962 0.00000000099999999962 0.00000000099999999962 0.00000000099999999962 
0.43127210397963744448 0.00000000099999999995 0.00000000099999999995 0.00000000099999999995 0.03543139310185636909 0.53329649791850608498 0.00000000099999999995 0.00000000099999999995 
0.00000000099999999970 0.00000000099999999970 0.99999999299999997593 0.00000000099999999970 0.00000000099999999970 0.00000000099999999970 0.00000000099999999970 0.00000000099999999970 
0.00000000099999999990 0.00000000099999999990 0.00000000099999999990 0.00000000099999999990 0.00000000099999999990 0.00000000099999999990 0.00000000099999999990 0.99999999300000008695 
0.00000000099999999992 0.00000000099999999992 0.00000000099999999992 0.00000000099999999992 0.17705074392517589077 0.00000000099999999992 0.00000000099999999992 0.82294925007482400137 
0.00000000099999999976 0.00000000099999999976 0.99999999300000008695 0.00000000099999999976 0.00000000099999999976 0.00000000099999999976 0.00000000099999999976 0.00000000099999999976 
0.00000000099999999980 0.00000000099999999980 0.00000000099999999980 0.00000000099999999980 0.99999999299999997593 0.00000000099999999980 0.00000000099999999980 0.00000000099999999980 
0.00000000099999999991 0.00000000099999999991 0.00000000099999999991 0.00000000099999999991 0.00000000099999999991 0.00000000099999999991 0.00000000099999999991 0.99999999300000008695 
0.99999999300000008695 0.00000000099999999963 0.00000000099999999963 0.00000000099999999963 0.00000000099999999963 0.00000000099999999963 0.00000000099999999963 0.00000000099999999963 
0.00000000099999999999 0.04403248632014052089 0.04331718061560187183 0.00000000099999999999 0.32825535431456293045 0.00000000099999999999 0.02400095893069874309 0.56039401681899581043 
0.07166966987612173601 0.00000000099999999999 0.06968375099072943168 0.00000000099999999999 0.23710569870531325587 0.00000000099999999999 0.02917827835374206188 0.59236259907409338776 
0.00000000099999999962 0.00000000099999999962 0.00000000099999999962 0.00000000099999999962 0.00000000099999999962 0.00000000099999999962 0.99999999299999986491 0.00000000099999999962 
0.99999999300000019797 0.00000000099999999972 0.00000000099999999972 0.00000000099999999972 0.00000000099999999972 0.00000000099999999972 0.00000000099999999972 0.00000000099999999972 
0.00000000099999999959 0.00000000099999999959 0.00000000099999999959 0.00000000099999999959 0.00000000099999999959 0.00000000099999999959 0.99999999299999986491 0.00000000099999999959 
0.00000000099999999943 0.99999999300000019797 0.00000000099999999943 0.00000000099999999943 0.00000000099999999943 0.00000000099999999943 0.00000000099999999943 0.00000000099999999943 
0.00000000099999999984 0.00000000099999999984 0.00000000099999999984 0.62887625538122271518 0.00000000099999999984 0.00000000099999999984 0.37112373861877728798 0.00000000099999999984 
0.00000000099999999978 0.00000000099999999978 0.00000000099999999978 0.00000000099999999978 0.00000000099999999978 0.99999999299999997593 0.00000000099999999978 0.00000000099999999978 
0.00000000099999999993 0.00000000099999999993 0.00000000099999999993 0.00000000099999999993 0.00000000099999999993 0.00000000099999999993 0.00000000099999999993 0.99999999299999997593 
0.00000000099999999989 0.00000000099999999989 0.00000000099999999989 0.00000000099999999989 0.00000000099999999989 0.99999999299999997593 0.00000000099999999989 0.00000000099999999989 
0.00000000099999999991 0.00000000099999999991 0.00000000099999999991 0.00000000099999999991 0.00000000099999999991 0.00000000099999999991 0.00000000099999999991 0.99999999299999997593 
0.10173947574406605465 0.08691359833899187093 0.12856188423532302623 0.00000000099999999997 0.00000000099999999997 0.68278503768161891152 0.00000000099999999997 0.00000000099999999997 
0.00000000099999999980 0.00000000099999999980 0.00000000099999999980 0.00000000099999999980 0.00000000099999999980 0.99999999299999997593 0.00000000099999999980 0.00000000099999999980 
0.00000000099999999980 0.00000000099999999980 0.00000000099999999980 0.00000000099999999980 0.00000000099999999980 0.99999999300000008695 0.00000000099999999980 0.00000000099999999980 
0.00000000099999999986 0.00000000099999999986 0.00000000099999999986 0.00000000099999999986 0.99999999300000008695 0.00000000099999999986 0.00000000099999999986 0.00000000099999999986 
0.00000000099999999983 0.00000000099999999983 0.00000000099999999983 0.00000000099999999983 0.00000000099999999983 0.99999999299999997593 0.00000000099999999983 0.00000000099999999983 
0.28924218126410106144 0.00000000099999999988 0.00000000099999999988 0.00000000099999999988 0.00000000099999999988 0.71075781273589888620 0.00000000099999999988 0.00000000099999999988 
0.02880504637879995056 0.05796212566553574086 0.09144772942907979096 0.00000000100000000000 0.29678475016598554470 0.04362224024445623960 0.02697171324555670824 0.45440639387058623377 
0.01069334310549381606 0.02286257304716328431 0.00377186153507161944 0.00000000100000000000 0.29872275244985163623 0.03883583787616107924 0.03519273555013982535 0.58992089543611858637 
0.00000000099999999999 0.03809466887810913915 0.06694324429675160837 0.00000002366378379126 0.37762580278319618499 0.00000000099999999999 0.02507006287173820305 0.49226619550642114476 
0.00000000099999999998 0.01863929985994038085 0.00000000099999999998 0.13345012240662568193 0.39361955180209257099 0.00000000099999999998 0.00000000099999999998 0.45429102193134135446 
0.00000000099999999999 0.01905370509151847400 0.00000000099999999999 0.53832934619077299487 0.08136360697644998141 0.05340414578516595318 0.00000000099999999999 0.30784919295609247669 
0.00000000099999999991 0.00000000099999999991 0.00000000099999999991 0.00000000099999999991 0.00000000099999999991 0.00000000099999999991 0.00000000099999999991 0.99999999300000008695 
0.02102721623790080457 0.02981804269725232825 0.00000000099999999997 0.00000000099999999997 0.37654459215203101019 0.00000000099999999997 0.00000000099999999997 0.57261014491281569949 
0.08486253209111448148 0.10665703168367755838 0.07324946858256445315 0.00000000100000000000 0.00000000678319450395 0.73523095785944903025 0.00000000100000000000 0.00000000100000000000 
0.00000000099999999996 0.00000000099999999996 0.04539086110686636061 0.00000000099999999996 0.00000000099999999996 0.00000000099999999996 0.00000000099999999996 0.95460913289313364949 
0.00000000099999999987 0.00000000099999999987 0.00000000099999999987 0.00000000099999999987 0.99999999300000008695 0.00000000099999999987 0.00000000099999999987 0.00000000099999999987 
0.00000000099999999998 0.00000000099999999998 0.00000000099999999998 0.00000000099999999998 0.00015881790195288213 0.00000000099999999998 0.06293064084445051942 0.93691053625359665968 
0.00015902738533780348 0.00000000099999999998 0.00000000099999999998 0.00000000099999999998 0.00000000099999999998 0.99984096661466204115 0.00000000099999999998 0.00000000099999999998 
0.00000000099999999979 0.00000000099999999979 0.00000000099999999979 0.00000000099999999979 0.99999999300000008695 0.00000000099999999979 0.00000000099999999979 0.00000000099999999979 
0.00000000099999999995 0.00000000099999999995 0.01639270865975087782 0.00000000099999999995 0.00000000099999999995 0.73055632775789958178 0.00000000099999999995 0.25305095858234954997 
0.00004229801708942534 0.13110504507764203508 0.07351863209705539193 0.00000004906756833382 0.38568117307737620481 0.23201144453288483072 0.00000000100472831884 0.17764135712565543024 
0.00000001014350418070 0.09251913057903161930 0.26454200607816091839 0.00000000100000000000 0.64293881747537762195 0.00000000299383441898 0.00000000100000000000 0.00000003073009116808 
0.00000000099999999982 0.00000000099999999982 0.00000000099999999982 0.00000000099999999982 0.00000000099999999982 0.99999999300000008695 0.00000000099999999982 0.00000000099999999982 
0.00000000099999999999 0.00000105490641179543 0.13542064412569373988 0.00000000099999999999 0.50023131887161942366 0.00023830971241520888 0.00000000099999999999 0.36410866938385982872 
0.00033163219233926474 0.03759895164687756391 0.00073842808904588130 0.02797904604852454249 0.59532002392054073070 0.00000000100000000000 0.00183127525892838139 0.33620064184374370830 
0.00000000099999999998 0.08276663232863805397 0.15191756507331488635 0.00000000099999999998 0.56119567499673861377 0.00000000099999999998 0.00000000099999999998 0.20412012360130837862 
0.00000000099999999998 0.00000000099999999998 0.00368781927953649698 0.00699984778531410022 0.20203159867450054543 0.00000000099999999998 0.00000000099999999998 0.78728073026064882001 
0.00000000099999999991 0.00000000099999999991 0.00000000099999999991 0.00000000099999999991 0.00000000099999999991 0.00000000099999999991 0.00000000099999999991 0.99999999299999997593 
0.00000000099999999985 0.00000000099999999985 0.00000000099999999985 0.00000000099999999985 0.99999999299999997593 0.00000000099999999985 0.00000000099999999985 0.00000000099999999985 
0.00000000099999999998 0.03782046033041556315 0.00000000099999999998 0.00000070244982504895 0.53073222789385343656 0.00000000099999999998 0.00000000099999999998 0.43144660532590606294 
0.00000000099999999999 0.03354205122210809215 0.02033314271936349782 0.00000000099999999999 0.28828622096535028163 0.00000000099999999999 0.11803185432903230689 0.53980672776414562186 
