0.00000000099999999995 0.00000000099999999995 0.99999999600000000211 0.00000000099999999995 0.00000000099999999995 
0.00000000099999999997 0.00000000099999999997 0.00000000099999999997 0.00000000099999999997 0.99999999600000000211 
0.00000000099999999998 0.00000000099999999998 0.00000000099999999998 0.99999999599999989108 0.00000000099999999998 
0.00000540619988614058 0.01217673197869428674 0.00000000450621626240 0.11814602764604238694 0.86967182966916090070 
0.08600588065560904605 0.00000000099999999999 0.00071178993993905291 0.91328232740445181026 0.00000000099999999999 
0.00000000099999999993 0.00000000099999999993 0.99999999599999989108 0.00000000099999999993 0.00000000099999999993 
0.00000000099999999992 0.00000000099999999992 0.99999999599999989108 0.00000000099999999992 0.00000000099999999992 
0.03003332313046971555 0.00000000099999999997 0.00000000099999999997 0.96996667386953028256 0.00000000099999999997 
0.00000000099999999998 0.00000000099999999998 0.00000000099999999998 0.99999999599999989108 0.00000000099999999998 
0.04563687141755876087 0.00000019263476892569 0.00000000099999999998 0.95436293394767224285 0.00000000099999999998 
0.04167792511116424903 0.00000000099999999998 0.00000000099999999998 0.95832207188883566928 0.00000000099999999998 
0.00000001248518874302 0.00000000099999999998 0.00000000099999999998 0.99999998451481120210 0.00000000099999999998 
0.03737686244653883050 0.06530617075510197767 0.01172767499932604075 0.86312429872714868662 0.02246499307188461539 
0.00000000099999999996 0.00000000099999999996 0.00000000099999999996 0.00000000099999999996 0.99999999599999989108 
0.03767895883283783193 0.00055458865946023171 0.00000000100000000000 0.06047388287557424469 0.90129256863212781070 
0.00000000099999999986 0.00000000099999999986 0.00000000099999999986 0.00000000099999999986 0.99999999599999989108 
0.00000000099999999996 0.00000000099999999996 0.99999999600000000211 0.00000000099999999996 0.00000000099999999996 
0.02845204489536612077 0.00000000099999999998 0.00000000099999999998 0.93991983307398374592 0.03162812003065016558 
0.00000000099999999992 0.00000000099999999992 0.00000000099999999992 0.00000000099999999992 0.99999999599999989108 
0.00000000099999999968 0.99999999600000011313 0.00000000099999999968 0.00000000099999999968 0.00000000099999999968 
0.00000000099999999988 0.00000000099999999988 0.00000000099999999988 0.00000000099999999988 0.99999999600000000211 
0.99999999600000011313 0.00000000099999999991 0.00000000099999999991 0.00000000099999999991 0.00000000099999999991 
0.12756232409452000764 0.02981390690216228351 0.00841077990328541018 0.77200689683942269603 0.06220609226060955926 
0.04381178991301070552 0.04002539928055347945 0.00000000099999999999 0.91616264740433095426 0.00000016240210489802 
0.99999999600000011313 0.00000000099999999987 0.00000000099999999987 0.00000000099999999987 0.00000000099999999987 
0.00152949906873574575 0.05160713526793163364 0.00000000100000000000 0.94686099638912335497 0.00000236827420929814 
0.00000000099999999997 0.00000000099999999997 0.00000000099999999997 0.99999999600000000211 0.00000000099999999997 
0.50186601393190310993 0.00000000099999999999 0.00000000099999999999 0.49780172167432540364 0.00033226239377144725 
0.99999999600000011313 0.00000000099999999988 0.00000000099999999988 0.00000000099999999988 0.00000000099999999988 
0.99999999600000011313 0.00000000099999999990 0.00000000099999999990 0.00000000099999999990 0.00000000099999999990 
0.99999999600000011313 0.00000000099999999989 0.00000000099999999989 0.00000000099999999989 0.00000000099999999989 
0.99999999600000000211 0.00000000099999999991 0.00000000099999999991 0.00000000099999999991 0.00000000099999999991 
0.00000000099999999997 0.00000000099999999997 0.00000000099999999997 0.96111485760133763545 0.03888513939866240082 
0.00000000099999999997 0.00000000099999999997 0.00613435317179134455 0.99386564382820852259 0.00000000099999999997 
0.00000000099999999999 0.00000000099999999999 0.02581820770343484436 0.97418178929656518150 0.00000000099999999999 
0.07884329111684237890 0.00000000100000000000 0.05116804593812276231 0.84122777044079621867 0.02876089150423872046 
0.00000000099999999998 0.00000000099999999998 0.00000000099999999998 0.99999999599999989108 0.00000000099999999998 
0.03053281736887234268 0.00000000099999999999 0.00000006086442985211 0.96946711976669786015 0.00000000099999999999 
0.01928880364891599752 0.02398196597960121010 0.02106064632511926021 0.93566858304636357779 0.00000000099999999999 
0.00000000099999999993 0.00000000099999999993 0.99999999599999989108 0.00000000099999999993 0.00000000099999999993 
0.00000000099999999991 0.00000000099999999991 0.99999999600000000211 0.00000000099999999991 0.00000000099999999991 
0.00000000099999999985 0.00000000099999999985 0.00000000099999999985 0.00000000099999999985 0.99999999600000000211 
0.00000000099999999996 0.00000000099999999996 0.00000000099999999996 0.00000000099999999996 0.99999999599999989108 
0.00000000099999999977 0.00000000099999999977 0.00000000099999999977 0.00000000099999999977 0.99999999599999989108 
0.00000000099999999990 0.00000000099999999990 0.00000000099999999990 0.00000000099999999990 0.99999999599999989108 
0.00000000099999999978 0.00000000099999999978 0.00000000099999999978 0.00000000099999999978 0.99999999599999989108 
0.00000000099999999982 0.00000000099999999982 0.00000000099999999982 0.00000000099999999982 0.99999999600000000211 
0.00000000099999999997 0.00000000099999999997 0.96082269838124712003 0.03917729861875286074 0.00000000099999999997 
0.99999999600000000211 0.00000000099999999983 0.00000000099999999983 0.00000000099999999983 0.00000000099999999983 
0.00000000099999999997 0.00000000099999999997 0.00000000099999999997 0.99999999600000000211 0.00000000099999999997 
0.00000000099999999996 0.00000000099999999996 0.00000000099999999996 0.99999999600000000211 0.00000000099999999996 
0.99999999600000011313 0.00000000099999999986 0.00000000099999999986 0.00000000099999999986 0.00000000099999999986 
0.02892170360757142372 0.00000000099999999996 0.00000000099999999996 0.97107829339242845990 0.00000000099999999996 
0.00000000099999999997 0.00000000099999999997 0.00000000099999999997 0.99999999600000000211 0.00000000099999999997 
0.00000000099999999991 0.00000000099999999991 0.99999999600000000211 0.00000000099999999991 0.00000000099999999991 
0.05013111428347787057 0.04539516524176998719 0.00000000100000000000 0.88961954909565144067 0.01485417037910060668 
0.08350184974463170651 0.00005616555512785587 0.05448149541065766543 0.83629860120936416745 0.02566188808021866580 
0.00000000099999999990 0.00000000099999999990 0.00000000099999999990 0.00000000099999999990 0.99999999599999989108 
0.00000000099999999997 0.04801877303572826133 0.95198122396427165004 0.00000000099999999997 0.00000000099999999997 
0.00000000099999999988 0.00000000099999999988 0.00000000099999999988 0.00000000099999999988 0.99999999600000000211 
0.00000000099999999967 0.99999999600000011313 0.00000000099999999967 0.00000000099999999967 0.00000000099999999967 
0.00000000099999999989 0.00000000099999999989 0.00000000099999999989 0.00000000099999999989 0.99999999600000000211 
0.00000000099999999990 0.00000000099999999990 0.99999999600000000211 0.00000000099999999990 0.00000000099999999990 
0.00310822326145032473 0.00000031731202130121 0.00000000099999999999 0.99689145742652829352 0.00000000099999999999 
0.00000000099999999995 0.00000000099999999995 0.99999999600000000211 0.00000000099999999995 0.00000000099999999995 
0.00753109205630897536 0.00000000099999999998 0.00000000099999999998 0.99246890494369088831 0.00000000099999999998 
0.13095282917402678580 0.08365974720450693181 0.78538742162146624182 0.00000000099999999998 0.00000000099999999998 
0.00000000099999999991 0.00000000099999999991 0.99999999599999989108 0.00000000099999999991 0.00000000099999999991 
0.00000000099999999991 0.00000000099999999991 0.99999999600000000211 0.00000000099999999991 0.00000000099999999991 
0.00695523494766602662 0.00033987627257625169 0.00507962857559353820 0.98762525920416421865 0.00000000099999999998 
0.00000000099999999992 0.00000000099999999992 0.99999999600000000211 0.00000000099999999992 0.00000000099999999992 
0.00000000099999999992 0.00000000099999999992 0.99999999599999989108 0.00000000099999999992 0.00000000099999999992 
0.10092915515645556335 0.06280483588831660413 0.07153497832115685018 0.74650988115711502946 0.01822114947695596329 
0.01127149165820482031 0.02339363832013393457 0.04950102276231808929 0.88834437464940974039 0.02748947260993341718 
0.06647690550962377654 0.03815102141669610841 0.00000000100000000000 0.86917795099627792599 0.02619412107740218612 
0.00000346090682862161 0.02597033068129470795 0.00000000100000000000 0.84746101220557845668 0.12656519520629821995 
0.00038885472726873699 0.01301815296110892840 0.06552160501824703942 0.40425831611908075169 0.51681307117429453601 
0.00000000099999999997 0.02878943523126798951 0.00000000099999999997 0.97121056176873210575 0.00000000099999999997 
0.00000000284173400281 0.03064522293861562940 0.01856298322044638155 0.95079178999920388460 0.00000000099999999999 
0.06582589725402074321 0.15263758610785804759 0.78153651463812123801 0.00000000100000000000 0.00000000100000000000 
0.08091546544511915573 0.00000000157650613465 0.00001948577445428665 0.91906504620392037719 0.00000000099999999999 
0.03337061405768827760 0.00000000099999999997 0.00000000099999999997 0.96662938294231182113 0.00000000099999999997 
0.00000000099999999999 0.00000000099999999999 0.00000000099999999999 0.94511347986551830225 0.05488651713448160913 
0.00000000099999999999 0.00534552034817043029 0.99465444899510668808 0.00000002865672297531 0.00000000099999999999 
0.00000198222635776491 0.00000000428536708728 0.00000000099999999998 0.99999801148827505148 0.00000000099999999998 
0.03996183589793544932 0.00000000099999999998 0.72367991471004045057 0.23635824739202396239 0.00000000099999999998 
0.11362106746714308037 0.17746593775491037448 0.19172361843583757279 0.51718929975911898111 0.00000007658299001885 
0.31688149077892108219 0.06650914790532444498 0.00021711074329705096 0.61639168133312427500 0.00000056923933317226 
0.00000000099999999992 0.00000000099999999992 0.99999999600000000211 0.00000000099999999992 0.00000000099999999992 
0.12877425268487210919 0.01713411673381987424 0.01228270465953966439 0.84180892492176828679 0.00000000100000000000 
0.00071246486510296453 0.03922029352171170491 0.00000000100000000000 0.92932476364999405671 0.03074247696319128142 
0.15984002117655254915 0.07798599463549629740 0.00000000099999999999 0.76217398218795107123 0.00000000099999999999 
0.00802301202093058663 0.00000000099999999999 0.00000000099999999999 0.98303279995094938748 0.00894418602811986041 
0.00000000099999999997 0.00000000099999999997 0.00000000099999999997 0.99999999599999989108 0.00000000099999999997 
0.00023393555033477927 0.00000000099999999997 0.00000000099999999997 0.99976606144966517764 0.00000000099999999997 
0.00000000099999999999 0.02877628039020013739 0.00000000099999999999 0.97122371660979978092 0.00000000099999999999 
0.03079779403271253393 0.04014668658860156419 0.00000000100000000000 0.82479004307409420349 0.10426547530459157054 
