0.00000000099999999994 0.00000000099999999994 0.99999999400000005867 0.00000000099999999994 0.00000000099999999994 0.00000000099999999994 0.00000000099999999994 
0.00000000099999999996 0.00000000099999999996 0.00000000099999999996 0.00000000099999999996 0.00000000099999999996 0.00000000099999999996 0.99999999400000005867 
0.48005501032861364052 0.24053978644125634245 0.00000000099999999996 0.00000000099999999996 0.00000000099999999996 0.27940519923013007464 0.00000000099999999996 
0.14017489441965694241 0.00000000099999999999 0.00000000099999999999 0.00000000099999999999 0.00000000099999999999 0.00000000099999999999 0.85982510058034300471 
0.00000000099999999994 0.99999999400000005867 0.00000000099999999994 0.00000000099999999994 0.00000000099999999994 0.00000000099999999994 0.00000000099999999994 
0.00000000099999999991 0.00000000099999999991 0.99999999399999994765 0.00000000099999999991 0.00000000099999999991 0.00000000099999999991 0.00000000099999999991 
0.00000000099999999987 0.00000000099999999987 0.99999999400000005867 0.00000000099999999987 0.00000000099999999987 0.00000000099999999987 0.00000000099999999987 
0.00000000099999999989 0.00000000099999999989 0.00000000099999999989 0.00000000099999999989 0.00000000099999999989 0.99999999400000005867 0.00000000099999999989 
0.00000000099999999991 0.00000000099999999991 0.00000000099999999991 0.00000000099999999991 0.00000000099999999991 0.99999999399999994765 0.00000000099999999991 
0.56304077497150706311 0.43695922002849307830 0.00000000099999999996 0.00000000099999999996 0.00000000099999999996 0.00000000099999999996 0.00000000099999999996 
0.99999999400000005867 0.00000000099999999984 0.00000000099999999984 0.00000000099999999984 0.00000000099999999984 0.00000000099999999984 0.00000000099999999984 
0.54666869589206124047 0.45333129910793873441 0.00000000099999999996 0.00000000099999999996 0.00000000099999999996 0.00000000099999999996 0.00000000099999999996 
0.00000000099999999998 0.99999999400000005867 0.00000000099999999998 0.00000000099999999998 0.00000000099999999998 0.00000000099999999998 0.00000000099999999998 
0.00000000099999999994 0.00000000099999999994 0.00000000099999999994 0.00000000099999999994 0.00000000099999999994 0.00000000099999999994 0.99999999400000005867 
0.10522955419239492236 0.00000000099999999999 0.00000000099999999999 0.00000053448651615145 0.00000000099999999999 0.00000000099999999999 0.89476990732108885318 
0.00000000099999999982 0.00000000099999999982 0.00000000099999999982 0.00000000099999999982 0.00000000099999999982 0.00000000099999999982 0.99999999400000005867 
0.00000000099999999994 0.00000000099999999994 0.99999999399999994765 0.00000000099999999994 0.00000000099999999994 0.00000000099999999994 0.00000000099999999994 
0.00000000099999999987 0.99999999400000016969 0.00000000099999999987 0.00000000099999999987 0.00000000099999999987 0.00000000099999999987 0.00000000099999999987 
0.00000000099999999989 0.00000000099999999989 0.00000000099999999989 0.00000000099999999989 0.00000000099999999989 0.00000000099999999989 0.99999999400000005867 
0.00000000099999999954 0.00000000099999999954 0.00000000099999999954 0.00000000099999999954 0.99999999400000005867 0.00000000099999999954 0.00000000099999999954 
0.00000000099999999984 0.00000000099999999984 0.00000000099999999984 0.00000000099999999984 0.00000000099999999984 0.00000000099999999984 0.99999999400000005867 
0.00000000099999999988 0.00000000099999999988 0.00000000099999999988 0.99999999400000005867 0.00000000099999999988 0.00000000099999999988 0.00000000099999999988 
0.20302410604276055484 0.26484759783887540374 0.00037642245571684708 0.12197962114700100500 0.02976246931139063176 0.32139998947332359958 0.05860979373093198885 
0.99999999400000016969 0.00000000099999999988 0.00000000099999999988 0.00000000099999999988 0.00000000099999999988 0.00000000099999999988 0.00000000099999999988 
0.00000000099999999983 0.00000000099999999983 0.00000000099999999983 0.99999999399999994765 0.00000000099999999983 0.00000000099999999983 0.00000000099999999983 
0.00000000099999999992 0.99999999400000016969 0.00000000099999999992 0.00000000099999999992 0.00000000099999999992 0.00000000099999999992 0.00000000099999999992 
0.00000000099999999989 0.99999999400000016969 0.00000000099999999989 0.00000000099999999989 0.00000000099999999989 0.00000000099999999989 0.00000000099999999989 
0.47653497040785619543 0.00000000099999999997 0.00000000099999999997 0.52346502459214383496 0.00000000099999999997 0.00000000099999999997 0.00000000099999999997 
0.00000000099999999984 0.00000000099999999984 0.00000000099999999984 0.99999999399999994765 0.00000000099999999984 0.00000000099999999984 0.00000000099999999984 
0.00000000099999999986 0.00000000099999999986 0.00000000099999999986 0.99999999399999994765 0.00000000099999999986 0.00000000099999999986 0.00000000099999999986 
0.00000000099999999984 0.00000000099999999984 0.00000000099999999984 0.99999999399999994765 0.00000000099999999984 0.00000000099999999984 0.00000000099999999984 
0.00000000099999999988 0.00000000099999999988 0.00000000099999999988 0.99999999399999994765 0.00000000099999999988 0.00000000099999999988 0.00000000099999999988 
0.99999999400000016969 0.00000000099999999986 0.00000000099999999986 0.00000000099999999986 0.00000000099999999986 0.00000000099999999986 0.00000000099999999986 
0.00000000099999999996 0.38601221049013978437 0.00000000099999999996 0.00000000099999999996 0.00000000099999999996 0.61398778450986002397 0.00000000099999999996 
0.00000000099999999990 0.99999999400000005867 0.00000000099999999990 0.00000000099999999990 0.00000000099999999990 0.00000000099999999990 0.00000000099999999990 
0.99999999400000016969 0.00000000099999999989 0.00000000099999999989 0.00000000099999999989 0.00000000099999999989 0.00000000099999999989 0.00000000099999999989 
0.18234936593981954100 0.26223116034158960863 0.00000000099999999997 0.00000000099999999997 0.00000000099999999997 0.55541946971859079696 0.00000000099999999997 
0.35942173662832671566 0.64057825837167325922 0.00000000099999999996 0.00000000099999999996 0.00000000099999999996 0.00000000099999999996 0.00000000099999999996 
0.25473009719926220651 0.00000000099999999997 0.00496412722682777318 0.00000000099999999997 0.00000000099999999997 0.74030577157390997645 0.00000000099999999997 
0.00000000099999999990 0.00000000099999999990 0.99999999399999994765 0.00000000099999999990 0.00000000099999999990 0.00000000099999999990 0.00000000099999999990 
0.00000000099999999987 0.00000000099999999987 0.99999999400000005867 0.00000000099999999987 0.00000000099999999987 0.00000000099999999987 0.00000000099999999987 
0.00000000099999999978 0.00000000099999999978 0.00000000099999999978 0.00000000099999999978 0.00000000099999999978 0.00000000099999999978 0.99999999400000005867 
0.00000000099999999993 0.00000000099999999993 0.00000000099999999993 0.00000000099999999993 0.00000000099999999993 0.00000000099999999993 0.99999999399999994765 
0.00000000099999999967 0.00000000099999999967 0.00000000099999999967 0.00000000099999999967 0.00000000099999999967 0.00000000099999999967 0.99999999399999994765 
0.00000000099999999986 0.00000000099999999986 0.00000000099999999986 0.00000000099999999986 0.00000000099999999986 0.00000000099999999986 0.99999999400000005867 
0.00000000099999999968 0.00000000099999999968 0.00000000099999999968 0.00000000099999999968 0.00000000099999999968 0.00000000099999999968 0.99999999399999994765 
0.00000000099999999974 0.00000000099999999974 0.00000000099999999974 0.00000000099999999974 0.00000000099999999974 0.00000000099999999974 0.99999999400000005867 
0.06372102579346593243 0.00000000099999999997 0.93627896920653408408 0.00000000099999999997 0.00000000099999999997 0.00000000099999999997 0.00000000099999999997 
0.00000000099999999976 0.00000000099999999976 0.00000000099999999976 0.99999999399999994765 0.00000000099999999976 0.00000000099999999976 0.00000000099999999976 
0.00000000099999999994 0.54520996946963296015 0.00000000099999999994 0.00000000099999999994 0.00000000099999999994 0.45479002553036718126 0.00000000099999999994 
0.00000000099999999986 0.99999999400000005867 0.00000000099999999986 0.00000000099999999986 0.00000000099999999986 0.00000000099999999986 0.00000000099999999986 
0.00000000099999999981 0.00000000099999999981 0.00000000099999999981 0.99999999400000005867 0.00000000099999999981 0.00000000099999999981 0.00000000099999999981 
0.99999999400000005867 0.00000000099999999984 0.00000000099999999984 0.00000000099999999984 0.00000000099999999984 0.00000000099999999984 0.00000000099999999984 
0.00000000099999999987 0.00000000099999999987 0.00000000099999999987 0.00000000099999999987 0.00000000099999999987 0.99999999399999994765 0.00000000099999999987 
0.00000000099999999987 0.00000000099999999987 0.99999999399999994765 0.00000000099999999987 0.00000000099999999987 0.00000000099999999987 0.00000000099999999987 
0.00000000099999999996 0.00000000099999999996 0.00000000099999999996 0.00000000099999999996 0.00000000099999999996 0.99999999399999994765 0.00000000099999999996 
0.27923401230226485570 0.32612032344733854483 0.05120614134556325525 0.07128523974586102596 0.00000000100000000000 0.25345303932300028427 0.01870124283597209697 
0.00000000099999999987 0.00000000099999999987 0.00000000099999999987 0.00000000099999999987 0.00000000099999999987 0.00000000099999999987 0.99999999399999994765 
0.00000000099999999995 0.00000000099999999995 0.94997160696061255791 0.00000000099999999995 0.05002838803938733370 0.00000000099999999995 0.00000000099999999995 
0.00000000099999999983 0.00000000099999999983 0.00000000099999999983 0.00000000099999999983 0.00000000099999999983 0.00000000099999999983 0.99999999399999994765 
0.00000000099999999952 0.00000000099999999952 0.00000000099999999952 0.00000000099999999952 0.99999999399999994765 0.00000000099999999952 0.00000000099999999952 
0.00000000099999999984 0.00000000099999999984 0.00000000099999999984 0.00000000099999999984 0.00000000099999999984 0.00000000099999999984 0.99999999400000005867 
0.00000000099999999986 0.00000000099999999986 0.99999999399999994765 0.00000000099999999986 0.00000000099999999986 0.00000000099999999986 0.00000000099999999986 
0.00000000099999999997 0.41518908406236293418 0.00000000099999999997 0.00000000099999999997 0.00000000099999999997 0.58481091093763692967 0.00000000099999999997 
0.00000000099999999993 0.00000000099999999993 0.99999999399999994765 0.00000000099999999993 0.00000000099999999993 0.00000000099999999993 0.00000000099999999993 
0.00000000099999999988 0.00000000099999999988 0.00000000099999999988 0.00000000099999999988 0.00000000099999999988 0.99999999400000005867 0.00000000099999999988 
0.00000000099999999998 0.00000000099999999998 0.78556038377857351218 0.13210659251047549012 0.08233301971095091654 0.00000000099999999998 0.00000000099999999998 
0.00000000099999999986 0.00000000099999999986 0.99999999400000005867 0.00000000099999999986 0.00000000099999999986 0.00000000099999999986 0.00000000099999999986 
0.00000000099999999987 0.00000000099999999987 0.99999999400000005867 0.00000000099999999987 0.00000000099999999987 0.00000000099999999987 0.00000000099999999987 
0.00000000099999999996 0.34532270438079865071 0.00000000099999999996 0.00000000099999999996 0.00000000099999999996 0.65467729061920110212 0.00000000099999999996 
0.00000000099999999989 0.00000000099999999989 0.99999999400000005867 0.00000000099999999989 0.00000000099999999989 0.00000000099999999989 0.00000000099999999989 
0.00000000099999999989 0.00000000099999999989 0.99999999399999994765 0.00000000099999999989 0.00000000099999999989 0.00000000099999999989 0.00000000099999999989 
0.06513017097081523488 0.54333426880053470320 0.06467369675636468196 0.09168187094420739147 0.06407369854408555276 0.16495362423397633145 0.00615266975001623351 
0.47115651361378912965 0.47632883708058720851 0.00838567537461981129 0.00000000100000000000 0.04191720008049937968 0.00000006863080974275 0.00221170421969470220 
0.12412465024975803674 0.32752125792515734970 0.00000000100000000000 0.06479908096644883264 0.02779390527321632179 0.43614509534093864884 0.01961600924448076225 
0.14454694286369215717 0.49504581869292924035 0.00000000099999999999 0.00000000099999999999 0.00289751538984262588 0.23346578518014027281 0.12404393587339589133 
0.19583031818114179923 0.21844317170661115002 0.06520298664363641250 0.00000238308885428589 0.00626301752913783170 0.00046671331835556657 0.51379140953226287714 
0.32623070367312057005 0.31591238550949785058 0.00000000099999999996 0.00000000099999999996 0.01247200055889097735 0.34538490725849063656 0.00000000099999999996 
0.99999999400000016969 0.00000000099999999989 0.00000000099999999989 0.00000000099999999989 0.00000000099999999989 0.00000000099999999989 0.00000000099999999989 
0.00017151564590472959 0.00000000099999999999 0.77914637776806106029 0.06939186821355529389 0.15129023537247907050 0.00000000099999999999 0.00000000099999999999 
0.22352511011456815959 0.30656016513053013783 0.00000000099999999999 0.05931311395401634573 0.00000000099999999999 0.41060160780088544863 0.00000000099999999999 
0.19631119501173685538 0.40263296044334123680 0.00000000099999999997 0.02358952076175620249 0.00000000099999999997 0.37746632078316555425 0.00000000099999999997 
0.00000000099999999998 0.26670512412308083894 0.00000000099999999998 0.00000000099999999998 0.00000000099999999998 0.70279470933786170050 0.03050016253905736205 
0.00000000134518180576 0.00000000099999999999 0.99843108754430964780 0.00000000099999999999 0.00156890711050864913 0.00000000099999999999 0.00000000099999999999 
0.00000000099999999988 0.00000000099999999988 0.00000000099999999988 0.00000000099999999988 0.00000000099999999988 0.99999999400000005867 0.00000000099999999988 
0.00000000099999999997 0.24559882753767658947 0.72555482689165051724 0.02884575686537703409 0.00000000099999999997 0.00000058570529593135 0.00000000099999999997 
0.56737702204111339910 0.00085965660199398373 0.10210816670069960965 0.02574082772446645989 0.30098995046452459157 0.00292437546720213798 0.00000000100000000000 
0.01340770221418590390 0.00000000100000000000 0.00000000100000000000 0.29823771523802883321 0.02302967081363622992 0.66532490873414906751 0.00000000100000000000 
0.00000000099999999989 0.00000000099999999989 0.99999999399999994765 0.00000000099999999989 0.00000000099999999989 0.00000000099999999989 0.00000000099999999989 
0.24489515158260041772 0.00000000099999999999 0.00000020621727299317 0.08668255097260231523 0.00000000099999999999 0.66842208822752413599 0.00000000099999999999 
0.00000000099999999998 0.00000000099999999998 0.00000000099999999998 0.00000000099999999998 0.00000000099999999998 0.99999999400000005867 0.00000000099999999998 
0.35424435830333256270 0.08041382725678733467 0.00000000099999999999 0.15771256117730766966 0.08830638156162019803 0.31932286970095219436 0.00000000099999999999 
0.00000000099999999996 0.53166851379212021200 0.00000000099999999996 0.00000000099999999996 0.00000000099999999996 0.46833148120787976287 0.00000000099999999996 
0.00000000099999999988 0.00000000099999999988 0.00000000099999999988 0.00000000099999999988 0.00000000099999999988 0.99999999399999994765 0.00000000099999999988 
0.00000000099999999992 0.99999999400000016969 0.00000000099999999992 0.00000000099999999992 0.00000000099999999992 0.00000000099999999992 0.00000000099999999992 
0.44677783404867416062 0.55322210958106277090 0.00000000099999999997 0.00000000099999999997 0.00000005237026321377 0.00000000099999999997 0.00000000099999999997 
0.34867473345140759244 0.25989514144834419129 0.00000000100000000000 0.00477345906609707386 0.03779398017254574638 0.24934669993136907018 0.09951598493023640357 
