0.00000000099999999995 0.00000000099999999995 0.00000000099999999995 0.00000000099999999995 0.99999999500000003039 0.00000000099999999995 
0.00000000099999999997 0.00000000099999999997 0.00000000099999999997 0.00000000099999999997 0.00000000099999999997 0.99999999499999991937 
0.64922835724855254558 0.35077163875144751204 0.00000000099999999996 0.00000000099999999996 0.00000000099999999996 0.00000000099999999996 
0.00000000099999999999 0.00000000099999999999 0.14766952546110706512 0.00000000099999999999 0.00000000099999999999 0.85233047053889299249 
0.00000000099999999994 0.99999999500000003039 0.00000000099999999994 0.00000000099999999994 0.00000000099999999994 0.00000000099999999994 
0.00000000099999999993 0.00000000099999999993 0.00000000099999999993 0.00000000099999999993 0.99999999500000003039 0.00000000099999999993 
0.00000000099999999989 0.00000000099999999989 0.00000000099999999989 0.00000000099999999989 0.99999999499999991937 0.00000000099999999989 
0.00000000099999999986 0.00000000099999999986 0.99999999500000003039 0.00000000099999999986 0.00000000099999999986 0.00000000099999999986 
0.37138096994432723275 0.00000000099999999996 0.62861902605567288038 0.00000000099999999996 0.00000000099999999996 0.00000000099999999996 
0.00000000099999999997 0.49162848061716379888 0.50837151538283620322 0.00000000099999999997 0.00000000099999999997 0.00000000099999999997 
0.99999999500000003039 0.00000000099999999991 0.00000000099999999991 0.00000000099999999991 0.00000000099999999991 0.00000000099999999991 
0.30572611901880708540 0.16037767484188250600 0.53389620313931052120 0.00000000099999999997 0.00000000099999999997 0.00000000099999999997 
0.23049681660010984396 0.36982317300748818178 0.32965487213001076761 0.00301209595294505165 0.05337359032042808538 0.01363945198901815245 
0.00000000099999999995 0.00000000099999999995 0.00000000099999999995 0.00000000099999999995 0.00000000099999999995 0.99999999499999991937 
0.00000000099999999999 0.00000000099999999999 0.10214394159560845343 0.00018509654657340385 0.00000000099999999999 0.89767095885781811315 
0.00000000099999999986 0.00000000099999999986 0.00000000099999999986 0.00000000099999999986 0.00000000099999999986 0.99999999499999991937 
0.00000000099999999996 0.00000000099999999996 0.00000000099999999996 0.00000000099999999996 0.99999999499999991937 0.00000000099999999996 
0.00000000099999999988 0.00000000099999999988 0.99999999499999991937 0.00000000099999999988 0.00000000099999999988 0.00000000099999999988 
0.00000000099999999991 0.00000000099999999991 0.00000000099999999991 0.00000000099999999991 0.00000000099999999991 0.99999999500000003039 
0.00000000099999999993 0.61046396583260498225 0.00000000099999999993 0.00000000099999999993 0.38953603016739518639 0.00000000099999999993 
0.00000000099999999987 0.00000000099999999987 0.00000000099999999987 0.00000000099999999987 0.00000000099999999987 0.99999999499999991937 
0.00000000099999999990 0.00000000099999999990 0.00000000099999999990 0.99999999500000003039 0.00000000099999999990 0.00000000099999999990 
0.20365519463473313877 0.30463813049337884475 0.30386138208644480896 0.11905221398174711811 0.01250822844496404969 0.05628485035873217329 
0.59942074847449544617 0.40051363048219479346 0.00000000099999999997 0.00006561804330965027 0.00000000099999999997 0.00000000099999999997 
0.00000000099999999986 0.00000000099999999986 0.00000000099999999986 0.99999999500000003039 0.00000000099999999986 0.00000000099999999986 
0.99999999500000003039 0.00000000099999999994 0.00000000099999999994 0.00000000099999999994 0.00000000099999999994 0.00000000099999999994 
0.00000000099999999991 0.99999999500000003039 0.00000000099999999991 0.00000000099999999991 0.00000000099999999991 0.00000000099999999991 
0.00000000099999999999 0.26629054625314513283 0.23882095570815567442 0.49488849503869924984 0.00000000099999999999 0.00000000099999999999 
0.00000000099999999988 0.00000000099999999988 0.00000000099999999988 0.99999999499999991937 0.00000000099999999988 0.00000000099999999988 
0.00000000099999999989 0.00000000099999999989 0.00000000099999999989 0.99999999499999991937 0.00000000099999999989 0.00000000099999999989 
0.00000000099999999987 0.00000000099999999987 0.00000000099999999987 0.99999999499999991937 0.00000000099999999987 0.00000000099999999987 
0.00000000099999999990 0.00000000099999999990 0.00000000099999999990 0.99999999499999991937 0.00000000099999999990 0.00000000099999999990 
0.55405521016466197093 0.41212896522099551344 0.00000024807926806789 0.00000000099999999998 0.00000000099999999998 0.03381557453507448574 
0.00000000099999999989 0.00000000099999999989 0.99999999499999991937 0.00000000099999999989 0.00000000099999999989 0.00000000099999999989 
0.47882308904872650235 0.00000001982677456647 0.52117688812449891600 0.00000000099999999998 0.00000000099999999998 0.00000000099999999998 
0.00000000099999999994 0.00000000099999999994 0.99999999500000003039 0.00000000099999999994 0.00000000099999999994 0.00000000099999999994 
0.00000047525406434566 0.63192713117083754160 0.36807239057509821833 0.00000000099999999997 0.00000000099999999997 0.00000000099999999997 
0.99999999500000003039 0.00000000099999999992 0.00000000099999999992 0.00000000099999999992 0.00000000099999999992 0.00000000099999999992 
0.99999999500000003039 0.00000000099999999994 0.00000000099999999994 0.00000000099999999994 0.00000000099999999994 0.00000000099999999994 
0.00000000099999999993 0.00000000099999999993 0.00000000099999999993 0.00000000099999999993 0.99999999499999991937 0.00000000099999999993 
0.00000000099999999990 0.00000000099999999990 0.00000000099999999990 0.00000000099999999990 0.99999999499999991937 0.00000000099999999990 
0.00000000099999999983 0.00000000099999999983 0.00000000099999999983 0.00000000099999999983 0.00000000099999999983 0.99999999499999991937 
0.00000000099999999995 0.00000000099999999995 0.00000000099999999995 0.00000000099999999995 0.00000000099999999995 0.99999999500000003039 
0.00000000099999999973 0.00000000099999999973 0.00000000099999999973 0.00000000099999999973 0.00000000099999999973 0.99999999500000003039 
0.00000000099999999989 0.00000000099999999989 0.00000000099999999989 0.00000000099999999989 0.00000000099999999989 0.99999999499999991937 
0.00000000099999999975 0.00000000099999999975 0.00000000099999999975 0.00000000099999999975 0.00000000099999999975 0.99999999499999991937 
0.00000000099999999979 0.00000000099999999979 0.00000000099999999979 0.00000000099999999979 0.00000000099999999979 0.99999999500000003039 
0.06235190816713974404 0.00000000099999999998 0.00000000099999999998 0.00000000099999999998 0.93764808783286024418 0.00000000099999999998 
0.00000000099999999980 0.00000000099999999980 0.00000000099999999980 0.99999999500000003039 0.00000000099999999980 0.00000000099999999980 
0.99999999500000014141 0.00000000099999999990 0.00000000099999999990 0.00000000099999999990 0.00000000099999999990 0.00000000099999999990 
0.00000000099999999995 0.46539806445978110228 0.53460193154021895534 0.00000000099999999995 0.00000000099999999995 0.00000000099999999995 
0.00000000099999999984 0.00000000099999999984 0.00000000099999999984 0.99999999499999991937 0.00000000099999999984 0.00000000099999999984 
0.00000000099999999991 0.99999999500000003039 0.00000000099999999991 0.00000000099999999991 0.00000000099999999991 0.00000000099999999991 
0.50058130709000869807 0.00000000099999999996 0.49941868890999130404 0.00000000099999999996 0.00000000099999999996 0.00000000099999999996 
0.00000000099999999989 0.00000000099999999989 0.00000000099999999989 0.00000000099999999989 0.99999999500000003039 0.00000000099999999989 
0.21089417083235637018 0.31847048348655387917 0.41636162453886066404 0.03951868870210858975 0.00000028108282708144 0.01475475135729320368 
0.47537661513223383736 0.38179379869577967366 0.00049075050388050652 0.07924976789889115469 0.04456634252859347639 0.01852272524062137035 
0.00000000099999999989 0.00000000099999999989 0.00000000099999999989 0.00000000099999999989 0.00000000099999999989 0.99999999499999991937 
0.00000000099999999996 0.00000000099999999996 0.00000000099999999996 0.00000000099999999996 0.99999999499999991937 0.00000000099999999996 
0.00000000099999999986 0.00000000099999999986 0.00000000099999999986 0.00000000099999999986 0.00000000099999999986 0.99999999500000003039 
0.00000000099999999992 0.52438342681621041841 0.00000000099999999992 0.00000000099999999992 0.47561656918378952819 0.00000000099999999992 
0.00000000099999999987 0.00000000099999999987 0.00000000099999999987 0.00000000099999999987 0.00000000099999999987 0.99999999500000003039 
0.00000000099999999987 0.00000000099999999987 0.00000000099999999987 0.00000000099999999987 0.99999999500000003039 0.00000000099999999987 
0.00000000099999999993 0.99999999500000003039 0.00000000099999999993 0.00000000099999999993 0.00000000099999999993 0.00000000099999999993 
0.00000000099999999994 0.00000000099999999994 0.00000000099999999994 0.00000000099999999994 0.99999999499999991937 0.00000000099999999994 
0.00000000099999999990 0.99999999500000003039 0.00000000099999999990 0.00000000099999999990 0.00000000099999999990 0.00000000099999999990 
0.00000000099999999998 0.00238612182088615782 0.00000000099999999998 0.15360055220165405587 0.84401332297745979005 0.00000000099999999998 
0.00000000099999999988 0.00000000099999999988 0.00000000099999999988 0.00000000099999999988 0.99999999500000003039 0.00000000099999999988 
0.00000000099999999990 0.00000000099999999990 0.00000000099999999990 0.00000000099999999990 0.99999999500000003039 0.00000000099999999990 
0.99999999500000014141 0.00000000099999999990 0.00000000099999999990 0.00000000099999999990 0.00000000099999999990 0.00000000099999999990 
0.00000000099999999990 0.00000000099999999990 0.00000000099999999990 0.00000000099999999990 0.99999999499999991937 0.00000000099999999990 
0.00000000099999999991 0.00000000099999999991 0.00000000099999999991 0.00000000099999999991 0.99999999500000003039 0.00000000099999999991 
0.18715247931481909793 0.41465434004921652988 0.19981492732778599608 0.08802267440705338619 0.09696741843740784572 0.01338816046371723960 
0.00000000099999999999 0.53249635937888339932 0.41161155345684224960 0.00000000099999999999 0.04535548746061632969 0.01053659770365826184 
0.00000000099999999999 0.35486441431902576715 0.60337036790641296324 0.04176521477456143772 0.00000000099999999999 0.00000000099999999999 
0.00690472589414933315 0.49872513348023428392 0.36717831615346735452 0.00000000099999999999 0.00000000099999999999 0.12719182247214919079 
0.05537536172199629403 0.26262084441456345907 0.09643049968595483745 0.00000017305986817858 0.07157396371925173195 0.51399915739836543604 
0.00000000099999999991 0.99999999500000003039 0.00000000099999999991 0.00000000099999999991 0.00000000099999999991 0.00000000099999999991 
0.00000000099999999991 0.00000000099999999991 0.99999999500000003039 0.00000000099999999991 0.00000000099999999991 0.00000000099999999991 
0.00000000099999999999 0.11781347759798209418 0.00000000099999999999 0.04828963267172872026 0.83310422826253893724 0.00079265946775027615 
0.26820859233755595108 0.16149456178856216870 0.52601483897405565404 0.04428200489982605376 0.00000000099999999999 0.00000000099999999999 
0.99999999500000003039 0.00000000099999999995 0.00000000099999999995 0.00000000099999999995 0.00000000099999999995 0.00000000099999999995 
0.00000000099999999999 0.33483410817623060485 0.64123033821475494687 0.00000000099999999999 0.00000000099999999999 0.02393555060901442558 
0.00000001943637467839 0.00000000099999999999 0.00000031620323330314 0.00000000099999999999 0.99999966136039208919 0.00000000099999999999 
0.38031154151718526979 0.61968845448281484334 0.00000000099999999996 0.00000000099999999996 0.00000000099999999996 0.00000000099999999996 
0.00000000099999999997 0.00000000099999999997 0.27899002192448763005 0.00014176044845393216 0.72086821462705830132 0.00000000099999999997 
0.00067662541289565488 0.41438164760171913858 0.20911692821798208430 0.10228448523688861427 0.27354031253051441785 0.00000000100000000000 
0.19229233716139546018 0.00000000100000000000 0.55256425616230209208 0.25514338323845947576 0.00000002143784278379 0.00000000100000000000 
0.00000000099999999991 0.00000000099999999991 0.00000000099999999991 0.00000000099999999991 0.99999999500000003039 0.00000000099999999991 
0.10455694316004400524 0.28206447695328040748 0.51203092907920078058 0.10134758839323443347 0.00000006141424030779 0.00000000099999999999 
0.99999999500000003039 0.00000000099999999998 0.00000000099999999998 0.00000000099999999998 0.00000000099999999998 0.00000000099999999998 
0.36671365746061934665 0.47394007234140006490 0.00000000099999999999 0.15934626719798061778 0.00000000099999999999 0.00000000099999999999 
0.37661868552051541714 0.27436260076789520390 0.34046227501776665791 0.00855642671775749993 0.00000000099999999999 0.00000001097606514050 
0.99999999500000003039 0.00000000099999999989 0.00000000099999999989 0.00000000099999999989 0.00000000099999999989 0.00000000099999999989 
0.46676818803824055015 0.00000000099999999996 0.53323180796175939644 0.00000000099999999996 0.00000000099999999996 0.00000000099999999996 
0.00000000099999999994 0.00000000099999999994 0.99999999499999991937 0.00000000099999999994 0.00000000099999999994 0.00000000099999999994 
0.00000000099999999999 0.90527576246953933570 0.00000000099999999999 0.00000000099999999999 0.00000000099999999999 0.09472423353046080519 
