0.00000000099999999994 0.00000000099999999994 0.99999999599999989108 0.00000000099999999994 0.00000000099999999994 
0.31445196080918613735 0.00000000099999999997 0.00000000099999999997 0.68554803619081372545 0.00000000099999999997 
0.00000000099999999997 0.00000000099999999997 0.00000000099999999997 0.00000000099999999997 0.99999999599999989108 
0.00000000099999999998 0.00000000099999999998 0.00000000099999999998 0.99999999599999989108 0.00000000099999999998 
0.00000000099999999999 0.08718292611739740516 0.00023288889070576674 0.00000000099999999999 0.91258418299189691947 
0.00000000099999999992 0.00000000099999999992 0.99999999599999989108 0.00000000099999999992 0.00000000099999999992 
0.00000000099999999990 0.00000000099999999990 0.99999999600000000211 0.00000000099999999990 0.00000000099999999990 
0.00000000099999999996 0.03306361165116542683 0.00000000099999999996 0.00000000099999999996 0.96693638534883463720 
0.00000000099999999998 0.00000000099999999998 0.00000000099999999998 0.00000000099999999998 0.99999999600000000211 
0.00000000099999999997 0.04919949842395149320 0.00000000099999999997 0.00000000099999999997 0.95080049857604853614 
0.00000000099999999997 0.03973292225669369793 0.00000000099999999997 0.00000000099999999997 0.96026707474330641467 
0.00000000099999999998 0.00000264362355987878 0.00000000099999999998 0.00000000099999999998 0.99999735337644013455 
0.02778599907367934260 0.02703570990395394447 0.05914697956608998275 0.00012227236519835426 0.88590903909107832082 
0.99999999600000011313 0.00000000099999999993 0.00000000099999999993 0.00000000099999999993 0.00000000099999999993 
0.35481458377737590260 0.04333352316738060817 0.00000000100000000000 0.56270612308733736207 0.03914576896790610688 
0.99999999600000011313 0.00000000099999999982 0.00000000099999999982 0.00000000099999999982 0.00000000099999999982 
0.00000000099999999995 0.00000000099999999995 0.99999999599999989108 0.00000000099999999995 0.00000000099999999995 
0.04074525265641112948 0.02736311708932292683 0.00000000099999999997 0.00000000099999999997 0.93189162825426585801 
0.00000000099999999985 0.00000000099999999985 0.00000000099999999985 0.99999999599999989108 0.00000000099999999985 
0.00000000099999999997 0.00000000099999999997 0.40671468408279426443 0.00000000099999999997 0.59328531291720565388 
0.28906799372850999763 0.00000000099999999990 0.00000000099999999990 0.71093200327148986517 0.00000000099999999990 
0.00000000099999999990 0.99999999600000000211 0.00000000099999999990 0.00000000099999999990 0.00000000099999999990 
0.06877598467018396222 0.12815143532893322198 0.02669891708242049660 0.00000000100000000000 0.77637366191846235441 
0.00000000099999999999 0.04388679756676289873 0.00000000099999999999 0.00453378914470410187 0.95157941128853307244 
0.00000000099999999986 0.99999999600000000211 0.00000000099999999986 0.00000000099999999986 0.00000000099999999986 
0.01598659021857189513 0.00215199698276067556 0.02206458133391284854 0.00000000099999999999 0.95979683046475450237 
0.00000000099999999998 0.00000000099999999998 0.00000000099999999998 0.00012624624776540479 0.99987375075223461351 
0.00455726754835453825 0.50146083624137727242 0.00000000099999999999 0.00000000099999999999 0.49398189421026833523 
0.00000000099999999988 0.99999999600000011313 0.00000000099999999988 0.00000000099999999988 0.00000000099999999988 
0.00000000099999999990 0.99999999600000011313 0.00000000099999999990 0.00000000099999999990 0.00000000099999999990 
0.00000000099999999987 0.99999999600000000211 0.00000000099999999987 0.00000000099999999987 0.00000000099999999987 
0.00000000099999999989 0.99999999600000011313 0.00000000099999999989 0.00000000099999999989 0.00000000099999999989 
0.04402921242577761268 0.00000001423650232571 0.00000000099999999998 0.00000000099999999998 0.95597077133772001556 
0.00000000099999999996 0.00000000099999999996 0.00234155977228123896 0.00000000099999999996 0.99765843722771874180 
0.00000000099999999999 0.00000000099999999999 0.02219267754422863878 0.00026196865610270549 0.97754535179966872693 
0.03428825345109138417 0.07984274894603285433 0.04829068178344406159 0.00000000099999999999 0.83757831481943179064 
0.00000000099999999998 0.00000003715728760475 0.00000000099999999998 0.00000000099999999998 0.99999995984271250471 
0.00000000099999999999 0.02847899173289142674 0.00000008019850221471 0.00000000099999999999 0.97152092606860640522 
0.00000000099999999998 0.02258622126940613983 0.02967566854833396037 0.00000000099999999998 0.94773810818225989738 
0.00000000099999999993 0.00000000099999999993 0.99999999600000000211 0.00000000099999999993 0.00000000099999999993 
0.00000000099999999990 0.00000000099999999990 0.99999999599999989108 0.00000000099999999990 0.00000000099999999990 
0.99999999600000000211 0.00000000099999999982 0.00000000099999999982 0.00000000099999999982 0.00000000099999999982 
0.37167860883513281767 0.00000000099999999996 0.00000000099999999996 0.62832138816486704513 0.00000000099999999996 
0.99999999600000011313 0.00000000099999999978 0.00000000099999999978 0.00000000099999999978 0.00000000099999999978 
0.99999999600000011313 0.00000000099999999986 0.00000000099999999986 0.00000000099999999986 0.00000000099999999986 
0.99999999600000011313 0.00000000099999999975 0.00000000099999999975 0.00000000099999999975 0.00000000099999999975 
0.00000000099999999977 0.00000000099999999977 0.00000000099999999977 0.99999999600000000211 0.00000000099999999977 
0.00000000099999999997 0.00000000099999999997 0.95728007055687591720 0.00000000099999999997 0.04271992644312408438 
0.00000000099999999981 0.99999999600000011313 0.00000000099999999981 0.00000000099999999981 0.00000000099999999981 
0.00000000099999999996 0.00000000099999999996 0.00000000099999999996 0.00000000099999999996 0.99999999600000000211 
0.00000000099999999995 0.00000000099999999995 0.00000000099999999995 0.00000000099999999995 0.99999999600000000211 
0.00000000099999999985 0.99999999600000011313 0.00000000099999999985 0.00000000099999999985 0.00000000099999999985 
0.00000000099999999997 0.04069750426007488070 0.00000000099999999997 0.00000000099999999997 0.95930249273992507231 
0.00000000099999999998 0.00000000386043363524 0.00000000099999999998 0.00000000099999999998 0.99999999313956644542 
0.00000000099999999991 0.00000000099999999991 0.99999999600000000211 0.00000000099999999991 0.00000000099999999991 
0.00000000100000000000 0.05113263042037118761 0.00875748022235083023 0.02703049703675904775 0.91307939132051885167 
0.00000000099999999999 0.08138592042902233203 0.04996295453540974124 0.03406184155543397207 0.83458928248013397599 
0.00000000099999999982 0.00000000099999999982 0.00000000099999999982 0.99999999599999989108 0.00000000099999999982 
0.00000000099999999996 0.00000000099999999996 0.99999999600000000211 0.00000000099999999996 0.00000000099999999996 
0.00000000099999999981 0.00000000099999999981 0.00000000099999999981 0.99999999600000000211 0.00000000099999999981 
0.00000000099999999998 0.00000002916350518445 0.50605921945816012553 0.00000000099999999998 0.49394074937833470917 
0.37263376270195730511 0.00000000099999999992 0.00000000099999999992 0.62736623429804261320 0.00000000099999999992 
0.00000000099999999987 0.00000000099999999987 0.99999999599999989108 0.00000000099999999987 0.00000000099999999987 
0.00000778840507658619 0.01023037844730386239 0.00000000099999999999 0.00000000099999999999 0.98976183114761950854 
0.00000000099999999993 0.00000000099999999993 0.99999999599999989108 0.00000000099999999993 0.00000000099999999993 
0.00000000099999999997 0.00767369219096580325 0.00000000099999999997 0.00000000099999999997 0.99232630480903416537 
0.00000000099999999998 0.15135113647727460595 0.84864886052272536787 0.00000000099999999998 0.00000000099999999998 
0.00000000099999999990 0.00000000099999999990 0.99999999600000000211 0.00000000099999999990 0.00000000099999999990 
0.00000000099999999991 0.00000000099999999991 0.99999999599999989108 0.00000000099999999991 0.00000000099999999991 
0.00000000099999999997 0.01205709377563399937 0.00033294663425843330 0.00000000099999999997 0.98760995759010761219 
0.00000000099999999991 0.00000000099999999991 0.99999999600000000211 0.00000000099999999991 0.00000000099999999991 
0.00000000099999999990 0.00000000099999999990 0.99999999599999989108 0.00000000099999999990 0.00000000099999999990 
0.00000000100000000000 0.09959929091153826852 0.09729554522207314871 0.02726515228424195719 0.77584001058214668856 
0.00000000099999999999 0.01501810654113115533 0.05704167704689717955 0.03999475157967039007 0.88794546383230132935 
0.01544373381237644852 0.07424776620515827208 0.00013921557395444364 0.01564025866737738663 0.89452902574113357659 
0.13524575436477229151 0.00006694290534377762 0.00000000099999999999 0.00000000099999999999 0.86468730072988386759 
0.56216806128487284422 0.00042715892844271444 0.02373963475490126207 0.00000000099999999999 0.41366514403178328285 
0.00000000099999999995 0.00000000099999999995 0.00000000099999999995 0.00000000099999999995 0.99999999600000000211 
0.00000000099999999998 0.00000000140477846930 0.02883728106688587811 0.00000000099999999998 0.97116271552833577374 
0.00000000100000000000 0.07784653341442994423 0.83912573635038434361 0.02762435950306683236 0.05540336973211875543 
0.00000000099999999998 0.08210702122679575110 0.00000237599260098430 0.00000000099999999998 0.91789060078060324965 
0.00000000099999999998 0.03846997461134632479 0.00000000099999999998 0.00000000099999999998 0.96153002238865370455 
0.05958610009308497324 0.00000000099999999999 0.00000000099999999999 0.00006139252277204099 0.94035250538414305588 
0.00000000099999999999 0.00000000099999999999 0.99999979792355953023 0.00000000099999999999 0.00000019907644039622 
0.00000514152523557545 0.00039227414642372939 0.00000000099999999998 0.00000000099999999998 0.99960258232834076075 
0.00000000099999999997 0.04811135724769428912 0.72014791315598891686 0.00000000099999999997 0.23174072759631675344 
0.00000796078064916356 0.08182775829268069956 0.30239852783239262735 0.00000157584460303887 0.61576417724967458245 
0.00000329686769091504 0.31525342869732475570 0.01061570086704323457 0.00000098516664487863 0.67412658840129624505 
0.00000000099999999990 0.00000000099999999990 0.99999999600000000211 0.00000000099999999990 0.00000000099999999990 
0.00000000099999999999 0.13599496935935659336 0.00942883944772079929 0.00000000099999999999 0.85457618919292255288 
0.04579179947668711448 0.00246983102486326338 0.00000000100000000000 0.00000331021452180696 0.95173505828392779282 
0.00000000099999999999 0.16533157132774695119 0.01078188902922913930 0.00000000099999999999 0.82388653764302388627 
0.01653252269240271591 0.01613010456977730447 0.00000000099999999999 0.00001512578014857447 0.96732224595767135611 
0.00000000099999999997 0.00000000099999999997 0.00000000099999999997 0.00000000099999999997 0.99999999600000000211 
0.00000000099999999997 0.00449605955863155264 0.00000000099999999997 0.00000000099999999997 0.99550393744136855823 
0.00001574886302393773 0.00000000099999999999 0.00000000099999999999 0.00000000099999999999 0.99998424813697617264 
0.00000000099999999999 0.03690813300403207597 0.00000000099999999999 0.12014171348396424088 0.84295015151200358705 
