0.00000000099999999996 0.99999999700000008485 0.00000000099999999996 0.00000000099999999996 
0.99999999700000008485 0.00000000099999999998 0.00000000099999999998 0.00000000099999999998 
0.00000000099999999998 0.00000000099999999998 0.00000000099999999998 0.99999999700000008485 
0.86959062601955472438 0.00001548923600923650 0.00014757865509360175 0.13024630608934242848 
0.00000000100000000000 0.00067777697864370020 0.08721240411532782399 0.91210981790602851937 
0.00000000099999999995 0.99999999700000008485 0.00000000099999999995 0.00000000099999999995 
0.00000000099999999993 0.99999999699999997382 0.00000000099999999993 0.00000000099999999993 
0.00000000099999999998 0.00000000099999999998 0.03412018067761713597 0.96587981732238281651 
0.00000000099999999999 0.00000000099999999999 0.00000000681852345411 0.99999999118147653299 
0.00000000099999999998 0.00000000099999999998 0.05017877379507714591 0.94982122420492276493 
0.00000000099999999998 0.00000000099999999998 0.03981085505818493520 0.96018914294181501035 
0.00000000099999999999 0.00000000099999999999 0.00007302665720887734 0.99992697134279107107 
0.02331026363271744908 0.06007172322232171707 0.02557595660269873852 0.89104205654226220634 
0.99999999700000008485 0.00000000099999999997 0.00000000099999999997 0.00000000099999999997 
0.90066755929645492262 0.00000000392179832963 0.03523743344844378067 0.06409500333330306332 
0.99999999700000008485 0.00000000099999999991 0.00000000099999999991 0.00000000099999999991 
0.00000000099999999997 0.99999999699999997382 0.00000000099999999997 0.00000000099999999997 
0.03153052255420274452 0.00000000099999999999 0.03029154939432440741 0.93817792705147295962 
0.99999999700000008485 0.00000000099999999995 0.00000000099999999995 0.00000000099999999995 
0.00000000099999999998 0.40693014060358584372 0.00000000099999999998 0.59306985739641404631 
0.99999999699999997382 0.00000000099999999992 0.00000000099999999992 0.00000000099999999992 
0.00000000099999999993 0.00000000099999999993 0.99999999699999986280 0.00000000099999999993 
0.06282247744077698592 0.02717085467364106430 0.12889660891899737405 0.78111005896658447512 
0.00001123227960514659 0.00000000099999999999 0.04616432578953898191 0.95382444093085583248 
0.00000000099999999991 0.00000000099999999991 0.99999999699999997382 0.00000000099999999991 
0.00037449751778695633 0.02365048402263283597 0.00257157779331843852 0.97340344066626172115 
0.00000000099999999998 0.00000000099999999998 0.00000000099999999998 0.99999999700000008485 
0.00063243306322541162 0.00000000099999999999 0.50310322878039503980 0.49626433715637963129 
0.00000000099999999992 0.00000000099999999992 0.99999999699999986280 0.00000000099999999992 
0.00000000099999999993 0.00000000099999999993 0.99999999699999986280 0.00000000099999999993 
0.00000000099999999991 0.00000000099999999991 0.99999999699999997382 0.00000000099999999991 
0.00000000099999999993 0.00000000099999999993 0.99999999699999997382 0.00000000099999999993 
0.04092829238314562440 0.00000000099999999999 0.00000159353110978453 0.95907011308574474651 
0.00000000099999999998 0.00285808069655421213 0.00000000099999999998 0.99714191730344581277 
0.00000000099999999999 0.02259748335670477490 0.00000000099999999999 0.97740251464329530595 
0.02852359572712460586 0.05053458517937198941 0.08047604289470791650 0.84046577619879547782 
0.00000000099999999999 0.00000000099999999999 0.00000156459104913402 0.99999843340895089305 
0.00000000100000000000 0.00000163083884550014 0.02741703567171129008 0.97258133248944311777 
0.00000000099999999999 0.02814304646365331161 0.02370069177314085979 0.94815626076320580484 
0.00000000099999999995 0.99999999699999997382 0.00000000099999999995 0.00000000099999999995 
0.00000000099999999993 0.99999999699999997382 0.00000000099999999993 0.00000000099999999993 
0.99999999700000008485 0.00000000099999999990 0.00000000099999999990 0.00000000099999999990 
0.99999999699999997382 0.00000000099999999997 0.00000000099999999997 0.00000000099999999997 
0.99999999700000008485 0.00000000099999999983 0.00000000099999999983 0.00000000099999999983 
0.99999999700000008485 0.00000000099999999993 0.00000000099999999993 0.00000000099999999993 
0.99999999700000008485 0.00000000099999999985 0.00000000099999999985 0.00000000099999999985 
0.99999999699999997382 0.00000000099999999987 0.00000000099999999987 0.00000000099999999987 
0.00000000099999999998 0.95823845754088587956 0.00000000099999999998 0.04176154045911412149 
0.00000000099999999987 0.00000000099999999987 0.99999999699999986280 0.00000000099999999987 
0.00000000099999999997 0.00000000099999999997 0.00000000099999999997 0.99999999699999997382 
0.00000000099999999996 0.00000000099999999996 0.00000000099999999996 0.99999999700000008485 
0.00000000099999999989 0.00000000099999999989 0.99999999699999997382 0.00000000099999999989 
0.00000000099999999998 0.00000000099999999998 0.04067408577678739701 0.95932591222321261792 
0.00000000099999999998 0.00000000099999999998 0.00000015133062144831 0.99999984666937846711 
0.00000000099999999993 0.99999999700000008485 0.00000000099999999993 0.00000000099999999993 
0.01662428981265309802 0.01261925443222917248 0.05373899061989197146 0.91701746513522586213 
0.02697165509390534940 0.05171220392862812404 0.08373179621438818498 0.83758434476307841443 
0.99999999700000008485 0.00000000099999999993 0.00000000099999999993 0.00000000099999999993 
0.00000000099999999997 0.99999999699999997382 0.00000000099999999997 0.00000000099999999997 
0.99999999700000008485 0.00000000099999999991 0.00000000099999999991 0.00000000099999999991 
0.00000000099999999999 0.50634771497696673404 0.00000194111631689705 0.49365034290671644390 
0.99999999700000008485 0.00000000099999999992 0.00000000099999999992 0.00000000099999999992 
0.00000000099999999991 0.99999999699999997382 0.00000000099999999991 0.00000000099999999991 
0.00000000099999999999 0.00000000099999999999 0.00961475735825632373 0.99038524064174371375 
0.00000000099999999995 0.99999999699999997382 0.00000000099999999995 0.00000000099999999995 
0.00000000099999999998 0.00000000099999999998 0.00875387544392301591 0.99124612255607713607 
0.00000000099999999999 0.84872550386664635802 0.15127449413335369854 0.00000000099999999999 
0.00000000099999999993 0.99999999700000008485 0.00000000099999999993 0.00000000099999999993 
0.00000000099999999994 0.99999999700000008485 0.00000000099999999994 0.00000000099999999994 
0.00000000099999999998 0.00069319452866746512 0.01367607103109559803 0.98563073344023699462 
0.00000000099999999994 0.99999999700000008485 0.00000000099999999994 0.00000000099999999994 
0.00000000099999999994 0.99999999699999997382 0.00000000099999999994 0.00000000099999999994 
0.01699283216785754669 0.10128730032032996766 0.09925348315210714978 0.78246638435970528036 
0.02727385846534406341 0.05895885960513540247 0.01816758754859551170 0.89559969438092490446 
0.02842026909503014148 0.00027051806456830185 0.07447650007342404566 0.89683271276697751340 
0.12782192713852610910 0.00000069724735903985 0.00105873696168957434 0.87111863865242522564 
0.51693055271981658283 0.07017010420950317573 0.00089110916966512815 0.41200823390101504184 
0.00000000099999999997 0.00000000099999999997 0.00000000099999999997 0.99999999699999997382 
0.00000000099999999999 0.02913368061564802075 0.00000006210206724166 0.97086625628228473417 
0.00986597664763045994 0.84773554561990005496 0.07974513282222274457 0.06265334491024672492 
0.00000000099999999999 0.00001742326331406144 0.08196441228523639044 0.91801816345144959808 
0.00000000099999999998 0.00000000099999999998 0.03926080384611078944 0.96073919415388919774 
0.05482582974078565458 0.00000000099999999999 0.00000000099999999999 0.94517416825921440893 
0.00000000099999999999 0.99999744603608742288 0.00000000099999999999 0.00000255196391258511 
0.00000000099999999998 0.00000000099999999998 0.00163760258724326047 0.99836239541275684228 
0.00000000099999999999 0.71999413870845996311 0.04811843434418546644 0.23188742594735467506 
0.00003001788507259033 0.30294493346764955755 0.09046699775028710366 0.60655805089699088573 
0.00002911190454758864 0.01213287362613093764 0.31565243059460418307 0.67218558387471727400 
0.00000000099999999994 0.99999999700000008485 0.00000000099999999994 0.00000000099999999994 
0.00000000100000000000 0.01117324534940735380 0.13322974240800514178 0.85559701124258746852 
0.03178257857297336203 0.00000000437636690952 0.00468912361499422212 0.96352829343566559483 
0.00000000099999999999 0.01128178651923278028 0.16535651328018780015 0.82336169920057944438 
0.01071354571271922705 0.00000000099999999999 0.01762023142366926989 0.97166622186361151225 
0.00000000099999999997 0.00000000099999999997 0.00000000099999999997 0.99999999699999997382 
0.00000000099999999998 0.00000000099999999998 0.00529400079469077856 0.99470599720530916699 
0.00000000099999999999 0.00000000099999999999 0.00000000099999999999 0.99999999699999997382 
0.10533579573160363474 0.00000000100000000000 0.03574156036269784953 0.85892264290569841911 
