0.00000000099999999988 0.00000000099999999988 0.99999999300000008695 0.00000000099999999988 0.00000000099999999988 0.00000000099999999988 0.00000000099999999988 0.00000000099999999988 
0.00000000099999999995 0.00000000099999999995 0.00000000099999999995 0.00000000099999999995 0.00000000099999999995 0.99999999299999997593 0.00000000099999999995 0.00000000099999999995 
0.00000000099999999992 0.99999999300000008695 0.00000000099999999992 0.00000000099999999992 0.00000000099999999992 0.00000000099999999992 0.00000000099999999992 0.00000000099999999992 
0.00002272649770043445 0.00000000206482275114 0.00000000099999999999 0.13402061178375401784 0.00000000099999999999 0.86595665490951334586 0.00000000099999999999 0.00000000174420952639 
0.00000000099999999992 0.00000000099999999992 0.00000000099999999992 0.99999999299999997593 0.00000000099999999992 0.00000000099999999992 0.00000000099999999992 0.00000000099999999992 
0.00000000099999999971 0.00000000099999999971 0.00000000099999999971 0.00000000099999999971 0.00000000099999999971 0.00000000099999999971 0.00000000099999999971 0.99999999299999997593 
0.00000000099999999982 0.00000000099999999982 0.99999999299999997593 0.00000000099999999982 0.00000000099999999982 0.00000000099999999982 0.00000000099999999982 0.00000000099999999982 
0.00000000099999999981 0.00000000099999999981 0.00000000099999999981 0.99999999299999997593 0.00000000099999999981 0.00000000099999999981 0.00000000099999999981 0.00000000099999999981 
0.00000000099999999997 0.65719872249887512083 0.00000000099999999997 0.34280127150112493783 0.00000000099999999997 0.00000000099999999997 0.00000000099999999997 0.00000000099999999997 
0.03904527039548309764 0.43583089644702305288 0.00000000099999999997 0.52512382815749403253 0.00000000099999999997 0.00000000099999999997 0.00000000099999999997 0.00000000099999999997 
0.00000000099999999990 0.99999999300000019797 0.00000000099999999990 0.00000000099999999990 0.00000000099999999990 0.00000000099999999990 0.00000000099999999990 0.00000000099999999990 
0.03086936417596946453 0.76365271779346111103 0.00000000099999999996 0.20547791303056944789 0.00000000099999999996 0.00000000099999999996 0.00000000099999999996 0.00000000099999999996 
0.00000000100000000000 0.65895332518727511850 0.00030259728508228915 0.15854053684938393398 0.09656534104996530865 0.00267094198979128065 0.08296229763074791652 0.00000495900775430738 
0.00000000099999999993 0.00000000099999999993 0.00000000099999999993 0.00000000099999999993 0.00000000099999999993 0.99999999300000008695 0.00000000099999999993 0.00000000099999999993 
0.00000500191618005773 0.00000000099999999999 0.00000000099999999999 0.00001648996315009063 0.10208585796308088101 0.89789264615758890287 0.00000000099999999999 0.00000000099999999999 
0.00000000099999999978 0.00000000099999999978 0.00000000099999999978 0.00000000099999999978 0.00000000099999999978 0.99999999299999997593 0.00000000099999999978 0.00000000099999999978 
0.00000000099999999974 0.00000000099999999974 0.00000000099999999974 0.00000000099999999974 0.00000000099999999974 0.00000000099999999974 0.00000000099999999974 0.99999999299999997593 
0.00000000099999999986 0.00000000099999999986 0.00000000099999999986 0.99999999300000008695 0.00000000099999999986 0.00000000099999999986 0.00000000099999999986 0.00000000099999999986 
0.00000000099999999987 0.00000000099999999987 0.00000000099999999987 0.00000000099999999987 0.00000000099999999987 0.99999999299999997593 0.00000000099999999987 0.00000000099999999987 
0.00000000099999999957 0.00000000099999999957 0.00000000099999999957 0.00000000099999999957 0.99999999300000008695 0.00000000099999999957 0.00000000099999999957 0.00000000099999999957 
0.00000000099999999980 0.00000000099999999980 0.00000000099999999980 0.00000000099999999980 0.00000000099999999980 0.99999999299999997593 0.00000000099999999980 0.00000000099999999980 
0.99999999300000008695 0.00000000099999999975 0.00000000099999999975 0.00000000099999999975 0.00000000099999999975 0.00000000099999999975 0.00000000099999999975 0.00000000099999999975 
0.14538969165588930266 0.58138665531611166681 0.01982639306007743379 0.19607269228084672763 0.00126200218207822329 0.05606256350499660285 0.00000000099999999999 0.00000000099999999999 
0.00000000099999999981 0.00000000099999999981 0.00000000099999999981 0.00000000099999999981 0.99999999299999997593 0.00000000099999999981 0.00000000099999999981 0.00000000099999999981 
0.99999999300000008695 0.00000000099999999966 0.00000000099999999966 0.00000000099999999966 0.00000000099999999966 0.00000000099999999966 0.00000000099999999966 0.00000000099999999966 
0.00000000099999999995 0.99999999300000019797 0.00000000099999999995 0.00000000099999999995 0.00000000099999999995 0.00000000099999999995 0.00000000099999999995 0.00000000099999999995 
0.00000000099999999996 0.48768781738586086671 0.00000000099999999996 0.51231217661413930298 0.00000000099999999996 0.00000000099999999996 0.00000000099999999996 0.00000000099999999996 
0.51471184041166084810 0.00000000099999999996 0.00000000099999999996 0.48528815358833932159 0.00000000099999999996 0.00000000099999999996 0.00000000099999999996 0.00000000099999999996 
0.99999999300000008695 0.00000000099999999965 0.00000000099999999965 0.00000000099999999965 0.00000000099999999965 0.00000000099999999965 0.00000000099999999965 0.00000000099999999965 
0.00000000099999999971 0.00000000099999999971 0.00000000099999999971 0.00000000099999999971 0.00000000099999999971 0.00000000099999999971 0.99999999299999986491 0.00000000099999999971 
0.99999999300000019797 0.00000000099999999969 0.00000000099999999969 0.00000000099999999969 0.00000000099999999969 0.00000000099999999969 0.00000000099999999969 0.00000000099999999969 
0.00000000099999999972 0.00000000099999999972 0.00000000099999999972 0.00000000099999999972 0.00000000099999999972 0.00000000099999999972 0.99999999299999986491 0.00000000099999999972 
0.00000000099999999992 0.99999999300000019797 0.00000000099999999992 0.00000000099999999992 0.00000000099999999992 0.00000000099999999992 0.00000000099999999992 0.00000000099999999992 
0.00000000099999999996 0.65392837215439902909 0.00000000099999999996 0.34607162184560108509 0.00000000099999999996 0.00000000099999999996 0.00000000099999999996 0.00000000099999999996 
0.00000000099999999998 0.71407353287007846454 0.00000000099999999998 0.27068242945971693336 0.00000000099999999998 0.00000000099999999998 0.00000000099999999998 0.01524403267020468279 
0.00000000204222521425 0.45251033899757026058 0.00000000099999999999 0.39323375404906790731 0.00000000170688640827 0.01395537518904717798 0.06051203577156127889 0.07978849124364169321 
0.00000000099999999997 0.52388870686649002817 0.00000000099999999997 0.45855929654889865388 0.00000000099999999997 0.00000000099999999997 0.01755199158461146630 0.00000000099999999997 
0.03693383061055738326 0.71039028163303841179 0.00000000099999999998 0.25267588275640434636 0.00000000099999999998 0.00000000099999999998 0.00000000099999999998 0.00000000099999999998 
0.06749792574716856342 0.93250206825283166179 0.00000000099999999996 0.00000000099999999996 0.00000000099999999996 0.00000000099999999996 0.00000000099999999996 0.00000000099999999996 
0.00000000099999999987 0.00000000099999999987 0.99999999300000008695 0.00000000099999999987 0.00000000099999999987 0.00000000099999999987 0.00000000099999999987 0.00000000099999999987 
0.00000000099999999959 0.00000000099999999959 0.00000000099999999959 0.00000000099999999959 0.00000000099999999959 0.00000000099999999959 0.00000000099999999959 0.99999999299999997593 
0.00000000099999999975 0.00000000099999999975 0.00000000099999999975 0.00000000099999999975 0.00000000099999999975 0.99999999299999997593 0.00000000099999999975 0.00000000099999999975 
0.00000000099999999993 0.00000000099999999993 0.00000000099999999993 0.00000000099999999993 0.00000000099999999993 0.99999999299999997593 0.00000000099999999993 0.00000000099999999993 
0.00000000099999999961 0.00000000099999999961 0.00000000099999999961 0.00000000099999999961 0.00000000099999999961 0.99999999299999997593 0.00000000099999999961 0.00000000099999999961 
0.00000000099999999983 0.00000000099999999983 0.00000000099999999983 0.00000000099999999983 0.00000000099999999983 0.99999999299999997593 0.00000000099999999983 0.00000000099999999983 
0.00000000099999999963 0.00000000099999999963 0.00000000099999999963 0.00000000099999999963 0.00000000099999999963 0.99999999300000008695 0.00000000099999999963 0.00000000099999999963 
0.00000000099999999969 0.00000000099999999969 0.00000000099999999969 0.00000000099999999969 0.00000000099999999969 0.99999999299999997593 0.00000000099999999969 0.00000000099999999969 
0.00000000099999999992 0.00000000099999999992 0.99999999300000008695 0.00000000099999999992 0.00000000099999999992 0.00000000099999999992 0.00000000099999999992 0.00000000099999999992 
0.00000000099999999957 0.00000000099999999957 0.00000000099999999957 0.00000000099999999957 0.00000000099999999957 0.00000000099999999957 0.99999999299999986491 0.00000000099999999957 
0.00000000099999999995 0.56134473643828608491 0.00000000099999999995 0.43865525756171402927 0.00000000099999999995 0.00000000099999999995 0.00000000099999999995 0.00000000099999999995 
0.00000000099999999992 0.37830095890872489361 0.00000000099999999992 0.62169903509127510954 0.00000000099999999992 0.00000000099999999992 0.00000000099999999992 0.00000000099999999992 
0.00000000099999999965 0.00000000099999999965 0.00000000099999999965 0.00000000099999999965 0.00000000099999999965 0.00000000099999999965 0.99999999299999997593 0.00000000099999999965 
0.00000000099999999994 0.53742268287679662020 0.00000000099999999994 0.43381516715779777638 0.00000000099999999994 0.00000000099999999994 0.02876214496540563381 0.00000000099999999994 
0.00000000099999999988 0.99999999300000019797 0.00000000099999999988 0.00000000099999999988 0.00000000099999999988 0.00000000099999999988 0.00000000099999999988 0.00000000099999999988 
0.00000000099999999964 0.00000000099999999964 0.00000000099999999964 0.00000000099999999964 0.00000000099999999964 0.00000000099999999964 0.00000000099999999964 0.99999999300000008695 
0.00000000099999999995 0.00000000099999999995 0.00000000099999999995 0.99999999300000008695 0.00000000099999999995 0.00000000099999999995 0.00000000099999999995 0.00000000099999999995 
0.00000000099999999999 0.80180585740978815856 0.00000000099999999999 0.00000000099999999999 0.06657016881843005884 0.00809665948866602515 0.12352731028311568495 0.00000000099999999999 
0.00000000099999999983 0.00000000099999999983 0.00000000099999999983 0.00000000099999999983 0.00000000099999999983 0.99999999300000008695 0.00000000099999999983 0.00000000099999999983 
0.00000000099999999990 0.00000000099999999990 0.99999999300000008695 0.00000000099999999990 0.00000000099999999990 0.00000000099999999990 0.00000000099999999990 0.00000000099999999990 
0.00000000099999999979 0.00000000099999999979 0.00000000099999999979 0.00000000099999999979 0.00000000099999999979 0.99999999300000008695 0.00000000099999999979 0.00000000099999999979 
0.00000000099999999958 0.00000000099999999958 0.00000000099999999958 0.00000000099999999958 0.99999999299999997593 0.00000000099999999958 0.00000000099999999958 0.00000000099999999958 
0.00000000099999999982 0.00000000099999999982 0.00000000099999999982 0.00000000099999999982 0.00000000099999999982 0.99999999299999997593 0.00000000099999999982 0.00000000099999999982 
0.00000000099999999980 0.00000000099999999980 0.99999999300000008695 0.00000000099999999980 0.00000000099999999980 0.00000000099999999980 0.00000000099999999980 0.00000000099999999980 
0.00000000099999999990 0.00000000099999999990 0.00000000099999999990 0.99999999300000008695 0.00000000099999999990 0.00000000099999999990 0.00000000099999999990 0.00000000099999999990 
0.00000000099999999990 0.00000000099999999990 0.99999999300000008695 0.00000000099999999990 0.00000000099999999990 0.00000000099999999990 0.00000000099999999990 0.00000000099999999990 
0.03025178492600028371 0.40623912446944404619 0.00000000099999999995 0.56350908560455581497 0.00000000099999999995 0.00000000099999999995 0.00000000099999999995 0.00000000099999999995 
0.13778309605294114526 0.00000000099999999998 0.85622364368924397393 0.00000000099999999998 0.00599325525781485222 0.00000000099999999998 0.00000000099999999998 0.00000000099999999998 
0.00000000099999999987 0.00000000099999999987 0.79646349812275074598 0.00000000099999999987 0.00000000099999999987 0.00000000099999999987 0.00000000099999999987 0.20353649587724925718 
0.00000000099999999988 0.00000000099999999988 0.64067078443137515098 0.00000000099999999988 0.00000000099999999988 0.00000000099999999988 0.00000000099999999988 0.35932920956862479667 
0.00000000099999999997 0.68629606061798464900 0.00000000099999999997 0.25583559142125578134 0.04457470310675246822 0.00000000099999999997 0.01329364085400692660 0.00000000099999999997 
0.00000000099999999984 0.00000000099999999984 0.99999999299999997593 0.00000000099999999984 0.00000000099999999984 0.00000000099999999984 0.00000000099999999984 0.00000000099999999984 
0.00000000099999999984 0.00000000099999999984 0.99999999300000008695 0.00000000099999999984 0.00000000099999999984 0.00000000099999999984 0.00000000099999999984 0.00000000099999999984 
0.00013915139480310645 0.33567830031771900279 0.00000000100000000000 0.41274739664316362209 0.07267343658511743465 0.00937038311860463255 0.08862901948509295524 0.08076231145549932211 
0.00000000100000000000 0.53514971676558409364 0.04906746801415805270 0.34122117627472081658 0.03263108536495816503 0.02210290707364686441 0.01982764450693174849 0.00000000100000000000 
0.07785553376129633607 0.41409812924434769021 0.00000000099999999999 0.44866698527635917593 0.04601345170363343312 0.01336553330857963989 0.00000036470578351977 0.00000000099999999999 
0.02255266035438105443 0.36261088400209384730 0.00000000099999999999 0.48679850036142036096 0.00609609630143782919 0.12194185598066670240 0.00000000099999999999 0.00000000099999999999 
0.00005029487708680438 0.41095689918931177509 0.06629732547052190339 0.00000000748640770871 0.00001307588419250374 0.52268239509247937935 0.00000000100000000000 0.00000000100000000000 
0.00000000099999999990 0.99999999300000008695 0.00000000099999999990 0.00000000099999999990 0.00000000099999999990 0.00000000099999999990 0.00000000099999999990 0.00000000099999999990 
0.00000000099999999995 0.99999999300000019797 0.00000000099999999995 0.00000000099999999995 0.00000000099999999995 0.00000000099999999995 0.00000000099999999995 0.00000000099999999995 
0.05773266284277153715 0.00000000099999999997 0.82467308341994161047 0.00000000099999999997 0.11759424873728699379 0.00000000099999999997 0.00000000099999999997 0.00000000099999999997 
0.08878938957090980189 0.63991193228812703886 0.00000000099999999998 0.27129867314096334230 0.00000000099999999998 0.00000000099999999998 0.00000000099999999998 0.00000000099999999998 
0.00000000099999999992 0.00000000099999999992 0.00000000099999999992 0.99999999300000008695 0.00000000099999999992 0.00000000099999999992 0.00000000099999999992 0.00000000099999999992 
0.00000000099999999998 0.62624386947456855967 0.00000000099999999998 0.31792322831334440814 0.00000000099999999998 0.05583289721208722911 0.00000000099999999998 0.00000000099999999998 
0.00000000099999999999 0.00000000099999999999 0.52800865187494927522 0.00000000099999999999 0.00002735556220008024 0.00000000099999999999 0.00000000099999999999 0.47196398756285073972 
0.00000000099999999982 0.00000000099999999982 0.00000000099999999982 0.99999999300000008695 0.00000000099999999982 0.00000000099999999982 0.00000000099999999982 0.00000000099999999982 
0.01511714865578841355 0.00000000099999999997 0.75624573243277626311 0.22863711391143531904 0.00000000099999999997 0.00000000099999999997 0.00000000099999999997 0.00000000099999999997 
0.00194115523367208707 0.40384053968603217388 0.28258127049362330441 0.20373975815674177925 0.04548807397723843987 0.00000000100000000000 0.06240184882085684365 0.00000735263183539508 
0.00000000099999999999 0.00000028181072856841 0.00000000099999999999 0.39025279396896234152 0.35408227178657486478 0.00000000099999999999 0.25566464843373420956 0.00000000099999999999 
0.00000000099999999989 0.00000000099999999989 0.65114634316181430052 0.00000000099999999989 0.00000000099999999989 0.00000000099999999989 0.00000000099999999989 0.34885365083818581367 
0.12643305073009933337 0.25204835191996577404 0.00000000099999999999 0.59348514408000996312 0.02796695663757548661 0.00000000099999999999 0.00006649363234955086 0.00000000099999999999 
0.00000000099999999995 0.00000000099999999995 0.00000000099999999995 0.00000000099999999995 0.99999999300000008695 0.00000000099999999995 0.00000000099999999995 0.00000000099999999995 
0.16261394960201577820 0.34161677056233130667 0.00000000099999999998 0.35148192116246046446 0.14428735467319261931 0.00000000099999999998 0.00000000099999999998 0.00000000099999999998 
0.01480585460766434443 0.54092099349035183131 0.00000000099999999998 0.44158466919683675433 0.00000000099999999998 0.00268842621417264343 0.00000005349097451477 0.00000000099999999998 
0.00000000099999999985 0.99999999300000019797 0.00000000099999999985 0.00000000099999999985 0.00000000099999999985 0.00000000099999999985 0.00000000099999999985 0.00000000099999999985 
0.00000000099999999996 0.42044718697029803689 0.00000000099999999996 0.57955280702970202178 0.00000000099999999996 0.00000000099999999996 0.00000000099999999996 0.00000000099999999996 
0.00000000099999999998 0.49700063470541577804 0.00000000099999999998 0.47273965115472776910 0.02640776589052151388 0.00000000099999999998 0.00000000099999999998 0.00385194424933490683 
0.00049965596247307422 0.36266294933511938892 0.00000000099999999999 0.44103399506610541092 0.06581516498804301785 0.10205074948058866224 0.02793748316767024481 0.00000000099999999999 
