0.00000000099999999997 0.99999999799999994554 0.00000000099999999997 
0.00000000099999999999 0.00000000099999999999 0.99999999799999994554 
0.99999993403985898421 0.00000006496014108657 0.00000000099999999999 
0.13141824754009537313 0.00034591319192270466 0.86823583926798186816 
0.99408385458647452460 0.00591614169610012522 0.00000000371742536952 
0.00000000099999999996 0.99999999799999994554 0.00000000099999999996 
0.00000000099999999995 0.99999999799999994554 0.00000000099999999995 
0.99999999800000005656 0.00000000099999999998 0.00000000099999999998 
0.99999998629073916234 0.00000000188061349699 0.00000001182864747258 
0.99999999676499506940 0.00000000223500488532 0.00000000099999999999 
0.99999999800000005656 0.00000000099999999999 0.00000000099999999999 
0.99999999669170602790 0.00000000220732498047 0.00000000110096899806 
0.93199174517593608158 0.05757232209482161106 0.01043593272924221889 
0.00000000099999999998 0.00000000099999999998 0.99999999800000005656 
0.09925684563574112274 0.00000075993019536295 0.90074239443406356465 
0.00000000099999999994 0.00000000099999999994 0.99999999799999994554 
0.00000000099999999998 0.99999999799999994554 0.00000000099999999998 
0.96554376432626742854 0.00000000099999999999 0.03445623467373270382 
0.00000000099999999996 0.00000000099999999996 0.99999999800000005656 
0.59658386094469328942 0.40341613805530668335 0.00000000099999999999 
0.00000000099999999994 0.00000000099999999994 0.99999999800000005656 
0.85501212114381852647 0.14498787785618141855 0.00000000099999999999 
0.89606960776348931752 0.03952221481871087683 0.06440817741779973626 
0.99999607270673296355 0.00000000099999999999 0.00000392629326693371 
0.82914211098008250289 0.17085788801991738661 0.00000000099999999999 
0.97284780231277434570 0.02145262908891613224 0.00569956859830956456 
0.99999998468244499783 0.00000000099999999999 0.00000001431755501974 
0.89589751627909763876 0.08365800069259964056 0.02044448302830266170 
0.83486272593635979522 0.16511724054269177886 0.00002003352094836082 
0.79615737534927921715 0.19102205133792168890 0.01282057331279903151 
0.80088517355498334283 0.19911482544501668546 0.00000000099999999999 
0.82414040498174367944 0.17585959401825634885 0.00000000100000000000 
0.95786246933968788309 0.00000000099999999999 0.04213752966031204111 
0.98763492041331291116 0.01236507858668690896 0.00000000099999999999 
0.97540054240274665087 0.02447329923056930367 0.00012615836668409533 
0.90658276827055495062 0.06141425540047004694 0.03200297632897502326 
0.99999999553391993867 0.00000000346608005339 0.00000000099999999999 
0.99982322259807376863 0.00017677640192620254 0.00000000100000000000 
0.97210422787248340626 0.02789577112751659080 0.00000000099999999999 
0.00000000099999999996 0.99999999799999994554 0.00000000099999999996 
0.00000000099999999995 0.99999999800000005656 0.00000000099999999995 
0.00000000099999999993 0.00000000099999999993 0.99999999799999994554 
0.00000000099999999998 0.00000000099999999998 0.99999999800000005656 
0.00000000099999999989 0.00000000099999999989 0.99999999799999994554 
0.00000000099999999995 0.00000000099999999995 0.99999999799999994554 
0.00000000099999999990 0.00000000099999999990 0.99999999800000005656 
0.00000000099999999991 0.00000000099999999991 0.99999999799999994554 
0.03553931553979915170 0.96446068346020086270 0.00000000099999999999 
0.79518930285296962612 0.20481069614703023563 0.00000000099999999998 
0.99999999800000005656 0.00000000099999999998 0.00000000099999999998 
0.99999999799999994554 0.00000000099999999997 0.00000000099999999997 
0.80087695435427075363 0.19912304464572905260 0.00000000099999999999 
0.99999999800000005656 0.00000000099999999998 0.00000000099999999998 
0.99999999168196096466 0.00000000099999999999 0.00000000731803903403 
0.00000000099999999995 0.99999999799999994554 0.00000000099999999995 
0.96785094428757467711 0.01528515774097521061 0.01686389797145018687 
0.91266392636540505379 0.06330475404106915283 0.02403131959352577951 
0.00000000099999999995 0.00000000099999999995 0.99999999800000005656 
0.00000000099999999998 0.99999999799999994554 0.00000000099999999998 
0.00000000099999999994 0.00000000099999999994 0.99999999800000005656 
0.49789562582296242876 0.50210437317703748850 0.00000000099999999999 
0.00000000099999999995 0.00000000099999999995 0.99999999800000005656 
0.00000000099999999994 0.99999999800000005656 0.00000000099999999994 
0.99999759174493041414 0.00000011193160639469 0.00000229632346315441 
0.00000000099999999997 0.99999999799999994554 0.00000000099999999997 
0.99999999799999994554 0.00000000099999999998 0.00000000099999999998 
0.11425715154871543544 0.88574284745128450957 0.00000000099999999999 
0.00000000099999999994 0.99999999799999994554 0.00000000099999999994 
0.00000000099999999995 0.99999999799999994554 0.00000000099999999995 
0.99968769420074288234 0.00031230479925721435 0.00000000099999999999 
0.00000000099999999995 0.99999999800000005656 0.00000000099999999995 
0.00000000099999999995 0.99999999799999994554 0.00000000099999999995 
0.87041934187269698331 0.11424696852549472148 0.01533368960180830909 
0.90575305155297480830 0.06156844451058816892 0.03267850393643706441 
0.96325753229901189822 0.00427063332183883881 0.03247183437914927945 
0.86576940477829611442 0.00000001256174615818 0.13423058265995774230 
0.41072051903681544571 0.06803135424238238027 0.52124812672080222953 
0.99999999554345342379 0.00000000345654660388 0.00000000099999999998 
0.97133008321945668584 0.02866991578054331122 0.00000000099999999999 
0.12898415131735763151 0.86262187032508197415 0.00839397835756038914 
0.99729270143582982033 0.00270729756417010994 0.00000000099999999999 
0.99999999800000005656 0.00000000099999999998 0.00000000099999999998 
0.93621060171051051491 0.00000001192143125816 0.06378938636805825402 
0.00016281790236456439 0.99983718109763553006 0.00000000100000000000 
0.99999999799999994554 0.00000000099999999998 0.00000000099999999998 
0.27137564080092874130 0.72862435819907112045 0.00000000099999999999 
0.68674962345918300066 0.31243455922058349650 0.00081581732023339410 
0.96933005847199926741 0.03057568557977486529 0.00009425594822581102 
0.00000000099999999995 0.99999999799999994554 0.00000000099999999995 
0.96367320723359073398 0.03632679176640925961 0.00000000100000000000 
0.95764279617537906297 0.00000000100000000000 0.04235720282462097919 
0.97178787594382565196 0.02821212305617437979 0.00000000099999999999 
0.99121703656070869748 0.00000000291945520739 0.00878296051983601042 
0.99820607149831763749 0.00000000099999999999 0.00179392750168247991 
0.99999999799999994554 0.00000000099999999998 0.00000000099999999998 
0.99999371582464746666 0.00000080126090040464 0.00000548291445206983 
0.88961445020583995724 0.00000008938265038266 0.11038546041150973376 
