0.00000000099999999994 0.00000000099999999994 0.00000000099999999994 0.00000000099999999994 0.99999999399999994765 0.00000000099999999994 0.00000000099999999994 
0.00000000099999999996 0.99999999400000016969 0.00000000099999999996 0.00000000099999999996 0.00000000099999999996 0.00000000099999999996 0.00000000099999999996 
0.00000000099999999995 0.00000000099999999995 0.00000000099999999995 0.70944599761265381144 0.00000000099999999995 0.00000000099999999995 0.29055399738734610793 
0.00000000099999999998 0.83539789889026605518 0.00000000099999999998 0.00000000099999999998 0.00000000099999999998 0.00000000099999999998 0.16460209610973414174 
0.00000000099999999986 0.00000000099999999986 0.00000000099999999986 0.00000000099999999986 0.00000000099999999986 0.00000000099999999986 0.99999999400000005867 
0.00000000099999999991 0.00000000099999999991 0.00000000099999999991 0.00000000099999999991 0.99999999399999994765 0.00000000099999999991 0.00000000099999999991 
0.00000000099999999987 0.00000000099999999987 0.00000000099999999987 0.00000000099999999987 0.99999999399999994765 0.00000000099999999987 0.00000000099999999987 
0.00000000099999999988 0.00000000099999999988 0.00000000099999999988 0.00000000099999999988 0.00000000099999999988 0.99999999400000005867 0.00000000099999999988 
0.00000000099999999997 0.00000000099999999997 0.00000000099999999997 0.42347587564994770837 0.00000000099999999997 0.57652411935005232202 0.00000000099999999997 
0.00000000099999999993 0.00000000099999999993 0.00000000099999999993 0.00000000099999999993 0.00000000099999999993 0.99999999400000005867 0.00000000099999999993 
0.00000000099999999988 0.00000000099999999988 0.00000000099999999988 0.99999999399999994765 0.00000000099999999988 0.00000000099999999988 0.00000000099999999988 
0.00000000099999999997 0.00000000099999999997 0.00000000099999999997 0.60912922242419564878 0.00000000099999999997 0.39087077257580432610 0.00000000099999999997 
0.01378604255813035973 0.00052131136500142643 0.07483672484372468070 0.61136196236497797329 0.00000103237341008343 0.00022124404109365257 0.29927168245366170263 
0.00000000099999999994 0.99999999400000005867 0.00000000099999999994 0.00000000099999999994 0.00000000099999999994 0.00000000099999999994 0.00000000099999999994 
0.00000000099999999997 0.87398112970966879143 0.00000000099999999997 0.00000000099999999997 0.00000000099999999997 0.00000000099999999997 0.12601886529033129447 
0.00000000099999999982 0.99999999400000005867 0.00000000099999999982 0.00000000099999999982 0.00000000099999999982 0.00000000099999999982 0.00000000099999999982 
0.00000000099999999994 0.00000000099999999994 0.00000000099999999994 0.00000000099999999994 0.99999999400000005867 0.00000000099999999994 0.00000000099999999994 
0.00000000099999999990 0.00000000099999999990 0.00000000099999999990 0.00000000099999999990 0.00000000099999999990 0.99999999399999994765 0.00000000099999999990 
0.00000000099999999989 0.99999999400000005867 0.00000000099999999989 0.00000000099999999989 0.00000000099999999989 0.00000000099999999989 0.00000000099999999989 
0.00000000099999999954 0.00000000099999999954 0.99999999400000005867 0.00000000099999999954 0.00000000099999999954 0.00000000099999999954 0.00000000099999999954 
0.00000000099999999984 0.99999999400000016969 0.00000000099999999984 0.00000000099999999984 0.00000000099999999984 0.00000000099999999984 0.00000000099999999984 
0.99999999400000005867 0.00000000099999999988 0.00000000099999999988 0.00000000099999999988 0.00000000099999999988 0.00000000099999999988 0.00000000099999999988 
0.12113346208862528497 0.05784675794164422652 0.03300515799976932313 0.33567452418957033355 0.00000453636314193890 0.30936965388809400945 0.14296590752915505629 
0.00000000099999999991 0.00000000099999999991 0.00000000099999999991 0.99999999400000005867 0.00000000099999999991 0.00000000099999999991 0.00000000099999999991 
0.99999999400000016969 0.00000000099999999983 0.00000000099999999983 0.00000000099999999983 0.00000000099999999983 0.00000000099999999983 0.00000000099999999983 
0.00000000099999999999 0.00000000099999999999 0.04929346355556750436 0.29654988026345618923 0.00000000099999999999 0.35800670056898031834 0.29614995261199589249 
0.00000000099999999997 0.00000000099999999997 0.00000000099999999997 0.26788789499165582830 0.00000000099999999997 0.40295542166708547827 0.32915667934125858451 
0.49267920767010009442 0.00000000099999999997 0.00000000099999999997 0.00000000099999999997 0.00000000099999999997 0.50732078732989982495 0.00000000099999999997 
0.99999999400000016969 0.00000000099999999984 0.00000000099999999984 0.00000000099999999984 0.00000000099999999984 0.00000000099999999984 0.00000000099999999984 
0.99999999400000016969 0.00000000099999999986 0.00000000099999999986 0.00000000099999999986 0.00000000099999999986 0.00000000099999999986 0.00000000099999999986 
0.99999999400000005867 0.00000000099999999984 0.00000000099999999984 0.00000000099999999984 0.00000000099999999984 0.00000000099999999984 0.00000000099999999984 
0.99999999400000016969 0.00000000099999999988 0.00000000099999999988 0.00000000099999999988 0.00000000099999999988 0.00000000099999999988 0.00000000099999999988 
0.00000000099999999981 0.00000000099999999981 0.00000000099999999981 0.00000000099999999981 0.00000000099999999981 0.00000000099999999981 0.99999999399999994765 
0.00000000099999999995 0.00000000099999999995 0.00000000099999999995 0.39891295716668939697 0.00000000099999999995 0.60108703783331052239 0.00000000099999999995 
0.00000000099999999993 0.00000000099999999993 0.00000000099999999993 0.00000000099999999993 0.00000000099999999993 0.99999999399999994765 0.00000000099999999993 
0.00000000099999999986 0.00000000099999999986 0.00000000099999999986 0.00000000099999999986 0.00000000099999999986 0.00000000099999999986 0.99999999400000005867 
0.00000000099999999997 0.00000000099999999997 0.00000000099999999997 0.31706777085086707002 0.00000000099999999997 0.34847677536661225695 0.33445544978252073065 
0.00000000099999999992 0.00000000099999999992 0.00000000099999999992 0.00000000099999999992 0.00000000099999999992 0.99999999399999994765 0.00000000099999999992 
0.00929363345500450362 0.00000000099999999998 0.02891083717033017184 0.52744109021154983452 0.00735488605778667707 0.42699955110532877844 0.00000000099999999998 
0.00000000099999999991 0.00000000099999999991 0.00000000099999999991 0.00000000099999999991 0.99999999399999994765 0.00000000099999999991 0.00000000099999999991 
0.00000000099999999987 0.00000000099999999987 0.00000000099999999987 0.00000000099999999987 0.99999999400000005867 0.00000000099999999987 0.00000000099999999987 
0.00000000099999999978 0.99999999400000005867 0.00000000099999999978 0.00000000099999999978 0.00000000099999999978 0.00000000099999999978 0.00000000099999999978 
0.00000000099999999994 0.99999999400000005867 0.00000000099999999994 0.00000000099999999994 0.00000000099999999994 0.00000000099999999994 0.00000000099999999994 
0.00000000099999999967 0.99999999400000016969 0.00000000099999999967 0.00000000099999999967 0.00000000099999999967 0.00000000099999999967 0.00000000099999999967 
0.00000000099999999986 0.99999999400000005867 0.00000000099999999986 0.00000000099999999986 0.00000000099999999986 0.00000000099999999986 0.00000000099999999986 
0.00000000099999999968 0.99999999400000005867 0.00000000099999999968 0.00000000099999999968 0.00000000099999999968 0.00000000099999999968 0.00000000099999999968 
0.00000000099999999974 0.99999999400000005867 0.00000000099999999974 0.00000000099999999974 0.00000000099999999974 0.00000000099999999974 0.00000000099999999974 
0.00000000099999999997 0.00000000099999999997 0.00000000099999999997 0.00000000099999999997 0.94153292480218686578 0.05846707019781297032 0.00000000099999999997 
0.99999999400000005867 0.00000000099999999976 0.00000000099999999976 0.00000000099999999976 0.00000000099999999976 0.00000000099999999976 0.00000000099999999976 
0.00000000099999999988 0.00000000099999999988 0.00000000099999999988 0.99999999399999994765 0.00000000099999999988 0.00000000099999999988 0.00000000099999999988 
0.00000000099999999993 0.00000000099999999993 0.00000000099999999993 0.39175925763207236630 0.00000000099999999993 0.60824073736792749756 0.00000000099999999993 
0.99999999400000016969 0.00000000099999999981 0.00000000099999999981 0.00000000099999999981 0.00000000099999999981 0.00000000099999999981 0.00000000099999999981 
0.01340889269458870291 0.00000000099999999996 0.00000000099999999996 0.33992066260441222703 0.00000000099999999996 0.33914834382129988022 0.30752209787969925214 
0.00000000099999999988 0.00000000099999999988 0.00000000099999999988 0.99999999400000005867 0.00000000099999999988 0.00000000099999999988 0.00000000099999999988 
0.00000000099999999987 0.00000000099999999987 0.00000000099999999987 0.00000000099999999987 0.99999999399999994765 0.00000000099999999987 0.00000000099999999987 
0.04378618934181540551 0.01273012401879242486 0.04594124869665330846 0.25807209861447399923 0.00000000100000000000 0.47744910374131727115 0.16202123458694764335 
0.08191906006288596220 0.01939037013615548671 0.00000000100000000000 0.39012889901829450601 0.04995659519715463237 0.22357966184624261663 0.23502541273926683130 
0.00000000099999999987 0.99999999400000016969 0.00000000099999999987 0.00000000099999999987 0.00000000099999999987 0.00000000099999999987 0.00000000099999999987 
0.00000000099999999995 0.00000000099999999995 0.05089705878691959395 0.00000000099999999995 0.94910293621308039480 0.00000000099999999995 0.00000000099999999995 
0.00000000099999999983 0.99999999400000005867 0.00000000099999999983 0.00000000099999999983 0.00000000099999999983 0.00000000099999999983 0.00000000099999999983 
0.00000000099999999952 0.00000000099999999952 0.99999999400000005867 0.00000000099999999952 0.00000000099999999952 0.00000000099999999952 0.00000000099999999952 
0.00000000099999999984 0.99999999400000005867 0.00000000099999999984 0.00000000099999999984 0.00000000099999999984 0.00000000099999999984 0.00000000099999999984 
0.00000000099999999986 0.00000000099999999986 0.00000000099999999986 0.00000000099999999986 0.99999999399999994765 0.00000000099999999986 0.00000000099999999986 
0.00000000099999999986 0.00000000099999999986 0.00000000099999999986 0.00000000099999999986 0.00000000099999999986 0.00000000099999999986 0.99999999399999994765 
0.00000000099999999993 0.00000000099999999993 0.00000000099999999993 0.00000000099999999993 0.99999999399999994765 0.00000000099999999993 0.00000000099999999993 
0.00000000099999999980 0.00000000099999999980 0.00000000099999999980 0.00000000099999999980 0.00000000099999999980 0.00000000099999999980 0.99999999399999994765 
0.13109019413719338876 0.00000000099999999998 0.08483375421335918876 0.00000000099999999998 0.78407604764944738296 0.00000000099999999998 0.00000000099999999998 
0.00000000099999999986 0.00000000099999999986 0.00000000099999999986 0.00000000099999999986 0.99999999399999994765 0.00000000099999999986 0.00000000099999999986 
0.00000000099999999988 0.00000000099999999988 0.00000000099999999988 0.00000000099999999988 0.99999999400000005867 0.00000000099999999988 0.00000000099999999988 
0.00000000099999999992 0.00000000099999999992 0.00000000099999999992 0.99999999400000005867 0.00000000099999999992 0.00000000099999999992 0.00000000099999999992 
0.00000000099999999989 0.00000000099999999989 0.00000000099999999989 0.00000000099999999989 0.99999999399999994765 0.00000000099999999989 0.00000000099999999989 
0.00000000099999999989 0.00000000099999999989 0.00000000099999999989 0.00000000099999999989 0.99999999399999994765 0.00000000099999999989 0.00000000099999999989 
0.09204800655009172383 0.00000000100000000000 0.07997800941042035316 0.00000000100000000000 0.06316095621201886501 0.59775022612812089839 0.16706279969934809126 
0.00000000099999999999 0.00000000099999999999 0.04157618373464775502 0.00000000099999999999 0.02281898589489296872 0.57482845878850230559 0.36077636858195694103 
0.05987481580595228198 0.00937355311829090980 0.03941429431824537699 0.21783045490928906740 0.00000000100000000000 0.48980903649234630581 0.18369784435587613314 
0.00000000099999999999 0.12412680016568819474 0.01489369240881649979 0.18833505381129958534 0.00000000099999999999 0.57471255649265440280 0.09793189512154132359 
0.00000009230596502149 0.51492807820495745119 0.01393070278967847159 0.13458648054767852198 0.06256689453771330234 0.15480341160002619727 0.11918434001398107991 
0.00000000099999999990 0.00000000099999999990 0.00000000099999999990 0.99999999400000005867 0.00000000099999999990 0.00000000099999999990 0.00000000099999999990 
0.00000000099999999998 0.00000000099999999998 0.01203083557997572384 0.38800573768167917477 0.00014380516285665348 0.59981961857548837802 0.00000000099999999998 
0.06701167826982276643 0.00000000099999999999 0.15448598708850991290 0.00000000099999999999 0.77850233064166740604 0.00000000099999999999 0.00000000099999999999 
0.00000000099999999994 0.00000000099999999994 0.00000000099999999994 0.99999999399999994765 0.00000000099999999994 0.00000000099999999994 0.00000000099999999994 
0.00000000099999999993 0.00000000099999999993 0.00000000099999999993 0.00000000099999999993 0.00000000099999999993 0.99999999399999994765 0.00000000099999999993 
0.00000000099999999998 0.05163519662072452859 0.00000000099999999998 0.33491253803568882264 0.00000000099999999998 0.61345226134358654679 0.00000000099999999998 
0.00000000099999999999 0.00000000099999999999 0.00010874327868015079 0.00000000099999999999 0.99989125172131987362 0.00000000099999999999 0.00000000099999999999 
0.00000000099999999993 0.00000000099999999993 0.00000000099999999993 0.00000000099999999993 0.00000000099999999993 0.47640647440788874700 0.52359352059211128338 
0.00842497622256016543 0.00000000099999999996 0.00000000099999999996 0.00000000099999999996 0.73032229804492521108 0.26125272173251451457 0.00000000099999999996 
0.05018260614267002623 0.00000000100000000000 0.17988839098352596424 0.00021502405508198438 0.19701654509630414647 0.52860116919861455109 0.04409626352380345560 
0.32196925382675767313 0.00000000100000000000 0.05766779226931741803 0.22246036791594253623 0.00000012650388709260 0.39790245748409514004 0.00000000100000000000 
0.00000000099999999988 0.00000000099999999988 0.00000000099999999988 0.00000000099999999988 0.99999999399999994765 0.00000000099999999988 0.00000000099999999988 
0.13207274736774402002 0.00000000100000000000 0.00000097545552703038 0.48385834163922986084 0.00003662478032323497 0.26035806787271376095 0.12367324188446204847 
0.00000000099999999997 0.00000000099999999997 0.00000000099999999997 0.00000000099999999997 0.00000000099999999997 0.00000000099999999997 0.99999999400000005867 
0.14611359871339191230 0.00000000099999999999 0.06512329391023290170 0.20264895987288478185 0.00000000099999999999 0.24453898383037359077 0.34157516167311696709 
0.00000000099999999997 0.00000000099999999997 0.00000000099999999997 0.00000000099999999997 0.00000000099999999997 0.54430278925763930786 0.45569720574236083355 
0.00000000099999999987 0.00000000099999999987 0.00000000099999999987 0.99999999399999994765 0.00000000099999999987 0.00000000099999999987 0.00000000099999999987 
0.00000000099999999990 0.00000000099999999990 0.00000000099999999990 0.00000000099999999990 0.00000000099999999990 0.99999999399999994765 0.00000000099999999990 
0.00000000099999999995 0.00000000099999999995 0.00000000099999999995 0.00000000099999999995 0.00000000099999999995 0.99999999400000005867 0.00000000099999999995 
0.00000000653619158879 0.09316154538241840088 0.00023169634395483105 0.00000000099999999999 0.00000000099999999999 0.90660674873743518631 0.00000000099999999999 
