0.00000000099999999997 0.00000000099999999997 0.99999999800000005656 
0.00000000099999999999 0.99999999800000005656 0.00000000099999999999 
0.99999995977983879847 0.00000000099999999999 0.00000003922016120138 
0.13146087178863433143 0.86825248356792417148 0.00028664464344142619 
0.99388978561604901518 0.00000000183889834062 0.00611021254505259709 
0.00000000099999999996 0.00000000099999999996 0.99999999800000005656 
0.00000000099999999995 0.00000000099999999995 0.99999999800000005656 
0.99999999800000005656 0.00000000099999999998 0.00000000099999999998 
0.99999999335867506556 0.00000000564132479693 0.00000000099999999999 
0.99999999799999994554 0.00000000099999999998 0.00000000099999999998 
0.99999999424100793899 0.00000000099999999999 0.00000000475899216475 
0.99999999800000005656 0.00000000099999999999 0.00000000099999999999 
0.93190746029113513682 0.01049166646296792113 0.05760087324589693858 
0.00000000099999999998 0.99999999800000005656 0.00000000099999999998 
0.09924010088012630293 0.90074092977961750517 0.00001896934025608966 
0.00000000099999999994 0.99999999799999994554 0.00000000099999999994 
0.00000000099999999998 0.00000000099999999998 0.99999999799999994554 
0.96553344791583251006 0.03446655108416746272 0.00000000099999999999 
0.00000000099999999996 0.99999999799999994554 0.00000000099999999996 
0.59655856910651061664 0.00000000099999999999 0.40344142989348941164 
0.00000000099999999994 0.99999999800000005656 0.00000000099999999994 
0.85495809193173988305 0.00000000099999999999 0.14504190706826020074 
0.89603102353018559967 0.06441519509319777737 0.03955378137661666460 
0.99998653586622421319 0.00001346313377566656 0.00000000099999999999 
0.82909313000435824748 0.00000000099999999999 0.17090686899564183632 
0.97275525066856860512 0.00572313700240401936 0.02152161232902746399 
0.99999999199606126599 0.00000000700393873350 0.00000000099999999999 
0.89586272987402604251 0.02044661435334710689 0.08369065577262689570 
0.83480647571380151017 0.00003742877064064731 0.16515609551555782142 
0.79611967018195295420 0.01282320069746550363 0.19105712912058164799 
0.80084511443399808428 0.00000000099999999999 0.19915488456600188849 
0.82409764542149932520 0.00000000100000000000 0.17590235357850061981 
0.95785634770005589900 0.04214365129994408071 0.00000000099999999999 
0.98756237178689287859 0.00000000099999999999 0.01243762721310710806 
0.97530783734266346396 0.00016092163740215719 0.02453124101993447992 
0.90654337250455541142 0.03200573996755674833 0.06145088752788796516 
0.99999999799999994554 0.00000000099999999999 0.00000000099999999999 
0.99972105278398049055 0.00000000100000000000 0.00027894621601949073 
0.97183833400711727712 0.00000000099999999999 0.02816166499288269218 
0.00000000099999999996 0.00000000099999999996 0.99999999799999994554 
0.00000000099999999995 0.00000000099999999995 0.99999999800000005656 
0.00000000099999999993 0.99999999799999994554 0.00000000099999999993 
0.00000000099999999998 0.99999999799999994554 0.00000000099999999998 
0.00000000099999999989 0.99999999799999994554 0.00000000099999999989 
0.00000000099999999995 0.99999999799999994554 0.00000000099999999995 
0.00000000099999999990 0.99999999800000005656 0.00000000099999999990 
0.00000000099999999991 0.99999999800000005656 0.00000000099999999991 
0.03553770164502681461 0.00000000099999999999 0.96446229735497313040 
0.79514549590866812068 0.00000000099999999998 0.20485450309133179658 
0.99999999799999994554 0.00000000099999999998 0.00000000099999999998 
0.99999999800000005656 0.00000000099999999997 0.00000000099999999997 
0.80083576888973084795 0.00000000099999999999 0.19916423011026923584 
0.99999999800000005656 0.00000000099999999998 0.00000000099999999998 
0.99999999567117858756 0.00000000332882128543 0.00000000099999999999 
0.00000000099999999995 0.00000000099999999995 0.99999999799999994554 
0.96780647393793539646 0.01686107662512835101 0.01533244943693628549 
0.91262970496737250148 0.02403450042817652579 0.06333579460445079579 
0.00000000099999999995 0.99999999799999994554 0.00000000099999999995 
0.00000000099999999998 0.00000000099999999998 0.99999999800000005656 
0.00000000099999999994 0.99999999799999994554 0.00000000099999999994 
0.49787417854469295797 0.00000000099999999999 0.50212582045530695929 
0.00000000099999999995 0.99999999799999994554 0.00000000099999999995 
0.00000000099999999994 0.00000000099999999994 0.99999999799999994554 
0.99998873324450421318 0.00001038455435313955 0.00000088220114269385 
0.00000000099999999997 0.00000000099999999997 0.99999999800000005656 
0.99999999800000005656 0.00000000099999999998 0.00000000099999999998 
0.11425180256506001220 0.00000000099999999999 0.88574819643493996058 
0.00000000099999999994 0.00000000099999999994 0.99999999800000005656 
0.00000000099999999995 0.00000000099999999995 0.99999999799999994554 
0.99955209879390094496 0.00000000099999999999 0.00044790020609910376 
0.00000000099999999995 0.00000000099999999995 0.99999999800000005656 
0.00000000099999999995 0.00000000099999999995 0.99999999799999994554 
0.87038620365535912526 0.01533629495619896234 0.11427750138844186556 
0.90571044447628112906 0.03268375526624280741 0.06160580025747614680 
0.96302252877852123625 0.03245706974377879361 0.00452040147769999876 
0.86576251135868076414 0.13423578621489251628 0.00000170242642673731 
0.41069494015091823069 0.52124921719469219372 0.06805584265438952007 
0.99999999800000005656 0.00000000099999999998 0.00000000099999999998 
0.97130409178170573625 0.00000000099999999999 0.02869590721829429550 
0.12895049663098795412 0.00842392836777842817 0.86262557500123371312 
0.99703493711548174527 0.00000000099999999999 0.00296506188451834893 
0.99999999799999994554 0.00000000099999999998 0.00000000099999999998 
0.93620852977202773104 0.06379146454644442354 0.00000000568152777677 
0.00025289793581670194 0.00000000100000000000 0.99974710106418329669 
0.99999999800000005656 0.00000000099999999998 0.00000000099999999998 
0.27136103385982951464 0.00000000099999999999 0.72863896514017056916 
0.68615761782720019468 0.00014049332253139907 0.31370188885026845105 
0.96833614490575403710 0.00020302674991914656 0.03146082834432679248 
0.00000000099999999995 0.00000000099999999995 0.99999999799999994554 
0.96343841693163900786 0.00000000100000000000 0.03656158206836103430 
0.95763137533045727956 0.04236457568060158357 0.00000404898894112882 
0.97174643434208851644 0.00000000099999999999 0.02825356465791148755 
0.99120731391802585630 0.00879268508197411300 0.00000000100000000000 
0.99816155857425725717 0.00183844042574265033 0.00000000099999999999 
0.99999999799999994554 0.00000000099999999998 0.00000000099999999998 
0.99996703721411639432 0.00001885118566084422 0.00001411160022286468 
0.88960968350451241626 0.11039025028589477539 0.00000006620959282443 
