0.99999999600000000211 0.00000000099999999996 0.00000000099999999996 0.00000000099999999996 0.00000000099999999996 
0.00000000099999999997 0.00000000099999999997 0.00000000099999999997 0.00000000099999999997 0.99999999599999989108 
0.00000000099999999994 0.00000000099999999994 0.00000000099999999994 0.99999999599999989108 0.00000000099999999994 
0.00000000100000000000 0.00000000100000000000 0.00000000100000000000 0.13416951453360184687 0.86583048246639804368 
0.00000000099999999996 0.00000000099999999996 0.00000000099999999996 0.99999999600000000211 0.00000000099999999996 
0.99999999600000000211 0.00000000099999999994 0.00000000099999999994 0.00000000099999999994 0.00000000099999999994 
0.99999999600000000211 0.00000000099999999991 0.00000000099999999991 0.00000000099999999991 0.00000000099999999991 
0.00000000099999999994 0.00000000099999999994 0.99999999599999989108 0.00000000099999999994 0.00000000099999999994 
0.00000000099999999998 0.00000000099999999998 0.73102356405536372819 0.26897643294463619013 0.00000000099999999998 
0.00000000099999999997 0.00158474100079996120 0.99841525599919989098 0.00000000099999999997 0.00000000099999999997 
0.00000000099999999998 0.01621918909339403053 0.40549010430980525488 0.57829070459680076421 0.00000000099999999998 
0.00000000099999999998 0.00000000099999999998 0.64548210236848313492 0.35451789463151667237 0.00000000099999999998 
0.05338308626355845604 0.00943440596587527720 0.43966910467647563054 0.48624702037479045069 0.01126638271930027052 
0.00000000099999999996 0.00000000099999999996 0.00000000099999999996 0.00000000099999999996 0.99999999599999989108 
0.00000000099999999999 0.00000000478677494913 0.00000000099999999999 0.11084170282729136070 0.88915829038593374722 
0.00000000099999999988 0.00000000099999999988 0.00000000099999999988 0.00000000099999999988 0.99999999599999989108 
0.99999999600000011313 0.00000000099999999996 0.00000000099999999996 0.00000000099999999996 0.00000000099999999996 
0.00000000099999999999 0.01774592575461283669 0.65084825726766104559 0.30963844317772115655 0.02176737280000497557 
0.00000000099999999993 0.00000000099999999993 0.00000000099999999993 0.00000000099999999993 0.99999999600000000211 
0.39058449540440143277 0.00000000099999999996 0.60941550159559854105 0.00000000099999999996 0.00000000099999999996 
0.00000000099999999989 0.00000000099999999989 0.00000000099999999989 0.00000000099999999989 0.99999999599999989108 
0.00000000099999999992 0.99999999600000000211 0.00000000099999999992 0.00000000099999999992 0.00000000099999999992 
0.02074619613499344151 0.11940099512602694865 0.47354121120944075995 0.32894953662886250445 0.05736206090067642871 
0.00000000099999999999 0.02960131535313359832 0.32558948906679968660 0.64480919358006660858 0.00000000099999999999 
0.00000000099999999988 0.99999999600000011313 0.00000000099999999988 0.00000000099999999988 0.00000000099999999988 
0.00825777735332306091 0.00000000100000000000 0.39090658386887405795 0.60083563677780271739 0.00000000100000000000 
0.00000000099999999993 0.00000000099999999993 0.00000000099999999993 0.99999999599999989108 0.00000000099999999993 
0.00000000099999999999 0.50371937252326548506 0.49628062447673448876 0.00000000099999999999 0.00000000099999999999 
0.00000000099999999990 0.99999999600000011313 0.00000000099999999990 0.00000000099999999990 0.00000000099999999990 
0.00000000099999999991 0.99999999600000000211 0.00000000099999999991 0.00000000099999999991 0.00000000099999999991 
0.00000000099999999989 0.99999999600000000211 0.00000000099999999989 0.00000000099999999989 0.00000000099999999989 
0.00000000099999999991 0.99999999600000000211 0.00000000099999999991 0.00000000099999999991 0.00000000099999999991 
0.00000000099999999998 0.00000000099999999998 0.39513231793681224957 0.57309086677441611890 0.03177681328877155625 
0.00000000099999999994 0.00000000099999999994 0.99999999600000000211 0.00000000099999999994 0.00000000099999999994 
0.00892761649281299287 0.00000000099999999999 0.57022744540912850830 0.42084493609805839753 0.00000000099999999999 
0.00000000099999999997 0.00000000099999999997 0.00000000099999999997 0.99999999600000000211 0.00000000099999999997 
0.00000000099999999998 0.00000000099999999998 0.37773387127007096442 0.62226612572992912042 0.00000000099999999998 
0.00000000099999999999 0.00955594264397094037 0.47117625684300568079 0.51926779851302329316 0.00000000099999999999 
0.00000000099999999997 0.00000000099999999997 0.99999999600000000211 0.00000000099999999997 0.00000000099999999997 
0.99999999600000011313 0.00000000099999999994 0.00000000099999999994 0.00000000099999999994 0.00000000099999999994 
0.99999999600000011313 0.00000000099999999992 0.00000000099999999992 0.00000000099999999992 0.00000000099999999992 
0.00000000099999999986 0.00000000099999999986 0.00000000099999999986 0.00000000099999999986 0.99999999599999989108 
0.00000000099999999996 0.00000000099999999996 0.00000000099999999996 0.00000000099999999996 0.99999999600000000211 
0.00000000099999999978 0.00000000099999999978 0.00000000099999999978 0.00000000099999999978 0.99999999600000000211 
0.00000000099999999991 0.00000000099999999991 0.00000000099999999991 0.00000000099999999991 0.99999999600000000211 
0.00000000099999999980 0.00000000099999999980 0.00000000099999999980 0.00000000099999999980 0.99999999600000000211 
0.00000000099999999983 0.00000000099999999983 0.00000000099999999983 0.00000000099999999983 0.99999999600000000211 
0.95317392043324411510 0.00000000099999999998 0.00000130816070676058 0.04682476940604916871 0.00000000099999999998 
0.00000000099999999983 0.99999999600000011313 0.00000000099999999983 0.00000000099999999983 0.00000000099999999983 
0.00000000099999999992 0.00000000099999999992 0.00000000099999999992 0.99999999599999989108 0.00000000099999999992 
0.00000000099999999996 0.00000000099999999996 0.67171184785738813350 0.32828814914261172930 0.00000000099999999996 
0.00000000099999999987 0.99999999600000000211 0.00000000099999999987 0.00000000099999999987 0.00000000099999999987 
0.00000000099999999992 0.00000000099999999992 0.00000000099999999992 0.99999999599999989108 0.00000000099999999992 
0.00000000099999999998 0.00000000099999999998 0.52988116886277303319 0.47011882813722688512 0.00000000099999999998 
0.99999999600000000211 0.00000000099999999992 0.00000000099999999992 0.00000000099999999992 0.00000000099999999992 
0.00076920248415933759 0.04507051401056137718 0.42897450089400868123 0.51204222428936163602 0.01314355832190904246 
0.04921535581127205183 0.07821645202885409154 0.41262701683594710245 0.43500996231191940700 0.02493121301200747902 
0.00000000099999999991 0.00000000099999999991 0.00000000099999999991 0.00000000099999999991 0.99999999600000000211 
0.99999999600000011313 0.00000000099999999996 0.00000000099999999996 0.00000000099999999996 0.00000000099999999996 
0.00000000099999999988 0.00000000099999999988 0.00000000099999999988 0.00000000099999999988 0.99999999599999989108 
0.47814706938612239195 0.00000000099999999995 0.52185292761387747085 0.00000000099999999995 0.00000000099999999995 
0.00000000099999999990 0.00000000099999999990 0.00000000099999999990 0.00000000099999999990 0.99999999599999989108 
0.99999999600000000211 0.00000000099999999989 0.00000000099999999989 0.00000000099999999989 0.00000000099999999989 
0.00000000099999999999 0.00000000099999999999 0.41314578048231204166 0.58685421651768798768 0.00000000099999999999 
0.99999999600000000211 0.00000000099999999995 0.00000000099999999995 0.00000000099999999995 0.00000000099999999995 
0.00000000099999999992 0.00000000099999999992 0.00000000099999999992 0.99999999600000000211 0.00000000099999999992 
0.84626109916755942741 0.15373889783244060192 0.00000000099999999998 0.00000000099999999998 0.00000000099999999998 
0.99999999600000011313 0.00000000099999999991 0.00000000099999999991 0.00000000099999999991 0.00000000099999999991 
0.99999999600000011313 0.00000000099999999992 0.00000000099999999992 0.00000000099999999992 0.00000000099999999992 
0.00000000099999999998 0.00000004504957660117 0.39121232028304114836 0.60878763266738211701 0.00000000099999999998 
0.99999999600000000211 0.00000000099999999992 0.00000000099999999992 0.00000000099999999992 0.00000000099999999992 
0.99999999600000011313 0.00000000099999999992 0.00000000099999999992 0.00000000099999999992 0.00000000099999999992 
0.10030868778725453294 0.09521763609086926483 0.57610428079453634975 0.21387346524987352336 0.01449593007746619380 
0.05239236505038642050 0.00081568508595412708 0.65626381741100769940 0.27162497099240234810 0.01890316146024948948 
0.00000000100000000000 0.04344206728904551756 0.95650042731940221330 0.00005743732228107784 0.00000006706927122346 
0.00000000100000000000 0.00000000100000000000 0.50044808300246490518 0.37550830865961415395 0.12404360633792090030 
0.06563567446210159806 0.00077247659856087157 0.32336489279693281240 0.09077010792023293417 0.51945684822217186305 
0.00000000099999999993 0.00000000099999999993 0.99999999600000000211 0.00000000099999999993 0.00000000099999999993 
0.00000000099999999996 0.00000000099999999996 0.99999999599999989108 0.00000000099999999996 0.00000000099999999996 
0.83506473028020467009 0.06535752372542931454 0.09437871279198184471 0.00000000100000000000 0.00519903220238420501 
0.00000000099999999998 0.08051577307291674090 0.91948422392708328843 0.00000000099999999998 0.00000000099999999998 
0.00000000099999999998 0.02693704454548301319 0.64624338139207360143 0.32681957206244316438 0.00000000099999999998 
0.00000000099999999998 0.00000000099999999998 0.96956742716773469670 0.00000000099999999998 0.03043256983226525977 
0.99999907128332110595 0.00000000099999999999 0.00000000099999999999 0.00000092571667887895 0.00000000099999999999 
0.00000000099999999991 0.00000000099999999991 0.00000000099999999991 0.99999999600000000211 0.00000000099999999991 
0.70945745459069975425 0.02273133391203903744 0.26781120949726128222 0.00000000099999999997 0.00000000099999999997 
0.30587177146439015196 0.06444717497916527260 0.40658909128732356741 0.22309190104948090072 0.00000006121964012976 
0.01138824715874828600 0.32245082231780392013 0.50731786954621216346 0.15884299774378940473 0.00000006323344629929 
0.99999999600000011313 0.00000000099999999992 0.00000000099999999992 0.00000000099999999992 0.00000000099999999992 
0.00071476324620165736 0.12005786373598496819 0.56707944176382063528 0.31214793025399262261 0.00000000100000000000 
0.00000000100000000000 0.00000921410702329513 0.55176539147555458964 0.41883561378578149093 0.02938977963164059529 
0.00001205146163779840 0.15450208479189697641 0.31072504683641233303 0.53476081591005275584 0.00000000099999999999 
0.00000000099999999996 0.00000000099999999996 0.99999999599999989108 0.00000000099999999996 0.00000000099999999996 
0.00000000099999999997 0.00000000099999999997 0.40955757852505303429 0.59044241847494693953 0.00000000099999999997 
0.00000000099999999996 0.00000000099999999996 0.99999999600000000211 0.00000000099999999996 0.00000000099999999996 
0.00000000099999999997 0.00000000099999999997 0.99999999600000000211 0.00000000099999999997 0.00000000099999999997 
0.00000000099999999999 0.02669949772110419978 0.87548689298369442024 0.00000000099999999999 0.09781360729520136021 
