0.00000000099999999982 0.00000000099999999982 0.00000000099999999982 0.99999999200000011523 0.00000000099999999982 0.00000000099999999982 0.00000000099999999982 0.00000000099999999982 0.00000000099999999982 
0.00000000099999999993 0.02145382186308702338 0.00000000099999999993 0.00000000099999999993 0.00000000099999999993 0.97854617113691300112 0.00000000099999999993 0.00000000099999999993 0.00000000099999999993 
0.00000000099999999983 0.00000000099999999983 0.00000000099999999983 0.00000000099999999983 0.00000000099999999983 0.00000000099999999983 0.00000000099999999983 0.99999999199999989319 0.00000000099999999983 
0.13140842235004759897 0.00000000099999999998 0.00000000099999999998 0.00000000099999999998 0.00000000099999999998 0.86594515268932670260 0.00000000099999999998 0.00264641896062574235 0.00000000099999999998 
0.43476465629965921345 0.00000000099999999997 0.00000000099999999997 0.00000000099999999997 0.01341793917795550475 0.00000000099999999997 0.00000000099999999997 0.10500775077728831397 0.44680964874509671025 
0.00000000099999999978 0.00000000099999999978 0.00000000099999999978 0.99999999200000011523 0.00000000099999999978 0.00000000099999999978 0.00000000099999999978 0.00000000099999999978 0.00000000099999999978 
0.00000000099999999975 0.00000000099999999975 0.00000000099999999975 0.99999999200000011523 0.00000000099999999975 0.00000000099999999975 0.00000000099999999975 0.00000000099999999975 0.00000000099999999975 
0.00000000099999999985 0.00000000099999999985 0.00000000099999999985 0.00000000099999999985 0.00000000099999999985 0.00000000099999999985 0.00000000099999999985 0.00000000099999999985 0.99999999200000000421 
0.00000000099999999990 0.00000000099999999990 0.00000000099999999990 0.00000000099999999990 0.00000000099999999990 0.00000000099999999990 0.00000000099999999990 0.00000000099999999990 0.99999999199999989319 
0.99999999200000011523 0.00000000099999999986 0.00000000099999999986 0.00000000099999999986 0.00000000099999999986 0.00000000099999999986 0.00000000099999999986 0.00000000099999999986 0.00000000099999999986 
0.99999999200000022626 0.00000000099999999979 0.00000000099999999979 0.00000000099999999979 0.00000000099999999979 0.00000000099999999979 0.00000000099999999979 0.00000000099999999979 0.00000000099999999979 
0.00000000099999999991 0.00000000099999999991 0.00000000099999999991 0.00000000099999999991 0.00000000099999999991 0.00000000099999999991 0.00000000099999999991 0.00000000099999999991 0.99999999199999989319 
0.24962357835410317608 0.00000020783852668731 0.04924426617126616973 0.02493499730842262466 0.00340154279849455825 0.00000016206128580043 0.00000000100000000000 0.18799108732484717810 0.48480415714305385988 
0.00000000099999999992 0.00000000099999999992 0.00000000099999999992 0.00000000099999999992 0.00000000099999999992 0.99999999200000000421 0.00000000099999999992 0.00000000099999999992 0.00000000099999999992 
0.11688172283970209298 0.00000000099999999997 0.00000000099999999997 0.00000000099999999997 0.00000000099999999997 0.88311827016029798010 0.00000000099999999997 0.00000000099999999997 0.00000000099999999997 
0.00000000099999999977 0.00000000099999999977 0.00000000099999999977 0.00000000099999999977 0.00000000099999999977 0.99999999200000011523 0.00000000099999999977 0.00000000099999999977 0.00000000099999999977 
0.00000000099999999994 0.00000000099999999994 0.00000000099999999994 0.48058179815249379985 0.00000000099999999994 0.00000000099999999994 0.51941819484750617608 0.00000000099999999994 0.00000000099999999994 
0.00000000099999999989 0.00000000099999999989 0.00000000099999999989 0.00000000099999999989 0.00000000099999999989 0.00000000099999999989 0.00000000099999999989 0.00000000099999999989 0.99999999199999989319 
0.00000000099999999986 0.00000000099999999986 0.00000000099999999986 0.00000000099999999986 0.00000000099999999986 0.99999999200000011523 0.00000000099999999986 0.00000000099999999986 0.00000000099999999986 
0.00000000099999999950 0.00000000099999999950 0.99999999200000000421 0.00000000099999999950 0.00000000099999999950 0.00000000099999999950 0.00000000099999999950 0.00000000099999999950 0.00000000099999999950 
0.00000000099999999979 0.00000000099999999979 0.00000000099999999979 0.00000000099999999979 0.00000000099999999979 0.99999999200000000421 0.00000000099999999979 0.00000000099999999979 0.00000000099999999979 
0.00000000099999999985 0.00000000099999999985 0.00000000099999999985 0.00000000099999999985 0.99999999200000011523 0.00000000099999999985 0.00000000099999999985 0.00000000099999999985 0.00000000099999999985 
0.16138544754240738421 0.15832251344933417903 0.05928583946677073307 0.00000089058369281140 0.11512133167204893769 0.05699454838185297884 0.00016097680020127529 0.13321831674469311602 0.31551013535899857798 
0.00000000099999999981 0.99999999200000011523 0.00000000099999999981 0.00000000099999999981 0.00000000099999999981 0.00000000099999999981 0.00000000099999999981 0.00000000099999999981 0.00000000099999999981 
0.00000000099999999978 0.00000000099999999978 0.00000000099999999978 0.00000000099999999978 0.99999999200000000421 0.00000000099999999978 0.00000000099999999978 0.00000000099999999978 0.00000000099999999978 
0.99999999200000022626 0.00000000099999999982 0.00000000099999999982 0.00000000099999999982 0.00000000099999999982 0.00000000099999999982 0.00000000099999999982 0.00000000099999999982 0.00000000099999999982 
0.00000000099999999977 0.99999999200000011523 0.00000000099999999977 0.00000000099999999977 0.00000000099999999977 0.00000000099999999977 0.00000000099999999977 0.00000000099999999977 0.00000000099999999977 
0.51995923395629362052 0.00000000099999999994 0.00000000099999999994 0.00000000099999999994 0.48004075904370663297 0.00000000099999999994 0.00000000099999999994 0.00000000099999999994 0.00000000099999999994 
0.00000000099999999980 0.00000000099999999980 0.00000000099999999980 0.00000000099999999980 0.99999999200000000421 0.00000000099999999980 0.00000000099999999980 0.00000000099999999980 0.00000000099999999980 
0.00000000099999999982 0.00000000099999999982 0.00000000099999999982 0.00000000099999999982 0.99999999200000000421 0.00000000099999999982 0.00000000099999999982 0.00000000099999999982 0.00000000099999999982 
0.00000000099999999980 0.00000000099999999980 0.00000000099999999980 0.00000000099999999980 0.99999999200000011523 0.00000000099999999980 0.00000000099999999980 0.00000000099999999980 0.00000000099999999980 
0.00000000099999999984 0.00000000099999999984 0.00000000099999999984 0.00000000099999999984 0.99999999200000011523 0.00000000099999999984 0.00000000099999999984 0.00000000099999999984 0.00000000099999999984 
0.00000000099999999976 0.00000000099999999976 0.00000000099999999976 0.00000000099999999976 0.00000000099999999976 0.00000000099999999976 0.00000000099999999976 0.99999999199999989319 0.00000000099999999976 
0.00000000099999999994 0.25422559410903261545 0.00000000099999999994 0.00000000099999999994 0.00000000099999999994 0.00000000099999999994 0.00000000099999999994 0.00000000099999999994 0.74577439889096719394 
0.00000000099999999990 0.00000000099999999990 0.00000000099999999990 0.00000000099999999990 0.00000000099999999990 0.00000000099999999990 0.00000000099999999990 0.00000000099999999990 0.99999999200000000421 
0.00000000099999999982 0.00000000099999999982 0.00000000099999999982 0.00000000099999999982 0.00000000099999999982 0.00000000099999999982 0.00000000099999999982 0.99999999199999989319 0.00000000099999999982 
0.00000000099999999996 0.19034686360300259733 0.00000000099999999996 0.00000000099999999996 0.00000000099999999996 0.00000000099999999996 0.00000000099999999996 0.34572820634719947375 0.46392492404979784881 
0.00000000099999999996 0.00000000099999999996 0.00000000099999999996 0.00000000099999999996 0.00000000099999999996 0.00000000099999999996 0.00000000099999999996 0.47568579088611367967 0.52431420211388635177 
0.00000000099999999997 0.00000000099999999997 0.06896580753631580130 0.00000000099999999997 0.00000000099999999997 0.00000000099999999997 0.00000000099999999997 0.32945425178259840626 0.60157993468108572621 
0.00000000099999999969 0.00000000099999999969 0.00000000099999999969 0.00000000099999999969 0.00000000099999999969 0.00000000099999999969 0.99999999199999989319 0.00000000099999999969 0.00000000099999999969 
0.00000000099999999965 0.00000000099999999965 0.00000000099999999965 0.00000000099999999965 0.00000000099999999965 0.00000000099999999965 0.99999999199999989319 0.00000000099999999965 0.00000000099999999965 
0.00000000099999999972 0.00000000099999999972 0.00000000099999999972 0.00000000099999999972 0.00000000099999999972 0.99999999200000000421 0.00000000099999999972 0.00000000099999999972 0.00000000099999999972 
0.00000000099999999992 0.00000000099999999992 0.00000000099999999992 0.00000000099999999992 0.00000000099999999992 0.99999999200000000421 0.00000000099999999992 0.00000000099999999992 0.00000000099999999992 
0.00000000099999999957 0.00000000099999999957 0.00000000099999999957 0.00000000099999999957 0.00000000099999999957 0.99999999200000011523 0.00000000099999999957 0.00000000099999999957 0.00000000099999999957 
0.00000000099999999981 0.00000000099999999981 0.00000000099999999981 0.00000000099999999981 0.00000000099999999981 0.99999999200000000421 0.00000000099999999981 0.00000000099999999981 0.00000000099999999981 
0.00000000099999999959 0.00000000099999999959 0.00000000099999999959 0.00000000099999999959 0.00000000099999999959 0.99999999200000011523 0.00000000099999999959 0.00000000099999999959 0.00000000099999999959 
0.00000000099999999967 0.00000000099999999967 0.00000000099999999967 0.00000000099999999967 0.00000000099999999967 0.99999999200000000421 0.00000000099999999967 0.00000000099999999967 0.00000000099999999967 
0.00000000099999999988 0.00000000099999999988 0.00000000099999999988 0.99999999200000000421 0.00000000099999999988 0.00000000099999999988 0.00000000099999999988 0.00000000099999999988 0.00000000099999999988 
0.00000000099999999968 0.00000000099999999968 0.00000000099999999968 0.00000000099999999968 0.99999999200000000421 0.00000000099999999968 0.00000000099999999968 0.00000000099999999968 0.00000000099999999968 
0.00000000099999999986 0.00000000099999999986 0.00000000099999999986 0.00000000099999999986 0.00000000099999999986 0.00000000099999999986 0.00000000099999999986 0.00000000099999999986 0.99999999200000000421 
0.00000000099999999989 0.26199899467270815201 0.00000000099999999989 0.00000000099999999989 0.00000000099999999989 0.00000000099999999989 0.00000000099999999989 0.00000000099999999989 0.73800099832729171290 
0.00000000099999999976 0.00000000099999999976 0.00000000099999999976 0.00000000099999999976 0.99999999200000000421 0.00000000099999999976 0.00000000099999999976 0.00000000099999999976 0.00000000099999999976 
0.00000000099999999973 0.99999999200000011523 0.00000000099999999973 0.00000000099999999973 0.00000000099999999973 0.00000000099999999973 0.00000000099999999973 0.00000000099999999973 0.00000000099999999973 
0.00000000099999999976 0.99999999200000022626 0.00000000099999999976 0.00000000099999999976 0.00000000099999999976 0.00000000099999999976 0.00000000099999999976 0.00000000099999999976 0.00000000099999999976 
0.00000000099999999965 0.00000000099999999965 0.00000000099999999965 0.00000000099999999965 0.00000000099999999965 0.00000000099999999965 0.99999999199999989319 0.00000000099999999965 0.00000000099999999965 
0.15285086007564022137 0.31403866705426736194 0.05152081100037265299 0.00000000099999999999 0.03798873695128926475 0.00827869628014486943 0.00000000099999999999 0.00788545482002558050 0.42743677181826011946 
0.00000000099999999987 0.00000000099999999987 0.00000000099999999987 0.00000000099999999987 0.00000000099999999987 0.00000000099999999987 0.00000000099999999987 0.99999999200000000421 0.00000000099999999987 
0.00000000099999999982 0.00000000099999999982 0.00000000099999999982 0.00000000099999999982 0.00000000099999999982 0.99999999200000011523 0.00000000099999999982 0.00000000099999999982 0.00000000099999999982 
0.00000000099999999978 0.00000000099999999978 0.00000000099999999978 0.00000000099999999978 0.00000000099999999978 0.00000000099999999978 0.99999999199999989319 0.00000000099999999978 0.00000000099999999978 
0.00000000099999999977 0.00000000099999999977 0.00000000099999999977 0.00000000099999999977 0.00000000099999999977 0.99999999200000000421 0.00000000099999999977 0.00000000099999999977 0.00000000099999999977 
0.00000000099999999951 0.00000000099999999951 0.99999999200000011523 0.00000000099999999951 0.00000000099999999951 0.00000000099999999951 0.00000000099999999951 0.00000000099999999951 0.00000000099999999951 
0.00000000099999999979 0.00000000099999999979 0.00000000099999999979 0.00000000099999999979 0.00000000099999999979 0.99999999200000011523 0.00000000099999999979 0.00000000099999999979 0.00000000099999999979 
0.00000000099999999973 0.00000000099999999973 0.00000000099999999973 0.99999999200000000421 0.00000000099999999973 0.00000000099999999973 0.00000000099999999973 0.00000000099999999973 0.00000000099999999973 
0.99999999200000022626 0.00000000099999999983 0.00000000099999999983 0.00000000099999999983 0.00000000099999999983 0.00000000099999999983 0.00000000099999999983 0.00000000099999999983 0.00000000099999999983 
0.00000000099999999991 0.00000000099999999991 0.00000000099999999991 0.71781110376240464532 0.00000000099999999991 0.00000000099999999991 0.28218888923759533061 0.00000000099999999991 0.00000000099999999991 
0.00000000099999999993 0.00000000099999999993 0.00000000099999999993 0.00000000099999999993 0.00000000099999999993 0.00000000099999999993 0.00000000099999999993 0.42335957617733310787 0.57664041682266675704 
0.00000000099999999997 0.00000000099999999997 0.09095515689331054587 0.60554495233350580374 0.11989638707659845684 0.00000000099999999997 0.18360349869658521005 0.00000000099999999997 0.00000000099999999997 
0.00000000099999999984 0.00000000099999999984 0.00000000099999999984 0.67817105328265092634 0.00000000099999999984 0.00000000099999999984 0.32182893971734904959 0.00000000099999999984 0.00000000099999999984 
0.00000000099999999976 0.00000000099999999976 0.00000000099999999976 0.99999999200000011523 0.00000000099999999976 0.00000000099999999976 0.00000000099999999976 0.00000000099999999976 0.00000000099999999976 
0.00000000099999999995 0.25229288845471214975 0.00000000099999999995 0.00000000099999999995 0.00000000099999999995 0.00000000099999999995 0.00000000099999999995 0.00000000099999999995 0.74770710454528777067 
0.00000000099999999986 0.00000000099999999986 0.00000000099999999986 0.46810424312844811645 0.00000000099999999986 0.00000000099999999986 0.53189574987155185948 0.00000000099999999986 0.00000000099999999986 
0.00000000099999999972 0.00000000099999999972 0.00000000099999999972 0.00000000099999999972 0.00000000099999999972 0.00000000099999999972 0.99999999200000000421 0.00000000099999999972 0.00000000099999999972 
0.24281227714279030039 0.00000000100000000000 0.08139253510381977419 0.06381685444162844834 0.08689977060137737963 0.00458416992004505829 0.00000000100000000000 0.17419373305869942370 0.34630065773163964948 
0.00000000099999999989 0.00000000099999999989 0.00000000099999999989 0.00000000099999999989 0.00000000099999999989 0.00000000099999999989 0.00000000099999999989 0.99999999199999989319 0.00000000099999999989 
0.25713704681521842854 0.02882036084086162658 0.06145503913173036570 0.00000000099999999999 0.05296412852332271770 0.00000000099999999999 0.00000000099999999999 0.00000000628912823701 0.59962341539973862403 
0.37332067428614645888 0.00000001492004507085 0.00000000099999999998 0.00000000099999999998 0.00000000099999999998 0.12878331149290458968 0.00000000099999999998 0.00000000099999999998 0.49789599430090403231 
0.00000000257627005725 0.10564809870171792960 0.00000000099999999999 0.08435579166860737721 0.00000000099999999999 0.51296544940024413339 0.00000000099999999999 0.29703065365316050350 0.00000000099999999999 
0.00000000099999999990 0.00000000099999999990 0.00000000099999999990 0.00000000099999999990 0.00000000099999999990 0.00000000099999999990 0.00000000099999999990 0.00000000099999999990 0.99999999199999989319 
0.47155868717045096306 0.24865988604242542093 0.00000000099999999996 0.00000000099999999996 0.00000000099999999996 0.00000000099999999996 0.00000000099999999996 0.27978142078712381347 0.00000000099999999996 
0.00000000099999999997 0.00000000099999999997 0.14284311545564032375 0.85715687754435976320 0.00000000099999999997 0.00000000099999999997 0.00000000099999999997 0.00000000099999999997 0.00000000099999999997 
0.00000034107661467826 0.00000000099999999995 0.00000000099999999995 0.00000000099999999995 0.00000001575929151091 0.00000000099999999995 0.00000000099999999995 0.00000000099999999995 0.99999963716409390191 
0.99999999200000022626 0.00000000099999999985 0.00000000099999999985 0.00000000099999999985 0.00000000099999999985 0.00000000099999999985 0.00000000099999999985 0.00000000099999999985 0.00000000099999999985 
0.16380332147438872448 0.00000000099999999997 0.00000000099999999997 0.00000000099999999997 0.00000000099999999997 0.03678325242654539168 0.00000000099999999997 0.00000136582375636484 0.79941205527530945218 
0.00000000099999999999 0.00000000099999999999 0.00000000099999999999 0.64262087655637523120 0.00000000099999999999 0.00000000099999999999 0.35737218688128907784 0.00000693056233568614 0.00000000099999999999 
0.00000000099999999969 0.99999999200000022626 0.00000000099999999969 0.00000000099999999969 0.00000000099999999969 0.00000000099999999969 0.00000000099999999969 0.00000000099999999969 0.00000000099999999969 
0.00000000099999999995 0.00000000099999999995 0.00000000099999999995 0.51649563272924092772 0.00000000099999999995 0.00000000099999999995 0.20091468901159523219 0.00000000099999999995 0.28258967225916387100 
0.32383556539377250649 0.00304486576779101166 0.07117901761511140346 0.20236054469157835345 0.03140088556654789531 0.00000000100000000000 0.00291539417060335390 0.31106825987652747534 0.05419546591806797403 
0.00000009421234418182 0.27000659870917892436 0.00000267629200686929 0.00213473171879261349 0.27422729714607779750 0.00000000100000000000 0.00000000100000000000 0.00000000100000000000 0.45362859892159967945 
0.00000000099999999978 0.00000000099999999978 0.00000000099999999978 0.99999999200000011523 0.00000000099999999978 0.00000000099999999978 0.00000000099999999978 0.00000000099999999978 0.00000000099999999978 
0.19248879543433897177 0.11577220506121367605 0.00000000099999999999 0.00000001787118400523 0.10716726471340919102 0.00000000099999999999 0.00000000099999999999 0.00000000099999999999 0.58457171291985399186 
0.99999999200000022626 0.00000000099999999996 0.00000000099999999996 0.00000000099999999996 0.00000000099999999996 0.00000000099999999996 0.00000000099999999996 0.00000000099999999996 0.00000000099999999996 
0.99999999200000022626 0.00000000099999999994 0.00000000099999999994 0.00000000099999999994 0.00000000099999999994 0.00000000099999999994 0.00000000099999999994 0.00000000099999999994 0.00000000099999999994 
0.00000000099999999980 0.00000000099999999980 0.99999999200000000421 0.00000000099999999980 0.00000000099999999980 0.00000000099999999980 0.00000000099999999980 0.00000000099999999980 0.00000000099999999980 
0.00000000099999999978 0.00000000099999999978 0.00000000099999999978 0.00000000099999999978 0.00000000099999999978 0.00000000099999999978 0.00000000099999999978 0.99999999199999989319 0.00000000099999999978 
0.30762078218226318604 0.00000083680161344131 0.00000000099999999996 0.00000000099999999996 0.00000000099999999996 0.00000000099999999996 0.00000000099999999996 0.26331737735031818248 0.42906099866580510449 
0.99999999200000011523 0.00000000099999999991 0.00000000099999999991 0.00000000099999999991 0.00000000099999999991 0.00000000099999999991 0.00000000099999999991 0.00000000099999999991 0.00000000099999999991 
0.00000000099999999995 0.00000000099999999995 0.00000000099999999995 0.00000000099999999995 0.00000000099999999995 0.00000000099999999995 0.00000000099999999995 0.99999999200000000421 0.00000000099999999995 
