0.00000000099999999987 0.00000000099999999987 0.00000000099999999987 0.99999999399999994765 0.00000000099999999987 0.00000000099999999987 0.00000000099999999987 
0.00000000099999999995 0.00000000099999999995 0.00000000099999999995 0.00000000099999999995 0.00000000099999999995 0.00000000099999999995 0.99999999400000005867 
0.00000000099999999989 0.00000000099999999989 0.00000000099999999989 0.00000000099999999989 0.00000000099999999989 0.99999999399999994765 0.00000000099999999989 
0.00000000099999999999 0.00000000099999999999 0.13808442399554299307 0.00004707604657884171 0.00000007157739436009 0.00000000099999999999 0.86186842538048380469 
0.00000000099999999997 0.00000000228298475871 0.99999999271701522918 0.00000000099999999997 0.00000000099999999997 0.00000000099999999997 0.00000000099999999997 
0.00000000099999999985 0.00000000099999999985 0.00000000099999999985 0.99999999400000005867 0.00000000099999999985 0.00000000099999999985 0.00000000099999999985 
0.00000000099999999984 0.00000000099999999984 0.00000000099999999984 0.99999999399999994765 0.00000000099999999984 0.00000000099999999984 0.00000000099999999984 
0.00000000099999999989 0.00000000099999999989 0.99999999399999994765 0.00000000099999999989 0.00000000099999999989 0.00000000099999999989 0.00000000099999999989 
0.00000000099999999997 0.00000000099999999997 0.63174384016761298000 0.00000000099999999997 0.00000000099999999997 0.36825615483238699488 0.00000000099999999997 
0.00000000099999999995 0.00000000099999999995 0.99999999400000005867 0.00000000099999999995 0.00000000099999999995 0.00000000099999999995 0.00000000099999999995 
0.00000000099999999986 0.00000000099999999986 0.00000000099999999986 0.00000000099999999986 0.00000000099999999986 0.99999999400000005867 0.00000000099999999986 
0.00000000099999999997 0.00000000099999999997 0.63062159517269567033 0.00000000099999999997 0.00000000099999999997 0.36937839982730436006 0.00000000099999999997 
0.00000000099999999999 0.00000004929042874977 0.00000000099999999999 0.00000000099999999999 0.00001162087558045928 0.99998832583399066554 0.00000000099999999999 
0.00000000099999999994 0.00000000099999999994 0.00000000099999999994 0.00000000099999999994 0.00000000099999999994 0.00000000099999999994 0.99999999400000005867 
0.00000061393955995947 0.00987334713308052510 0.00000000099999999999 0.00000000099999999999 0.00000000099999999999 0.09892048633553549020 0.89120554959182418653 
0.00000000099999999981 0.00000000099999999981 0.00000000099999999981 0.00000000099999999981 0.00000000099999999981 0.00000000099999999981 0.99999999399999994765 
0.00000000099999999990 0.00000000099999999990 0.00000000099999999990 0.99999999400000005867 0.00000000099999999990 0.00000000099999999990 0.00000000099999999990 
0.00000000099999999993 0.00000000099999999993 0.99999999400000005867 0.00000000099999999993 0.00000000099999999993 0.00000000099999999993 0.00000000099999999993 
0.00000000099999999988 0.00000000099999999988 0.00000000099999999988 0.00000000099999999988 0.00000000099999999988 0.00000000099999999988 0.99999999400000005867 
0.00000000099999999953 0.00000000099999999953 0.00000000099999999953 0.00000000099999999953 0.99999999400000005867 0.00000000099999999953 0.00000000099999999953 
0.00000000099999999983 0.00000000099999999983 0.00000000099999999983 0.00000000099999999983 0.00000000099999999983 0.00000000099999999983 0.99999999399999994765 
0.00000000099999999988 0.99999999400000005867 0.00000000099999999988 0.00000000099999999988 0.00000000099999999988 0.00000000099999999988 0.00000000099999999988 
0.01713408838517793339 0.11664391956930665606 0.44091629956615652208 0.00000002180709964662 0.02570129766150859932 0.33996271052319076977 0.05964166248755971983 
0.00000000099999999987 0.00000000099999999987 0.00000000099999999987 0.00000000099999999987 0.00000000099999999987 0.99999999400000005867 0.00000000099999999987 
0.00000000099999999982 0.99999999400000005867 0.00000000099999999982 0.00000000099999999982 0.00000000099999999982 0.00000000099999999982 0.00000000099999999982 
0.00000000100000000000 0.00000283961567454821 0.58911229521599361991 0.00000000100000000000 0.05047352534078575204 0.36041133682754605827 0.00000000100000000000 
0.00000000099999999996 0.00000000099999999996 0.67731359453951123228 0.00000000099999999996 0.00000000099999999996 0.32268640046048863157 0.00000000099999999996 
0.00000000099999999997 0.49081489659302657280 0.50918509840697356861 0.00000000099999999997 0.00000000099999999997 0.00000000099999999997 0.00000000099999999997 
0.00000000099999999983 0.99999999400000005867 0.00000000099999999983 0.00000000099999999983 0.00000000099999999983 0.00000000099999999983 0.00000000099999999983 
0.00000000099999999986 0.99999999400000016969 0.00000000099999999986 0.00000000099999999986 0.00000000099999999986 0.00000000099999999986 0.00000000099999999986 
0.00000000099999999984 0.99999999400000016969 0.00000000099999999984 0.00000000099999999984 0.00000000099999999984 0.00000000099999999984 0.00000000099999999984 
0.00000000099999999987 0.99999999400000016969 0.00000000099999999987 0.00000000099999999987 0.00000000099999999987 0.00000000099999999987 0.00000000099999999987 
0.00000000099999999996 0.00000000099999999996 0.55519148382422833787 0.00000000099999999996 0.00000000099999999996 0.40937290837411149935 0.03543560380166026896 
0.00000000099999999996 0.00000000099999999996 0.73045533864854528261 0.01248093524348753945 0.00000000099999999996 0.25706372210796701872 0.00000000099999999996 
0.01894745538325310480 0.00000000099999999999 0.47307401406184806936 0.00000000099999999999 0.00000000099999999999 0.50797852655489883489 0.00000000099999999999 
0.06108048429480504582 0.05535849212772300104 0.61962507699014857110 0.00000000099999999999 0.00000000099999999999 0.24844515117994742104 0.01549079340737589960 
0.00000000099999999994 0.00000000099999999994 0.99999999400000005867 0.00000000099999999994 0.00000000099999999994 0.00000000099999999994 0.00000000099999999994 
0.00000000099999999998 0.03250704995479560683 0.35786372958514467424 0.00000000099999999998 0.00000000099999999998 0.60962921646005951981 0.00000000099999999998 
0.01491468629081075734 0.01804856869799181460 0.40820940463576632640 0.00000013113937835321 0.01597964255338098910 0.54284756568267167331 0.00000000099999999999 
0.99999999400000016969 0.00000000099999999978 0.00000000099999999978 0.00000000099999999978 0.00000000099999999978 0.00000000099999999978 0.00000000099999999978 
0.00000000099999999981 0.00000000099999999981 0.00000000099999999981 0.99999999400000005867 0.00000000099999999981 0.00000000099999999981 0.00000000099999999981 
0.00000000099999999978 0.00000000099999999978 0.00000000099999999978 0.00000000099999999978 0.00000000099999999978 0.00000000099999999978 0.99999999399999994765 
0.00000000099999999994 0.00000000099999999994 0.00000000099999999994 0.00000000099999999994 0.00000000099999999994 0.00000000099999999994 0.99999999399999994765 
0.00000000099999999967 0.00000000099999999967 0.00000000099999999967 0.00000000099999999967 0.00000000099999999967 0.00000000099999999967 0.99999999399999994765 
0.00000000099999999985 0.00000000099999999985 0.00000000099999999985 0.00000000099999999985 0.00000000099999999985 0.00000000099999999985 0.99999999400000005867 
0.00000000099999999968 0.00000000099999999968 0.00000000099999999968 0.00000000099999999968 0.00000000099999999968 0.00000000099999999968 0.99999999400000005867 
0.00000000099999999973 0.00000000099999999973 0.00000000099999999973 0.00000000099999999973 0.00000000099999999973 0.00000000099999999973 0.99999999399999994765 
0.00000000099999999991 0.00000000099999999991 0.00000000099999999991 0.99999999399999994765 0.00000000099999999991 0.00000000099999999991 0.00000000099999999991 
0.00000000099999999975 0.99999999400000016969 0.00000000099999999975 0.00000000099999999975 0.00000000099999999975 0.00000000099999999975 0.00000000099999999975 
0.00000000099999999985 0.00000000099999999985 0.00000000099999999985 0.00000000099999999985 0.00000000099999999985 0.99999999399999994765 0.00000000099999999985 
0.00000000099999999994 0.00000000099999999994 0.65916012521326983187 0.00000000099999999994 0.00000000099999999994 0.34083986978673019852 0.00000000099999999994 
0.00000000099999999980 0.99999999400000016969 0.00000000099999999980 0.00000000099999999980 0.00000000099999999980 0.00000000099999999980 0.00000000099999999980 
0.00000000099999999990 0.00000000099999999990 0.99999999400000005867 0.00000000099999999990 0.00000000099999999990 0.00000000099999999990 0.00000000099999999990 
0.00000000099999999996 0.00000000099999999996 0.54069120503428724778 0.00000000099999999996 0.00000000099999999996 0.45930878996571261608 0.00000000099999999996 
0.57412838587701109372 0.00000000099999999989 0.00000000099999999989 0.42587160912298904769 0.00000000099999999989 0.00000000099999999989 0.00000000099999999989 
0.00000001144711576863 0.04895541504031274832 0.59769448745287612201 0.00000000099999999999 0.04438596121444751685 0.29651516265199129307 0.01244896119325633946 
0.04681605500455644775 0.08486946339834412767 0.41417896105481877278 0.00000245105116017751 0.00648595838332556313 0.42628159605761051232 0.02136551505018451438 
0.00000000099999999985 0.00000000099999999985 0.00000000099999999985 0.00000000099999999985 0.00000000099999999985 0.00000000099999999985 0.99999999400000005867 
0.99999999400000016969 0.00000000099999999985 0.00000000099999999985 0.00000000099999999985 0.00000000099999999985 0.00000000099999999985 0.00000000099999999985 
0.00000000099999999982 0.00000000099999999982 0.00000000099999999982 0.00000000099999999982 0.00000000099999999982 0.00000000099999999982 0.99999999400000005867 
0.00000000099999999953 0.00000000099999999953 0.00000000099999999953 0.00000000099999999953 0.99999999399999994765 0.00000000099999999953 0.00000000099999999953 
0.00000000099999999984 0.00000000099999999984 0.00000000099999999984 0.00000000099999999984 0.00000000099999999984 0.00000000099999999984 0.99999999399999994765 
0.99999999400000005867 0.00000000099999999977 0.00000000099999999977 0.00000000099999999977 0.00000000099999999977 0.00000000099999999977 0.00000000099999999977 
0.00000000099999999999 0.00000105723369798884 0.69309688819824921691 0.00000000099999999999 0.00000000099999999999 0.30690205056805269779 0.00000000099999999999 
0.99999999400000016969 0.00000000099999999989 0.00000000099999999989 0.00000000099999999989 0.00000000099999999989 0.00000000099999999989 0.00000000099999999989 
0.00000000099999999992 0.00000000099999999992 0.99999999400000005867 0.00000000099999999992 0.00000000099999999992 0.00000000099999999992 0.00000000099999999992 
0.58570576946602870283 0.13608829504022199042 0.00000000099999999998 0.19888983816317259978 0.07931609433057677794 0.00000000099999999998 0.00000000099999999998 
0.46354813345756529230 0.00000000099999999989 0.00000000099999999989 0.53645186154243462706 0.00000000099999999989 0.00000000099999999989 0.00000000099999999989 
0.99999999400000016969 0.00000000099999999979 0.00000000099999999979 0.00000000099999999979 0.00000000099999999979 0.00000000099999999979 0.00000000099999999979 
0.00000000099999999987 0.00000000099999999987 0.00000000099999999987 0.00000000099999999987 0.00000000099999999987 0.99999999399999994765 0.00000000099999999987 
0.00000000099999999983 0.00000000099999999983 0.00000000099999999983 0.99999999400000005867 0.00000000099999999983 0.00000000099999999983 0.00000000099999999983 
0.99999999400000005867 0.00000000099999999979 0.00000000099999999979 0.00000000099999999979 0.00000000099999999979 0.00000000099999999979 0.00000000099999999979 
0.00000000100000000000 0.09116070958789078416 0.52159160357448819401 0.07669699131977396334 0.06127648162506484086 0.23417695404344721077 0.01509725884933490504 
0.03961845357445516885 0.00000000099999999999 0.91397070593360241197 0.00000000099999999999 0.04638686865934819187 0.00000000099999999999 0.00002396883259428205 
0.00000000099999999999 0.05953047458325614466 0.71302421303765961547 0.00000000099999999999 0.03990507149205188564 0.17440538595840579528 0.01313485292862654613 
0.00000000099999999999 0.00000000099999999999 0.61513603199447219883 0.00000000099999999999 0.02512981736874888086 0.23685338484003989890 0.12288076279673895708 
0.00000000099999999999 0.00000000099999999999 0.31226854246940094484 0.10413937645383497532 0.00000239240654478991 0.07370913633367559559 0.50988055033654378079 
0.00000000099999999995 0.00000000099999999995 0.55615651313163882996 0.00000000099999999995 0.01770702521761521528 0.42613645765074592564 0.00000000099999999995 
0.00000000099999999997 0.00000000099999999997 0.96365474662131944683 0.00000000099999999997 0.03606291130010189777 0.00028233807857856730 0.00000000099999999997 
0.57263174441957953587 0.07619674067831511133 0.00000037829426641416 0.25517386931697549901 0.09599726529086340110 0.00000000100000000000 0.00000000100000000000 
0.00000000099999999998 0.06990737981331590634 0.52820210092693953285 0.01220344666210185398 0.00000000099999999998 0.38968706959764254361 0.00000000099999999998 
0.00000000099999999996 0.02598818991276010890 0.56086980876456438150 0.00000000099999999996 0.00000000099999999996 0.41314199732267559151 0.00000000099999999996 
0.00000000099999999998 0.00000000099999999998 0.68260223472643366538 0.00000000099999999998 0.00000000099999999998 0.26629476983193661743 0.05110299144162976787 
0.00000000099999999998 0.00000000099999999998 0.00000000099999999998 0.99999999400000005867 0.00000000099999999998 0.00000000099999999998 0.00000000099999999998 
0.00000000099999999994 0.00000000099999999994 0.35642059183296875835 0.00000000099999999994 0.00000000099999999994 0.64357940316703099448 0.00000000099999999994 
0.00000000099999999995 0.00000000099999999995 0.24265762546912550413 0.75734236953087441524 0.00000000099999999995 0.00000000099999999995 0.00000000099999999995 
0.13255031198112338098 0.12013908863664195248 0.39377743743894166872 0.06092690151133690890 0.19402645244180549700 0.09857980659836503012 0.00000000139178574095 
0.00000024383109477117 0.35617057706875476786 0.00048150155490089190 0.00000000588734515249 0.00046562729507635677 0.64288204336282794849 0.00000000100000000000 
0.00000000099999999982 0.00000000099999999982 0.00000000099999999982 0.99999999399999994765 0.00000000099999999982 0.00000000099999999982 0.00000000099999999982 
0.01763092725324087381 0.12204280895050272082 0.65371932741484861662 0.00000000099999999999 0.00001157038996099516 0.20659536399144687313 0.00000000099999999999 
0.00000000099999999998 0.00000000099999999998 0.00000000099999999998 0.00000000099999999998 0.00000014871120110921 0.99999984628879889925 0.00000000099999999998 
0.00000000099999999998 0.16021880217366474275 0.00000000099999999998 0.00000000099999999998 0.06856015692249904647 0.77122103690383614349 0.00000000099999999998 
0.00000000099999999994 0.00000000099999999994 0.99999999400000005867 0.00000000099999999994 0.00000000099999999994 0.00000000099999999994 0.00000000099999999994 
0.00000000099999999985 0.00000000099999999985 0.00000000099999999985 0.00000000099999999985 0.00000000099999999985 0.99999999399999994765 0.00000000099999999985 
0.00000000099999999996 0.00000000099999999996 0.67860968459904580374 0.00000000099999999996 0.00000000099999999996 0.32139031040095428216 0.00000000099999999996 
0.00000000099999999997 0.00000000099999999997 0.99999992080818700391 0.00000000099999999997 0.00000007419181297389 0.00000000099999999997 0.00000000099999999997 
0.00000000099999999999 0.02469132153247829975 0.62969037632675295413 0.00000000099999999999 0.03671493275136568368 0.20817296093222867337 0.10073040645717429298 
