0.99999999600000000211 0.00000000099999999995 0.00000000099999999995 0.00000000099999999995 0.00000000099999999995 
0.00000000099999999997 0.00000000099999999997 0.00000000099999999997 0.99999999600000000211 0.00000000099999999997 
0.00000000099999999998 0.99999999600000011313 0.00000000099999999998 0.00000000099999999998 0.00000000099999999998 
0.00000000100000000000 0.11668963806051597942 0.01352737542748807913 0.86978298300006795518 0.00000000251192792306 
0.00034219020496287011 0.91358250340320235061 0.00000000099999999999 0.00000000099999999999 0.08607530439183480597 
0.99999999600000000211 0.00000000099999999993 0.00000000099999999993 0.00000000099999999993 0.00000000099999999993 
0.99999999600000011313 0.00000000099999999992 0.00000000099999999992 0.00000000099999999992 0.00000000099999999992 
0.00000000099999999997 0.97006877432246274573 0.00000000099999999997 0.00000000099999999997 0.02993122267753726279 
0.00000000099999999998 0.99999999600000011313 0.00000000099999999998 0.00000000099999999998 0.00000000099999999998 
0.00000000099999999998 0.95440319290387376494 0.00000000482954929509 0.00000000099999999998 0.04559680026657689927 
0.00000000099999999998 0.95835282321452786025 0.00000000099999999998 0.00000000099999999998 0.04164717378547209969 
0.00000000099999999998 0.99999999600000000211 0.00000000099999999998 0.00000000099999999998 0.00000000099999999998 
0.01148195262691392889 0.86323554322596696142 0.06541530182474943056 0.02246802260623540631 0.03739917971613441333 
0.00000000099999999996 0.00000000099999999996 0.00000000099999999996 0.99999999599999989108 0.00000000099999999996 
0.00000000100000000000 0.05934824965151379306 0.00122726689728473704 0.90128956403188231761 0.03813491841931920812 
0.00000000099999999986 0.00000000099999999986 0.00000000099999999986 0.99999999600000000211 0.00000000099999999986 
0.99999999600000000211 0.00000000099999999996 0.00000000099999999996 0.00000000099999999996 0.00000000099999999996 
0.00000000099999999998 0.93999672227948505299 0.00000000099999999998 0.03163188453531223104 0.02837139118520270661 
0.00000000099999999992 0.00000000099999999992 0.00000000099999999992 0.99999999600000000211 0.00000000099999999992 
0.00000000099999999968 0.00000000099999999968 0.99999999600000000211 0.00000000099999999968 0.00000000099999999968 
0.00000000099999999988 0.00000000099999999988 0.00000000099999999988 0.99999999599999989108 0.00000000099999999988 
0.00000000099999999991 0.00000000099999999991 0.00000000099999999991 0.00000000099999999991 0.99999999599999989108 
0.00843766998580751208 0.77208998387344529579 0.02979479907943385561 0.06220697418161222347 0.12747057287970123274 
0.00000000099999999999 0.91622018860881782043 0.04000982563858924285 0.00000102757036138435 0.04376895718223159509 
0.00000000099999999987 0.00000000099999999987 0.00000000099999999987 0.00000000099999999987 0.99999999600000000211 
0.00000000100000000000 0.94741780760648064419 0.05166057902878524316 0.00000000100000000000 0.00092161136473421649 
0.00000000099999999997 0.99999999600000011313 0.00000000099999999997 0.00000000099999999997 0.00000000099999999997 
0.00000000099999999999 0.49802964862382148592 0.00000000099999999999 0.00001616535061639170 0.50195418402556202242 
0.00000000099999999988 0.00000000099999999988 0.00000000099999999988 0.00000000099999999988 0.99999999599999989108 
0.00000000099999999990 0.00000000099999999990 0.00000000099999999990 0.00000000099999999990 0.99999999599999989108 
0.00000000099999999989 0.00000000099999999989 0.00000000099999999989 0.00000000099999999989 0.99999999600000000211 
0.00000000099999999991 0.00000000099999999991 0.00000000099999999991 0.00000000099999999991 0.99999999600000000211 
0.00000000099999999997 0.96111567624455906955 0.00000000099999999997 0.03888432075544095978 0.00000000099999999997 
0.00612042964160684419 0.99387956735839322331 0.00000000099999999997 0.00000000099999999997 0.00000000099999999997 
0.02580935642899775950 0.97419064057100224208 0.00000000099999999999 0.00000000099999999999 0.00000000099999999999 
0.05116944657194141127 0.84131963593954917080 0.00000000100000000000 0.02875605086306307762 0.07875486562544618818 
0.00000000099999999998 0.99999999600000011313 0.00000000099999999998 0.00000000099999999998 0.00000000099999999998 
0.00000000099999999999 0.96959340827792261930 0.00000000099999999999 0.00000000099999999999 0.03040658872207748983 
0.02106373607897438910 0.93577014270897529435 0.02395155862358254104 0.00000000099999999999 0.01921456158846786624 
0.99999999600000011313 0.00000000099999999993 0.00000000099999999993 0.00000000099999999993 0.00000000099999999993 
0.99999999600000011313 0.00000000099999999991 0.00000000099999999991 0.00000000099999999991 0.00000000099999999991 
0.00000000099999999985 0.00000000099999999985 0.00000000099999999985 0.99999999599999989108 0.00000000099999999985 
0.00000000099999999996 0.00000000099999999996 0.00000000099999999996 0.99999999599999989108 0.00000000099999999996 
0.00000000099999999977 0.00000000099999999977 0.00000000099999999977 0.99999999599999989108 0.00000000099999999977 
0.00000000099999999990 0.00000000099999999990 0.00000000099999999990 0.99999999600000000211 0.00000000099999999990 
0.00000000099999999978 0.00000000099999999978 0.00000000099999999978 0.99999999600000000211 0.00000000099999999978 
0.00000000099999999982 0.00000000099999999982 0.00000000099999999982 0.99999999599999989108 0.00000000099999999982 
0.96086548523143855416 0.03913451176856137109 0.00000000099999999997 0.00000000099999999997 0.00000000099999999997 
0.00000000099999999983 0.00000000099999999983 0.00000000099999999983 0.00000000099999999983 0.99999999599999989108 
0.00000000099999999997 0.99999999600000011313 0.00000000099999999997 0.00000000099999999997 0.00000000099999999997 
0.00000000099999999996 0.99999999600000011313 0.00000000099999999996 0.00000000099999999996 0.00000000099999999996 
0.00000000099999999986 0.00000000099999999986 0.00000000099999999986 0.00000000099999999986 0.99999999600000000211 
0.00000000099999999996 0.97115751276292372474 0.00000000099999999996 0.00000000099999999996 0.02884248423707632195 
0.00000000099999999997 0.99999999600000011313 0.00000000099999999997 0.00000000099999999997 0.00000000099999999997 
0.99999999600000011313 0.00000000099999999991 0.00000000099999999991 0.00000000099999999991 0.00000000099999999991 
0.00000000100000000000 0.88965660528604062485 0.04540679734968469661 0.01485762186544973412 0.05007897449882504209 
0.05428911060855558940 0.83622081220340060970 0.00040826464357344430 0.02567724069734250367 0.08340457184712794791 
0.00000000099999999990 0.00000000099999999990 0.00000000099999999990 0.99999999600000000211 0.00000000099999999990 
0.95189596028996559252 0.00000000099999999997 0.04810403671003456172 0.00000000099999999997 0.00000000099999999997 
0.00000000099999999988 0.00000000099999999988 0.00000000099999999988 0.99999999600000000211 0.00000000099999999988 
0.00000000099999999967 0.00000000099999999967 0.99999999599999989108 0.00000000099999999967 0.00000000099999999967 
0.00000000099999999989 0.00000000099999999989 0.00000000099999999989 0.99999999599999989108 0.00000000099999999989 
0.99999999600000000211 0.00000000099999999990 0.00000000099999999990 0.00000000099999999990 0.00000000099999999990 
0.00000000099999999999 0.99734734318000928255 0.00000000997244321614 0.00000000099999999999 0.00265264484754747232 
0.99999999600000011313 0.00000000099999999995 0.00000000099999999995 0.00000000099999999995 0.00000000099999999995 
0.00000000099999999998 0.99269530331461908190 0.00000000099999999998 0.00000000099999999998 0.00730469368538106886 
0.78539338236418598793 0.00000000099999999998 0.08366226570429154130 0.00000000099999999998 0.13094434993152262448 
0.99999999600000000211 0.00000000099999999991 0.00000000099999999991 0.00000000099999999991 0.00000000099999999991 
0.99999999600000000211 0.00000000099999999991 0.00000000099999999991 0.00000000099999999991 0.00000000099999999991 
0.00525877373931168523 0.98803669084925693777 0.00000090336369386776 0.00000000099999999998 0.00670363104773753771 
0.99999999600000011313 0.00000000099999999992 0.00000000099999999992 0.00000000099999999992 0.00000000099999999992 
0.99999999600000000211 0.00000000099999999992 0.00000000099999999992 0.00000000099999999992 0.00000000099999999992 
0.07151703858018340632 0.74655403244228557558 0.06282983663822172549 0.01821795390271128620 0.10088113843659798907 
0.04948460542716092564 0.88843720853161245454 0.02342364283655621812 0.02748885396103696588 0.01116568924363344796 
0.00000000100000000000 0.86924012281232221344 0.03819294013089442885 0.02618474346941290082 0.06638219258737054762 
0.00000000100000000000 0.84746638526470519093 0.02597723029701655070 0.12655637602561420341 0.00000000741266399777 
0.06568445165802523633 0.40450207708815577590 0.01295828499365871828 0.51680620945156807711 0.00004897680859221262 
0.00000000099999999997 0.97118840265807304668 0.02881159434192703123 0.00000000099999999997 0.00000000099999999997 
0.01854393892957992285 0.95080562351228170570 0.03065043555813837250 0.00000000099999999999 0.00000000099999999999 
0.78153270488017534401 0.00000000100000000000 0.15265001176036188668 0.00000000100000000000 0.06581728135946277036 
0.00000139817020454149 0.91913318121575260378 0.00000000099999999999 0.00000000099999999999 0.08086541861404301923 
0.00000000099999999997 0.96675170774907248639 0.00000000099999999997 0.00000000099999999997 0.03324828925092760540 
0.00000000099999999999 0.94511253006929296649 0.00000000099999999999 0.05488746693070696570 0.00000000099999999999 
0.99761757910329929011 0.00000000099999999999 0.00238241789670087497 0.00000000099999999999 0.00000000099999999999 
0.00000000099999999998 0.99999999360382207936 0.00000000153524172325 0.00000000099999999998 0.00000000286093637475 
0.72370630028034665937 0.23638092408522462518 0.00000000099999999998 0.00000000099999999998 0.03991277363442877896 
0.19159131234736057059 0.51683860721984620223 0.17767992953795275213 0.00000000100000000000 0.11389014989484047558 
0.00001816580725936220 0.61649769733185577625 0.06661346644188291533 0.00000000365083611706 0.31687066676816599831 
0.99999999600000000211 0.00000000099999999992 0.00000000099999999992 0.00000000099999999992 0.00000000099999999992 
0.01270574249565837623 0.84164213436354906595 0.01703945174368765719 0.00000000100000000000 0.12861267039710502780 
0.00000000100000000000 0.92969357054332912860 0.03949072076468486403 0.03077446235053283088 0.00004124534145327213 
0.00000000099999999999 0.76225077638676330682 0.07798526463420575594 0.00000000099999999999 0.15976395697903095217 
0.00000000099999999999 0.98327025414135338366 0.00000000099999999999 0.00893739145909854329 0.00779235239954817038 
0.00000000099999999997 0.99999999600000011313 0.00000000099999999997 0.00000000099999999997 0.00000000099999999997 
0.00000000099999999997 0.99997377446649127197 0.00000000099999999997 0.00000000099999999997 0.00002622253350875326 
0.00000000099999999999 0.97119459425270415753 0.02880540274729586139 0.00000000099999999999 0.00000000099999999999 
0.00000000100000000000 0.82488649470710084799 0.04016931385835088852 0.10426505862820369119 0.03067913180634462139 
