0.00000000099999999996 0.00000000099999999996 0.99999999699999986280 0.00000000099999999996 
0.99999999699999997382 0.00000000099999999998 0.00000000099999999998 0.00000000099999999998 
0.00000000099999999998 0.00000000099999999998 0.00000000099999999998 0.99999999699999997382 
0.86960292193640575942 0.00002420769046710396 0.00000730843812222912 0.13036556193500481449 
0.00000000100000000000 0.08726515902490282472 0.00043548444247717814 0.91229935553261998216 
0.00000000099999999995 0.00000000099999999995 0.99999999699999986280 0.00000000099999999995 
0.00000000099999999993 0.00000000099999999993 0.99999999699999997382 0.00000000099999999993 
0.00000000099999999998 0.03407395481990004027 0.00000000099999999998 0.96592604318010000242 
0.00000000099999999999 0.00000013042784563503 0.00000000099999999999 0.99999986757215442168 
0.00000000099999999998 0.05015788787271627247 0.00000000099999999998 0.94984211012728381185 
0.00000000099999999998 0.03979792204551609730 0.00000000099999999998 0.96020207595448392457 
0.00000000099999999999 0.00006777821289086366 0.00000000099999999999 0.99993221978710911113 
0.02331667304098921853 0.02551356494604322192 0.06006892770701199175 0.89110083430595543597 
0.99999999700000008485 0.00000000099999999997 0.00000000099999999997 0.00000000099999999997 
0.90066663836826832412 0.03498552949089166197 0.00000000100000000000 0.06434783114084012545 
0.99999999699999997382 0.00000000099999999991 0.00000000099999999991 0.00000000099999999991 
0.00000000099999999997 0.00000000099999999997 0.99999999699999986280 0.00000000099999999997 
0.03152983020210923387 0.03027192041132161990 0.00000000099999999999 0.93819824838656917798 
0.99999999699999997382 0.00000000099999999995 0.00000000099999999995 0.00000000099999999995 
0.00000000099999999998 0.00000000099999999998 0.40690484520579839334 0.59309515279420155220 
0.99999999699999997382 0.00000000099999999992 0.00000000099999999992 0.00000000099999999992 
0.00000000099999999993 0.99999999699999997382 0.00000000099999999993 0.00000000099999999993 
0.06282202655995670904 0.12886675970374195099 0.02715931048360827049 0.78115190325269312499 
0.00000282044179215404 0.04613420421036513314 0.00000000099999999999 0.95386297434784272919 
0.00000000099999999991 0.99999999700000008485 0.00000000099999999991 0.00000000099999999991 
0.00029409526432854481 0.00247700783054501366 0.02361747565032453616 0.97361142125480193421 
0.00000000099999999998 0.00000000099999999998 0.00000000099999999998 0.99999999699999997382 
0.00057945609099763424 0.50309737055648717785 0.00000000099999999999 0.49632317235251527388 
0.00000000099999999992 0.99999999699999997382 0.00000000099999999992 0.00000000099999999992 
0.00000000099999999993 0.99999999700000008485 0.00000000099999999993 0.00000000099999999993 
0.00000000099999999991 0.99999999700000008485 0.00000000099999999991 0.00000000099999999991 
0.00000000099999999993 0.99999999699999997382 0.00000000099999999993 0.00000000099999999993 
0.04091986806602838922 0.00000222565321653355 0.00000000099999999999 0.95907790528075498315 
0.00000000099999999998 0.00000000099999999998 0.00274569275750962717 0.99725430524249047970 
0.00000000099999999999 0.00000000099999999999 0.02253083917909407333 0.97746915882090579242 
0.02852028428968102908 0.08044989243428073145 0.05049992740932968127 0.84052989586670845412 
0.00000000099999999999 0.00000208123678455413 0.00000000099999999999 0.99999791676321536649 
0.00000000100000000000 0.02737003491698451751 0.00000031113704586244 0.97262965294596970267 
0.00000000099999999999 0.02368140851028225496 0.02811801413649190479 0.94820057635322585465 
0.00000000099999999995 0.00000000099999999995 0.99999999699999986280 0.00000000099999999995 
0.00000000099999999993 0.00000000099999999993 0.99999999699999986280 0.00000000099999999993 
0.99999999700000008485 0.00000000099999999990 0.00000000099999999990 0.00000000099999999990 
0.99999999700000008485 0.00000000099999999997 0.00000000099999999997 0.00000000099999999997 
0.99999999699999997382 0.00000000099999999983 0.00000000099999999983 0.00000000099999999983 
0.99999999700000008485 0.00000000099999999993 0.00000000099999999993 0.00000000099999999993 
0.99999999699999997382 0.00000000099999999985 0.00000000099999999985 0.00000000099999999985 
0.99999999700000008485 0.00000000099999999987 0.00000000099999999987 0.00000000099999999987 
0.00000000099999999998 0.00000000099999999998 0.95822763331269977805 0.04177236468730013974 
0.00000000099999999987 0.99999999699999997382 0.00000000099999999987 0.00000000099999999987 
0.00000000099999999997 0.00000000099999999997 0.00000000099999999997 0.99999999700000008485 
0.00000000099999999996 0.00000000099999999996 0.00000000099999999996 0.99999999699999997382 
0.00000000099999999989 0.99999999700000008485 0.00000000099999999989 0.00000000099999999989 
0.00000000099999999998 0.04065516435256575495 0.00000000099999999998 0.95934483364743416978 
0.00000000099999999998 0.00000039542377661461 0.00000000099999999998 0.99999960257622333426 
0.00000000099999999993 0.00000000099999999993 0.99999999699999986280 0.00000000099999999993 
0.01663100078591286946 0.05371954636215658246 0.01258383012165450315 0.91706562273027614207 
0.02696909004104777741 0.08372010678248265059 0.05168838570762085416 0.83762241746884880111 
0.99999999699999997382 0.00000000099999999993 0.00000000099999999993 0.00000000099999999993 
0.00000000099999999997 0.00000000099999999997 0.99999999699999997382 0.00000000099999999997 
0.99999999700000008485 0.00000000099999999991 0.00000000099999999991 0.00000000099999999991 
0.00000000099999999999 0.00000165367450560168 0.50632614392028885142 0.49367220140520545746 
0.99999999699999997382 0.00000000099999999992 0.00000000099999999992 0.00000000099999999992 
0.00000000099999999991 0.00000000099999999991 0.99999999699999997382 0.00000000099999999991 
0.00000000099999999999 0.00950421526712899069 0.00000000099999999999 0.99049578273287097741 
0.00000000099999999995 0.00000000099999999995 0.99999999699999997382 0.00000000099999999995 
0.00000000099999999998 0.00870570975243568738 0.00000000099999999998 0.99129428824756427030 
0.00000000099999999999 0.15127119694168983388 0.84872880105831005615 0.00000000099999999999 
0.00000000099999999993 0.00000000099999999993 0.99999999699999997382 0.00000000099999999993 
0.00000000099999999994 0.00000000099999999994 0.99999999699999986280 0.00000000099999999994 
0.00000000099999999998 0.01370859734082245651 0.00034456196352724097 0.98594683969565022341 
0.00000000099999999994 0.00000000099999999994 0.99999999699999997382 0.00000000099999999994 
0.00000000099999999994 0.00000000099999999994 0.99999999699999986280 0.00000000099999999994 
0.01699203267995214386 0.09923027507350833110 0.10127109030378628196 0.78250660194275312165 
0.02726735712371727849 0.01813637606193594515 0.05893615405017484793 0.89566011276417190068 
0.02843051727254372607 0.07449484940190501114 0.00012934915199271362 0.89694528417355845473 
0.12781766749279671602 0.00096651510064894538 0.00000007988797491482 0.87121573751857939172 
0.51692671749078689114 0.00083456417062032179 0.07016443959605248026 0.41207427874254037858 
0.00000000099999999997 0.00000000099999999997 0.00000000099999999997 0.99999999700000008485 
0.00000000099999999999 0.00000024676932505480 0.02910217761941225750 0.97089757461126269256 
0.00986401751451500448 0.07974622739857273324 0.84772240425873512937 0.06266735082817712077 
0.00000000099999999999 0.08193212508126279658 0.00000453131329675569 0.91806334260544042447 
0.00000000099999999998 0.03923165842555602356 0.00000000099999999998 0.96076833957444396361 
0.05482111183067443771 0.00000000099999999999 0.00000000099999999999 0.94517888616932543844 
0.00000000099999999999 0.00000000099999999999 0.99999870917990019148 0.00000128882009976826 
0.00000000099999999998 0.00153451123596487493 0.00000000099999999998 0.99846548676403501510 
0.00000000099999999999 0.04811801789105614457 0.71998550300289754222 0.23189647810604618883 
0.00005728207805378683 0.08984300905988419628 0.30324893402302377510 0.60685077483903826501 
0.00002600617282819101 0.31582697069069826101 0.00937738104230626500 0.67476964209416723239 
0.00000000099999999994 0.00000000099999999994 0.99999999699999986280 0.00000000099999999994 
0.00000000100000000000 0.13332593827068234260 0.01060232017162892303 0.85607174055768864296 
0.03177529252567144052 0.00435103302181730125 0.00000000180175604975 0.96387367265075518663 
0.00000000099999999999 0.16532011034489949020 0.01121395848935495196 0.82346593016574554103 
0.01070802298127993858 0.01758500087943278348 0.00000000099999999999 0.97170697513928727673 
0.00000000099999999997 0.00000000099999999997 0.00000000099999999997 0.99999999699999997382 
0.00000000099999999998 0.00520063211162548160 0.00000000099999999998 0.99479936588837458711 
0.00000000099999999999 0.00000000099999999999 0.00000000099999999999 0.99999999700000008485 
0.10533448490471278292 0.03568649004119193308 0.00000000100000000000 0.85897902405409520821 
