0.00000000099999999980 0.00000000099999999980 0.99999999300000008695 0.00000000099999999980 0.00000000099999999980 0.00000000099999999980 0.00000000099999999980 0.00000000099999999980 
0.00000000099999999990 0.00000000099999999990 0.00000000099999999990 0.00000000099999999990 0.00000000099999999990 0.00000000099999999990 0.00000000099999999990 0.99999999300000008695 
0.49921982585665741761 0.00000000099999999994 0.00000000099999999994 0.00000000099999999994 0.50078016814334258555 0.00000000099999999994 0.00000000099999999994 0.00000000099999999994 
0.00000000099999999999 0.00000000099999999999 0.00000000099999999999 0.00000000099999999999 0.03608177297563376629 0.00000000099999999999 0.26754136071441753097 0.69637686130994869149 
0.51694601572929232969 0.00000000099999999998 0.00591168110980420502 0.00000000099999999998 0.40369617597662160735 0.07344612318428184183 0.00000000099999999998 0.00000000099999999998 
0.00000000099999999976 0.00000000099999999976 0.99999999299999997593 0.00000000099999999976 0.00000000099999999976 0.00000000099999999976 0.00000000099999999976 0.00000000099999999976 
0.00000000099999999973 0.00000000099999999973 0.99999999300000008695 0.00000000099999999973 0.00000000099999999973 0.00000000099999999973 0.00000000099999999973 0.00000000099999999973 
0.00000000099999999983 0.00000000099999999983 0.00000000099999999983 0.00000000099999999983 0.99999999300000008695 0.00000000099999999983 0.00000000099999999983 0.00000000099999999983 
0.62014157317139739778 0.00000000099999999996 0.00000000099999999996 0.00000000099999999996 0.36319272688193482423 0.00000000099999999996 0.01666569494666778756 0.00000000099999999996 
0.48084615325365914762 0.00000000099999999994 0.00000000099999999994 0.00000000099999999994 0.51075151043855049338 0.00840233130779025061 0.00000000099999999994 0.00000000099999999994 
0.51387354011238262075 0.00000000099999999996 0.00000000099999999996 0.00000000099999999996 0.48507926433255837972 0.00104719055505919710 0.00000000099999999996 0.00000000099999999996 
0.51579256640516513155 0.00000000099999999995 0.00000000099999999995 0.00000000099999999995 0.48420742759483481610 0.00000000099999999995 0.00000000099999999995 0.00000000099999999995 
0.38209282109871972599 0.06394715299598130454 0.00000000099999999999 0.01293578370233875938 0.54092838496622930311 0.00009585423673080840 0.00000000099999999999 0.00000000099999999999 
0.00000000099999999973 0.00000000099999999973 0.00000000099999999973 0.99999999300000008695 0.00000000099999999973 0.00000000099999999973 0.00000000099999999973 0.00000000099999999973 
0.00000000099999999999 0.00000000099999999999 0.00000000099999999999 0.25530923772248537151 0.02760449105065208505 0.00000000099999999999 0.24347534018018002211 0.47361092704668250608 
0.00000000099999999950 0.00000000099999999950 0.00000000099999999950 0.99999999300000008695 0.00000000099999999950 0.00000000099999999950 0.00000000099999999950 0.00000000099999999950 
0.00000000099999999993 0.58374148514076762417 0.41625850885923243450 0.00000000099999999993 0.00000000099999999993 0.00000000099999999993 0.00000000099999999993 0.00000000099999999993 
0.77912471216117584749 0.00000000099999999996 0.00000000099999999996 0.00000153380743776208 0.16981388317642165386 0.01902649707337700571 0.03203337078158762646 0.00000000099999999996 
0.00000000099999999978 0.00000000099999999978 0.00000000099999999978 0.00000000099999999978 0.00000000099999999978 0.00000000099999999978 0.00000000099999999978 0.99999999299999997593 
0.00000000099999999986 0.42904127998151825318 0.00000000099999999986 0.00000000099999999986 0.57095871401848163895 0.00000000099999999986 0.00000000099999999986 0.00000000099999999986 
0.00000000099999999982 0.00000000099999999982 0.00000000099999999982 0.43800532501991690237 0.00000000099999999982 0.00000000099999999982 0.00000000099999999982 0.56199466898008310078 
0.00000000099999999984 0.00000000099999999984 0.00000000099999999984 0.00000000099999999984 0.00000000099999999984 0.99999999299999997593 0.00000000099999999984 0.00000000099999999984 
0.46148995164615380649 0.00000000100000000000 0.03038031791702873463 0.00843352005005211167 0.32872514587490048177 0.11530184237115798096 0.02162884025137252336 0.03404038088933437206 
0.00000000099999999988 0.00000000099999999988 0.00000000099999999988 0.00000000099999999988 0.99999999300000008695 0.00000000099999999988 0.00000000099999999988 0.00000000099999999988 
0.00000000099999999977 0.00000000099999999977 0.00000000099999999977 0.00000000099999999977 0.00000000099999999977 0.99999999300000008695 0.00000000099999999977 0.00000000099999999977 
0.67638573072721519530 0.00000000099999999999 0.02841825001262606246 0.00000000099999999999 0.28208702994960660471 0.00000000099999999999 0.01310898531055222464 0.00000000099999999999 
0.99999999300000019797 0.00000000099999999991 0.00000000099999999991 0.00000000099999999991 0.00000000099999999991 0.00000000099999999991 0.00000000099999999991 0.00000000099999999991 
0.47179002129367536567 0.00000000099999999998 0.00000000099999999998 0.01960557152080409649 0.00000302960799974464 0.50860137357752088771 0.00000000099999999998 0.00000000099999999998 
0.00000000099999999980 0.00000000099999999980 0.00000000099999999980 0.00000000099999999980 0.00000000099999999980 0.99999999299999997593 0.00000000099999999980 0.00000000099999999980 
0.00000000099999999982 0.00000000099999999982 0.00000000099999999982 0.00000000099999999982 0.00000000099999999982 0.99999999300000008695 0.00000000099999999982 0.00000000099999999982 
0.00000000099999999978 0.00000000099999999978 0.00000000099999999978 0.00000000099999999978 0.00000000099999999978 0.99999999299999997593 0.00000000099999999978 0.00000000099999999978 
0.00000000099999999982 0.00000000099999999982 0.00000000099999999982 0.00000000099999999982 0.00000000099999999982 0.99999999300000008695 0.00000000099999999982 0.00000000099999999982 
0.00000000099999999988 0.00000000099999999988 0.00000000099999999988 0.00000000099999999988 0.99999999299999997593 0.00000000099999999988 0.00000000099999999988 0.00000000099999999988 
0.99999999300000019797 0.00000000099999999990 0.00000000099999999990 0.00000000099999999990 0.00000000099999999990 0.00000000099999999990 0.00000000099999999990 0.00000000099999999990 
0.00000000099999999990 0.00000000099999999990 0.00000000099999999990 0.00000000099999999990 0.99999999299999997593 0.00000000099999999990 0.00000000099999999990 0.00000000099999999990 
0.00000000099999999990 0.00000000099999999990 0.00000000099999999990 0.00000000099999999990 0.99999999300000008695 0.00000000099999999990 0.00000000099999999990 0.00000000099999999990 
0.68587221185650426580 0.00000000099999999996 0.00000000099999999996 0.00000000099999999996 0.31412778214349579287 0.00000000099999999996 0.00000000099999999996 0.00000000099999999996 
0.65904643448991317989 0.00000000099999999998 0.00568947973424664688 0.00000000099999999998 0.32005222866464438924 0.01521185311119585375 0.00000000099999999998 0.00000000099999999998 
0.52501284196725206410 0.03500836096108071727 0.00000000099999999996 0.00000000099999999996 0.42954020099952117118 0.01043859207214620048 0.00000000099999999996 0.00000000099999999996 
0.00000000099999999988 0.54071379182215129067 0.45928620217784865698 0.00000000099999999988 0.00000000099999999988 0.00000000099999999988 0.00000000099999999988 0.00000000099999999988 
0.00000000099999999971 0.99999999300000008695 0.00000000099999999971 0.00000000099999999971 0.00000000099999999971 0.00000000099999999971 0.00000000099999999971 0.00000000099999999971 
0.00000000099999999972 0.00000000099999999972 0.00000000099999999972 0.00000000099999999972 0.00000000099999999972 0.00000000099999999972 0.00000000099999999972 0.99999999299999997593 
0.00000000099999999984 0.00000000099999999984 0.00000000099999999984 0.00000000099999999984 0.00000000099999999984 0.00000000099999999984 0.00000000099999999984 0.99999999300000008695 
0.00000000099999999962 0.00000000099999999962 0.00000000099999999962 0.00000000099999999962 0.00000000099999999962 0.00000000099999999962 0.00000000099999999962 0.99999999299999997593 
0.00000000099999999976 0.00000000099999999976 0.00000000099999999976 0.00000000099999999976 0.00000000099999999976 0.00000000099999999976 0.00000000099999999976 0.99999999299999997593 
0.00000000099999999895 0.00000000099999999895 0.00000000099999999895 0.00000000099999999895 0.00000000099999999895 0.00000000099999999895 0.99999999299999997593 0.00000000099999999895 
0.00000000099999999965 0.00000000099999999965 0.00000000099999999965 0.00000000099999999965 0.00000000099999999965 0.00000000099999999965 0.00000000099999999965 0.99999999300000008695 
0.00000000099999999983 0.00000000099999999983 0.99999999300000008695 0.00000000099999999983 0.00000000099999999983 0.00000000099999999983 0.00000000099999999983 0.00000000099999999983 
0.00000000099999999967 0.00000000099999999967 0.00000000099999999967 0.00000000099999999967 0.00000000099999999967 0.99999999299999997593 0.00000000099999999967 0.00000000099999999967 
0.99999999300000019797 0.00000000099999999989 0.00000000099999999989 0.00000000099999999989 0.00000000099999999989 0.00000000099999999989 0.00000000099999999989 0.00000000099999999989 
0.99999999300000008695 0.00000000099999999988 0.00000000099999999988 0.00000000099999999988 0.00000000099999999988 0.00000000099999999988 0.00000000099999999988 0.00000000099999999988 
0.00000000099999999975 0.00000000099999999975 0.00000000099999999975 0.00000000099999999975 0.00000000099999999975 0.99999999300000008695 0.00000000099999999975 0.00000000099999999975 
0.99999999300000019797 0.00000000099999999990 0.00000000099999999990 0.00000000099999999990 0.00000000099999999990 0.00000000099999999990 0.00000000099999999990 0.00000000099999999990 
0.72836191038801312292 0.00000000099999999995 0.00000000099999999995 0.00000000099999999995 0.27163808361198704677 0.00000000099999999995 0.00000000099999999995 0.00000000099999999995 
0.00000000099999999971 0.99999999300000008695 0.00000000099999999971 0.00000000099999999971 0.00000000099999999971 0.00000000099999999971 0.00000000099999999971 0.00000000099999999971 
0.50353005497503455778 0.00000000100000000000 0.00647101344554452951 0.00000000100000000000 0.42780000240560306368 0.04221382059892127975 0.00000000100000000000 0.01998510557489666453 
0.70176912432735638614 0.00000000099999999997 0.06227694367311990137 0.03514043354818095072 0.13060455253678762699 0.07020894291455517799 0.00000000099999999997 0.00000000099999999997 
0.00000000099999999984 0.00000000099999999984 0.00000000099999999984 0.40344375636680035457 0.00000000099999999984 0.00000000099999999984 0.00000000099999999984 0.59655623763319953756 
0.00000000099999999981 0.00000000099999999981 0.99999999300000008695 0.00000000099999999981 0.00000000099999999981 0.00000000099999999981 0.00000000099999999981 0.00000000099999999981 
0.00000000099999999947 0.00000000099999999947 0.00000000099999999947 0.99999999299999997593 0.00000000099999999947 0.00000000099999999947 0.00000000099999999947 0.00000000099999999947 
0.00000000099999999986 0.49260252358649758708 0.00000000099999999986 0.00000000099999999986 0.50739747041350236056 0.00000000099999999986 0.00000000099999999986 0.00000000099999999986 
0.00000000099999999986 0.00000000099999999986 0.00000000099999999986 0.45995872671859816538 0.00000000099999999986 0.00000000099999999986 0.03503321131351229412 0.50500805696788941823 
0.00000000099999999968 0.00000000099999999968 0.99999999299999997593 0.00000000099999999968 0.00000000099999999968 0.00000000099999999968 0.00000000099999999968 0.00000000099999999968 
0.00000000099999999989 0.00000000099999999989 0.00000000099999999989 0.00000000099999999989 0.99999999300000008695 0.00000000099999999989 0.00000000099999999989 0.00000000099999999989 
0.00000000099999999982 0.99999999300000008695 0.00000000099999999982 0.00000000099999999982 0.00000000099999999982 0.00000000099999999982 0.00000000099999999982 0.00000000099999999982 
0.99999999300000019797 0.00000000099999999989 0.00000000099999999989 0.00000000099999999989 0.00000000099999999989 0.00000000099999999989 0.00000000099999999989 0.00000000099999999989 
0.00000000099999999996 0.44864195894748021276 0.40607063010640481737 0.00000000099999999996 0.00000000099999999996 0.14528740594611500025 0.00000000099999999996 0.00000000099999999996 
0.00000000099999999984 0.34387069449755364170 0.65612929950244647248 0.00000000099999999984 0.00000000099999999984 0.00000000099999999984 0.00000000099999999984 0.00000000099999999984 
0.00000000099999999973 0.00000000099999999973 0.99999999299999997593 0.00000000099999999973 0.00000000099999999973 0.00000000099999999973 0.00000000099999999973 0.00000000099999999973 
0.49737098870733315037 0.02036801069660052962 0.00000000099999999993 0.00000000099999999993 0.48226099559606638856 0.00000000099999999993 0.00000000099999999993 0.00000000099999999993 
0.00000000099999999986 0.61621469202766709916 0.38378530197233307053 0.00000000099999999986 0.00000000099999999986 0.00000000099999999986 0.00000000099999999986 0.00000000099999999986 
0.00000000099999999974 0.99999999300000008695 0.00000000099999999974 0.00000000099999999974 0.00000000099999999974 0.00000000099999999974 0.00000000099999999974 0.00000000099999999974 
0.44295958053281159206 0.10343621592065857517 0.00000000100000000000 0.00877858305734977723 0.34575227722514467743 0.08575162829500465600 0.01332171296903069367 0.00000000100000000000 
0.59536987653053319303 0.00000000099999999998 0.07470434964622739427 0.03212684136861519019 0.29773789314921789151 0.00006103630540625868 0.00000000099999999998 0.00000000099999999998 
0.57580227807823780584 0.00000092858901676957 0.00000000099999999999 0.03952883405326559907 0.31730871816610695113 0.06735923811337284073 0.00000000099999999999 0.00000000099999999999 
0.61619370264259853975 0.00000000099999999997 0.00000000099999999997 0.00000000099999999997 0.24230456345874271107 0.00000000099999999997 0.00000000099999999997 0.14150172889865891834 
0.00000000099999999980 0.00000000099999999980 0.00000000099999999980 0.00000000099999999980 0.00000000099999999980 0.00000000099999999980 0.99999999299999997593 0.00000000099999999980 
0.99999999300000008695 0.00000000099999999989 0.00000000099999999989 0.00000000099999999989 0.00000000099999999989 0.00000000099999999989 0.00000000099999999989 0.00000000099999999989 
0.56477354815793423537 0.00000000099999999996 0.04084595908970236472 0.00000000099999999996 0.39438048775236350663 0.00000000099999999996 0.00000000099999999996 0.00000000099999999996 
0.04903538031018501997 0.33067295191883316896 0.53067982878108310718 0.00000000099999999999 0.00000046202668370363 0.08233169909075341297 0.00000000099999999999 0.00727967587246169945 
0.92379553434351435737 0.00000000099999999996 0.00000000099999999996 0.00000000099999999996 0.00000000099999999996 0.07620445965648588171 0.00000000099999999996 0.00000000099999999996 
0.99999999300000008695 0.00000000099999999994 0.00000000099999999994 0.00000000099999999994 0.00000000099999999994 0.00000000099999999994 0.00000000099999999994 0.00000000099999999994 
0.92958634958494301692 0.00000000099999999998 0.00000000099999999998 0.00089687125739106380 0.00000004725963471038 0.00000000099999999998 0.00000000099999999998 0.06951672789803119146 
0.00000000099999999998 0.99999999300000019797 0.00000000099999999998 0.00000000099999999998 0.00000000099999999998 0.00000000099999999998 0.00000000099999999998 0.00000000099999999998 
0.00000000099999999980 0.00000000099999999980 0.00000000099999999980 0.00000000099999999980 0.99999999300000008695 0.00000000099999999980 0.00000000099999999980 0.00000000099999999980 
0.23755072181850842017 0.52489235366504316538 0.20898929895975687510 0.00000000099999999994 0.00000000099999999994 0.02856762155669163514 0.00000000099999999994 0.00000000099999999994 
0.56652923966806212341 0.35671818015681777680 0.00049757148244269130 0.00000000100000000000 0.02690354040413118000 0.04935139319477682696 0.00000007229708930602 0.00000000179668021048 
0.00000000099999999998 0.00000000099999999998 0.00000000099999999998 0.00000000099999999998 0.80447985008977118682 0.19552014391022898288 0.00000000099999999998 0.00000000099999999998 
0.00000000099999999973 0.99999999300000008695 0.00000000099999999973 0.00000000099999999973 0.00000000099999999973 0.00000000099999999973 0.00000000099999999973 0.00000000099999999973 
0.45189781493117148203 0.00000000099999999999 0.00000004872773142738 0.00000000099999999999 0.42825853362874483077 0.11984359871235222839 0.00000000099999999999 0.00000000099999999999 
0.41438599256001706905 0.00000000099999999999 0.00000000099999999999 0.04743249242067246185 0.53818151001931047173 0.00000000099999999999 0.00000000099999999999 0.00000000099999999999 
0.00000000099999999996 0.00000000099999999996 0.00000000099999999996 0.00000000099999999996 0.85049175095601936558 0.14950824304398072084 0.00000000099999999996 0.00000000099999999996 
0.99999999300000008695 0.00000000099999999994 0.00000000099999999994 0.00000000099999999994 0.00000000099999999994 0.00000000099999999994 0.00000000099999999994 0.00000000099999999994 
0.99999999300000008695 0.00000000099999999988 0.00000000099999999988 0.00000000099999999988 0.00000000099999999988 0.00000000099999999988 0.00000000099999999988 0.00000000099999999988 
0.73677836357319903549 0.00000000099999999994 0.00000000099999999994 0.00000000099999999994 0.26322163042680107869 0.00000000099999999994 0.00000000099999999994 0.00000000099999999994 
0.97309528278145107638 0.00000000099999999997 0.00000000099999999997 0.00000000099999999997 0.00000000099999999997 0.00000000099999999997 0.02690471121854912800 0.00000000099999999997 
0.57197112785424475412 0.00000000099999999999 0.00000000099999999999 0.04185502854492582220 0.29993314846547208807 0.02171098480993617977 0.00000000099999999999 0.06452970732542129273 
