0.00000000099999999992 0.00000000099999999992 0.00000000099999999992 0.00000000099999999992 0.00000000099999999992 0.00000000099999999992 0.00000000099999999992 0.99999999299999997593 
0.00000000099999999976 0.00000000099999999976 0.00000000099999999976 0.00000000099999999976 0.00000000099999999976 0.99999999299999997593 0.00000000099999999976 0.00000000099999999976 
0.00000000099999999996 0.34384572348578035239 0.00000000099999999996 0.00000000099999999996 0.65615427051421959526 0.00000000099999999996 0.00000000099999999996 0.00000000099999999996 
0.01809593632382884218 0.00005955726085995041 0.00000000100000000000 0.67948722657757976151 0.10284141551918245250 0.19951585666674775954 0.00000000565180117017 0.00000000100000000000 
0.00000000099999999996 0.00000000099999999996 0.06763533482984102063 0.00000000099999999996 0.93236465917015898253 0.00000000099999999996 0.00000000099999999996 0.00000000099999999996 
0.00000000099999999988 0.00000000099999999988 0.00000000099999999988 0.00000000099999999988 0.00000000099999999988 0.00000000099999999988 0.00000000099999999988 0.99999999299999997593 
0.00000000099999999985 0.00000000099999999985 0.00000000099999999985 0.00000000099999999985 0.00000000099999999985 0.00000000099999999985 0.00000000099999999985 0.99999999299999997593 
0.00000000099999999990 0.00000000099999999990 0.00000000099999999990 0.00000000099999999990 0.99999999299999997593 0.00000000099999999990 0.00000000099999999990 0.00000000099999999990 
0.00000000099999999994 0.00000000099999999994 0.00000000099999999994 0.00000000099999999994 0.99999999300000008695 0.00000000099999999994 0.00000000099999999994 0.00000000099999999994 
0.00000000099999999996 0.53439570895472054968 0.00000000099999999996 0.00000000099999999996 0.42837318725791051488 0.00000000099999999996 0.03723109878736886869 0.00000000099999999996 
0.00000000099999999984 0.99999999300000008695 0.00000000099999999984 0.00000000099999999984 0.00000000099999999984 0.00000000099999999984 0.00000000099999999984 0.00000000099999999984 
0.00000000099999999988 0.99999999300000008695 0.00000000099999999988 0.00000000099999999988 0.00000000099999999988 0.00000000099999999988 0.00000000099999999988 0.00000000099999999988 
0.05978662121210097380 0.39478399897303956267 0.03635520114989872903 0.01746960707904016835 0.48988241432352153115 0.00000182075028496862 0.00000171733516187014 0.00171861917695219379 
0.00000000099999999989 0.00000000099999999989 0.00000000099999999989 0.99999999300000008695 0.00000000099999999989 0.00000000099999999989 0.00000000099999999989 0.00000000099999999989 
0.00000000099999999998 0.04528378731710933081 0.00000000099999999998 0.95471620668289081113 0.00000000099999999998 0.00000000099999999998 0.00000000099999999998 0.00000000099999999998 
0.00000000099999999972 0.00000000099999999972 0.00000000099999999972 0.99999999300000008695 0.00000000099999999972 0.00000000099999999972 0.00000000099999999972 0.00000000099999999972 
0.00000000099999999992 0.00000000099999999992 0.00000000099999999992 0.00000000099999999992 0.00000000099999999992 0.00000000099999999992 0.00000000099999999992 0.99999999299999997593 
0.00000000099999999992 0.00000000099999999992 0.00000000099999999992 0.00000000099999999992 0.99999999300000008695 0.00000000099999999992 0.00000000099999999992 0.00000000099999999992 
0.00000000099999999962 0.00000000099999999962 0.00000000099999999962 0.00000000099999999962 0.00000000099999999962 0.99999999300000008695 0.00000000099999999962 0.00000000099999999962 
0.99999999300000019797 0.00000000099999999942 0.00000000099999999942 0.00000000099999999942 0.00000000099999999942 0.00000000099999999942 0.00000000099999999942 0.00000000099999999942 
0.00000000099999999978 0.00000000099999999978 0.00000000099999999978 0.99999999300000008695 0.00000000099999999978 0.00000000099999999978 0.00000000099999999978 0.00000000099999999978 
0.00000000099999999977 0.00000000099999999977 0.00000000099999999977 0.00000000099999999977 0.00000000099999999977 0.00000000099999999977 0.99999999299999986491 0.00000000099999999977 
0.02639308247134241128 0.30125519306330933444 0.00335740944790299334 0.06689306369609995806 0.48506913072520146946 0.00000000100000000000 0.11302351526387782732 0.00400860433226607731 
0.00000000099999999987 0.99999999300000008695 0.00000000099999999987 0.00000000099999999987 0.00000000099999999987 0.00000000099999999987 0.00000000099999999987 0.00000000099999999987 
0.00000000099999999965 0.00000000099999999965 0.99999999300000008695 0.00000000099999999965 0.00000000099999999965 0.00000000099999999965 0.00000000099999999965 0.00000000099999999965 
0.04669940644183989686 0.48733736420341317030 0.01807164640041427142 0.00065536006747540885 0.44723621988685718920 0.00000000099999999999 0.00000000099999999999 0.00000000099999999999 
0.00000000099999999994 0.00000000099999999994 0.00000000099999999994 0.00000000099999999994 0.99999999300000008695 0.00000000099999999994 0.00000000099999999994 0.00000000099999999994 
0.00000000099999999997 0.48493742679284396191 0.30417525264002004404 0.00000000099999999997 0.00000001645223059666 0.00000000099999999997 0.21088730011490550154 0.00000000099999999997 
0.00000000099999999964 0.00000000099999999964 0.99999999299999997593 0.00000000099999999964 0.00000000099999999964 0.00000000099999999964 0.00000000099999999964 0.00000000099999999964 
0.00000000099999999967 0.00000000099999999967 0.99999999299999997593 0.00000000099999999967 0.00000000099999999967 0.00000000099999999967 0.00000000099999999967 0.00000000099999999967 
0.00000000099999999968 0.00000000099999999968 0.00000000099999999968 0.00000000099999999968 0.00000000099999999968 0.00000000099999999968 0.99999999299999986491 0.00000000099999999968 
0.00000000099999999965 0.00000000099999999965 0.99999999299999997593 0.00000000099999999965 0.00000000099999999965 0.00000000099999999965 0.00000000099999999965 0.00000000099999999965 
0.00000000099999999997 0.45748207587037265087 0.00000000099999999997 0.03646244240016332377 0.50605450133972429416 0.00000009151882999471 0.00000088587090967898 0.00000000099999999997 
0.00000000099999999995 0.56102720891199642228 0.00000000099999999995 0.00000000099999999995 0.43897278508800369190 0.00000000099999999995 0.00000000099999999995 0.00000000099999999995 
0.00000000099999999998 0.56941208118008757033 0.00150047604557087795 0.00000000099999999998 0.42892465764199039224 0.00000000099999999998 0.00000000099999999998 0.00016278113235127523 
0.00000000099999999998 0.37179491611884762925 0.00000000099999999998 0.03284862480299025750 0.47478271197007587689 0.00000000099999999998 0.08014553006306171512 0.04042821404502457833 
0.00000000099999999997 0.37465481919345283712 0.00000000099999999997 0.00000000099999999997 0.62534517480654705501 0.00000000099999999997 0.00000000099999999997 0.00000000099999999997 
0.00000000099999999988 0.99999999300000019797 0.00000000099999999988 0.00000000099999999988 0.00000000099999999988 0.00000000099999999988 0.00000000099999999988 0.00000000099999999988 
0.01753835545957050865 0.36155277240180988541 0.00000000099999999997 0.00000000099999999997 0.55891309231284325154 0.00000000099999999997 0.04805968368790582146 0.01393609313787059177 
0.00000000099999999988 0.00000000099999999988 0.00000000099999999988 0.00000000099999999988 0.00000000099999999988 0.00000000099999999988 0.00000000099999999988 0.99999999299999997593 
0.00000000099999999985 0.00000000099999999985 0.00000000099999999985 0.00000000099999999985 0.00000000099999999985 0.00000000099999999985 0.00000000099999999985 0.99999999299999997593 
0.00000000099999999971 0.00000000099999999971 0.00000000099999999971 0.99999999300000008695 0.00000000099999999971 0.00000000099999999971 0.00000000099999999971 0.00000000099999999971 
0.00000000099999999992 0.00000000099999999992 0.00000000099999999992 0.53526153541222798449 0.00000000099999999992 0.46473845858777201867 0.00000000099999999992 0.00000000099999999992 
0.00000000099999999961 0.00000000099999999961 0.00000000099999999961 0.99999999299999997593 0.00000000099999999961 0.00000000099999999961 0.00000000099999999961 0.00000000099999999961 
0.00000000099999999979 0.00000000099999999979 0.00000000099999999979 0.99999999299999997593 0.00000000099999999979 0.00000000099999999979 0.00000000099999999979 0.00000000099999999979 
0.00000000099999999959 0.00000000099999999959 0.00000000099999999959 0.99999999299999997593 0.00000000099999999959 0.00000000099999999959 0.00000000099999999959 0.00000000099999999959 
0.00000000099999999946 0.00000000099999999946 0.00000000099999999946 0.00000000099999999946 0.00000000099999999946 0.99999999300000008695 0.00000000099999999946 0.00000000099999999946 
0.00000000099999999994 0.07939627030141196973 0.00000000099999999994 0.00000000099999999994 0.00000000099999999994 0.00000000099999999994 0.00000000099999999994 0.92060372369858800567 
0.00000000099999999955 0.00000000099999999955 0.00000000099999999955 0.00000000099999999955 0.00000000099999999955 0.00000000099999999955 0.99999999299999986491 0.00000000099999999955 
0.00000000099999999988 0.00000000099999999988 0.00000000099999999988 0.00000000099999999988 0.99999999299999997593 0.00000000099999999988 0.00000000099999999988 0.00000000099999999988 
0.00000000099999999992 0.27108116348727911982 0.02807683860005794063 0.00000000099999999992 0.70084199291266291443 0.00000000099999999992 0.00000000099999999992 0.00000000099999999992 
0.00000000099999999959 0.00000000099999999959 0.00000000099999999959 0.00000000099999999959 0.00000000099999999959 0.00000000099999999959 0.99999999299999997593 0.00000000099999999959 
0.00000000099999999994 0.50456462772507926218 0.00000000099999999994 0.00000000099999999994 0.45864515921551285427 0.00000000099999999994 0.03679020805940794864 0.00000000099999999994 
0.00000000099999999990 0.00000000099999999990 0.00000000099999999990 0.00000000099999999990 0.99999999300000008695 0.00000000099999999990 0.00000000099999999990 0.00000000099999999990 
0.00000000099999999985 0.00000000099999999985 0.00000000099999999985 0.00000000099999999985 0.00000000099999999985 0.00000000099999999985 0.00000000099999999985 0.99999999299999997593 
0.04511525933480191319 0.22701428393755040958 0.00059073588426534812 0.00000000099999999999 0.66445617119578836984 0.01578151658497708304 0.04704203106261681255 0.00000000099999999999 
0.00000000331486143191 0.36454968869129583675 0.08412529088967887758 0.00000000099999999999 0.46633753742976946643 0.03730596345295309618 0.00000000099999999999 0.04768151422144145668 
0.00000000099999999980 0.00000000099999999980 0.00000000099999999980 0.99999999299999997593 0.00000000099999999980 0.00000000099999999980 0.00000000099999999980 0.00000000099999999980 
0.05018182508105484274 0.00000000099999999994 0.00000000099999999994 0.00000000099999999994 0.00000000099999999994 0.00000000099999999994 0.00000000099999999994 0.94981816891894521593 
0.00000000099999999952 0.00000000099999999952 0.00000000099999999952 0.00000000099999999952 0.00000000099999999952 0.99999999300000008695 0.00000000099999999952 0.00000000099999999952 
0.99999999300000008695 0.00000000099999999941 0.00000000099999999941 0.00000000099999999941 0.00000000099999999941 0.00000000099999999941 0.00000000099999999941 0.00000000099999999941 
0.00000000099999999982 0.00000000099999999982 0.00000000099999999982 0.52400152956859613607 0.00000000099999999982 0.47599846443140397811 0.00000000099999999982 0.00000000099999999982 
0.00000000099999999981 0.00000000099999999981 0.00000000099999999981 0.00000000099999999981 0.00000000099999999981 0.00000000099999999981 0.00000000099999999981 0.99999999300000008695 
0.00000000099999999992 0.00000000099999999992 0.00000000099999999992 0.00000000099999999992 0.99999999299999997593 0.00000000099999999992 0.00000000099999999992 0.00000000099999999992 
0.00000000099999999991 0.00000000099999999991 0.00000000099999999991 0.00000000099999999991 0.00000000099999999991 0.00000000099999999991 0.00000000099999999991 0.99999999300000008695 
0.00000000099999999989 0.00000000099999999989 0.00000000099999999989 0.00000000099999999989 0.99999999300000008695 0.00000000099999999989 0.00000000099999999989 0.00000000099999999989 
0.07854980082668766572 0.00000000099999999997 0.13424196913231645212 0.00000000099999999997 0.00000000099999999997 0.00000000099999999997 0.00000000099999999997 0.78720822504099585704 
0.00000000099999999984 0.00000000099999999984 0.00000000099999999984 0.00000000099999999984 0.00000000099999999984 0.00000000099999999984 0.00000000099999999984 0.99999999299999997593 
0.00000000099999999985 0.00000000099999999985 0.00000000099999999985 0.00000000099999999985 0.00000000099999999985 0.00000000099999999985 0.00000000099999999985 0.99999999299999997593 
0.00000000099999999996 0.53420411733351180761 0.00661294710152382243 0.00000000099999999996 0.45918293056496434223 0.00000000099999999996 0.00000000099999999996 0.00000000099999999996 
0.00000000099999999986 0.00000000099999999986 0.00000000099999999986 0.00000000099999999986 0.00000000099999999986 0.00000000099999999986 0.00000000099999999986 0.99999999300000008695 
0.00000000099999999986 0.00000000099999999986 0.00000000099999999986 0.00000000099999999986 0.00000000099999999986 0.00000000099999999986 0.00000000099999999986 0.99999999299999997593 
0.07011467366302819026 0.22937507015897856677 0.00000002127108793936 0.00001478050494664698 0.52122042883512587075 0.01640674264098923238 0.09802970700235091872 0.06483857592349263899 
0.02408813609370953623 0.37605304153206636775 0.01781273715473078237 0.00000000099999999999 0.50441661249412517165 0.03495312564203127692 0.00000000099999999999 0.04267634508333681409 
0.02778996943706454545 0.35532978065123821398 0.00000003169526305167 0.00000000099999999999 0.50667809815904174542 0.04153503346158688575 0.06866708459580568580 0.00000000099999999999 
0.01888115310552440640 0.35618046415152881945 0.02590083094931834237 0.13234888508397138485 0.46668866370965694790 0.00000000099999999998 0.00000000099999999998 0.00000000099999999998 
0.00835655539514666701 0.39215230400629425001 0.00850812091220586042 0.55310760199813613358 0.00007554424124564561 0.00000000099999999999 0.00000000099999999999 0.03779987144697154189 
0.00000000099999999985 0.99999999300000019797 0.00000000099999999985 0.00000000099999999985 0.00000000099999999985 0.00000000099999999985 0.00000000099999999985 0.00000000099999999985 
0.00000000099999999987 0.99999999300000019797 0.00000000099999999987 0.00000000099999999987 0.00000000099999999987 0.00000000099999999987 0.00000000099999999987 0.00000000099999999987 
0.13563826648944671271 0.04971794979100102596 0.00000030007110397648 0.00000000099999999999 0.00000000099999999999 0.00000000099999999999 0.04572334185578538768 0.76892013879266285503 
0.00000000099999999997 0.35946754614955528373 0.00000000099999999997 0.00000000099999999997 0.55492807687505363301 0.00000000099999999997 0.08560437197539090548 0.00000000099999999997 
0.00000000099999999997 0.65414580841467040440 0.03316284253955353173 0.00000000099999999997 0.31269134404577614283 0.00000000099999999997 0.00000000099999999997 0.00000000099999999997 
0.00000000099999999998 0.57967951913746151860 0.00000000099999999998 0.06356683813418770312 0.35675363772835083642 0.00000000099999999998 0.00000000099999999998 0.00000000099999999998 
0.00408372772393461158 0.00000000099999999998 0.00000000099999999998 0.00000000099999999998 0.00000000099999999998 0.00000000099999999998 0.00000000099999999998 0.99591626627606533173 
0.00000000099999999989 0.00000000099999999989 0.00000000099999999989 0.00000000099999999989 0.99999999299999997593 0.00000000099999999989 0.00000000099999999989 0.00000000099999999989 
0.00000000099999999996 0.23391064123942123532 0.04414757035216271969 0.00000000099999999996 0.00000000099999999996 0.00000000099999999996 0.00001828792499097851 0.72192349648342490909 
0.23604906741139700110 0.37389789488398661454 0.00613926531663652568 0.00000000105585326326 0.12187479060136040265 0.00000000100000000000 0.09642089637583058093 0.16561808335493552469 
0.00000000136035263595 0.74196545219289433692 0.25802371466397433508 0.00000000099999999999 0.00000000099999999999 0.00000000099999999999 0.00001082778277889278 0.00000000099999999999 
0.00000000099999999985 0.00000000099999999985 0.00000000099999999985 0.00000000099999999985 0.00000000099999999985 0.00000000099999999985 0.00000000099999999985 0.99999999300000008695 
0.00000000146098218750 0.37170394774842197005 0.00000000099999999999 0.00000000099999999999 0.46034137704161198767 0.00000000099999999999 0.16795466974898395907 0.00000000099999999999 
0.03004508798637891415 0.53931208640537475762 0.00116122460565724179 0.00000134986125260664 0.38609128935369541047 0.04227437963112964242 0.00111458115651131510 0.00000000100000000000 
0.07581991687381413325 0.45836257475077540890 0.00000000099999999998 0.00000000099999999998 0.30825435302867520981 0.00000000099999999998 0.15756315134673540279 0.00000000099999999998 
0.00000000099999999993 0.00000000099999999993 0.00000000099999999993 0.00000000099999999993 0.99999999300000008695 0.00000000099999999993 0.00000000099999999993 0.00000000099999999993 
0.00000000099999999994 0.35595310957826076237 0.00000000099999999994 0.00000000099999999994 0.64404688442173907426 0.00000000099999999994 0.00000000099999999994 0.00000000099999999994 
0.00000000099999999996 0.62787294258265302638 0.00000000099999999996 0.00000000099999999996 0.37212695501029002809 0.00000000099999999996 0.00000009740705694554 0.00000000099999999996 
0.00000000099999999993 0.99999999300000008695 0.00000000099999999993 0.00000000099999999993 0.00000000099999999993 0.00000000099999999993 0.00000000099999999993 0.00000000099999999993 
0.03358308060256305627 0.40172695501087585246 0.00000000099999999999 0.10622470953465015797 0.42625921464476329570 0.00000037607941347134 0.03220566212773415954 0.00000000099999999999 
