0.99999999600000011313 0.00000000099999999995 0.00000000099999999995 0.00000000099999999995 0.00000000099999999995 
0.00000000099999999997 0.99999999600000000211 0.00000000099999999997 0.00000000099999999997 0.00000000099999999997 
0.00000000099999999998 0.00000000099999999998 0.00000000099999999998 0.99999999599999989108 0.00000000099999999998 
0.00000013377631371128 0.86947907267481172600 0.01040532767431851836 0.12008439477219494396 0.00003107110236122017 
0.00109591809576429773 0.00000000099999999999 0.00000000099999999999 0.91305331977754267125 0.08585076012669305701 
0.99999999600000000211 0.00000000099999999993 0.00000000099999999993 0.00000000099999999993 0.00000000099999999993 
0.99999999600000000211 0.00000000099999999992 0.00000000099999999992 0.00000000099999999992 0.00000000099999999992 
0.00000000099999999997 0.00000000099999999997 0.00000000099999999997 0.97006414991227141176 0.02993584708772869390 
0.00000000099999999998 0.00000000099999999998 0.00000000099999999998 0.99999999599999989108 0.00000000099999999998 
0.00000000099999999998 0.00000000099999999998 0.00000098277075887693 0.95439689221891244042 0.04560212301032865595 
0.00000000099999999998 0.00000000099999999998 0.00000020032261378459 0.95824814193512497518 0.04175165574226124415 
0.00000000099999999998 0.00000000099999999998 0.00000000099999999998 0.99999993255474650677 0.00000006444525341340 
0.01262130967211992465 0.02248595273870444833 0.06450592853229042412 0.86332093986310198819 0.03706586919378325462 
0.00000000099999999996 0.99999999600000011313 0.00000000099999999996 0.00000000099999999996 0.00000000099999999996 
0.00000000205716531154 0.90128820166327450192 0.00000870431745152471 0.06141141716907237702 0.03729167479303639732 
0.00000000099999999986 0.99999999600000000211 0.00000000099999999986 0.00000000099999999986 0.00000000099999999986 
0.99999999600000011313 0.00000000099999999996 0.00000000099999999996 0.00000000099999999996 0.00000000099999999996 
0.00000000099999999998 0.03161746648790876579 0.00000000099999999998 0.93996872530475528151 0.02841380620733597109 
0.00000000099999999992 0.99999999600000011313 0.00000000099999999992 0.00000000099999999992 0.00000000099999999992 
0.00000000099999999968 0.00000000099999999968 0.99999999599999989108 0.00000000099999999968 0.00000000099999999968 
0.00000000099999999988 0.99999999600000011313 0.00000000099999999988 0.00000000099999999988 0.00000000099999999988 
0.00000000099999999991 0.00000000099999999991 0.00000000099999999991 0.00000000099999999991 0.99999999600000000211 
0.00757833044206663101 0.06220342392646732721 0.03022111435553346409 0.77231009739978673245 0.12768703387614588340 
0.00000000099999999999 0.00000488222996711614 0.04017018062036428749 0.91614089263268616570 0.04368404351698251809 
0.00000000099999999987 0.00000000099999999987 0.00000000099999999987 0.00000000099999999987 0.99999999599999989108 
0.00000000443166093490 0.00000289007301401976 0.05151838632818445812 0.94673735512499834766 0.00174136404214216131 
0.00000000099999999997 0.00000000099999999997 0.00000000099999999997 0.99999999600000000211 0.00000000099999999997 
0.00000000099999999999 0.00038473240114036213 0.00000000099999999999 0.49781558772744149977 0.50179967787141810387 
0.00000000099999999988 0.00000000099999999988 0.00000000099999999988 0.00000000099999999988 0.99999999600000000211 
0.00000000099999999990 0.00000000099999999990 0.00000000099999999990 0.00000000099999999990 0.99999999600000000211 
0.00000000099999999989 0.00000000099999999989 0.00000000099999999989 0.00000000099999999989 0.99999999600000000211 
0.00000000099999999991 0.00000000099999999991 0.00000000099999999991 0.00000000099999999991 0.99999999599999989108 
0.00000000099999999997 0.03885990452015512797 0.00000000099999999997 0.96114009247984499851 0.00000000099999999997 
0.00565297253165137660 0.00000000099999999997 0.00000000099999999997 0.99434702446834866141 0.00000000099999999997 
0.02556844394818143934 0.00000000099999999999 0.00000000099999999999 0.97443155305181849979 0.00000000099999999999 
0.05154769051198673790 0.02871502520896946839 0.00000000100000000000 0.84102749919759078878 0.07870978408145300198 
0.00000000099999999998 0.00000000099999999998 0.00000000099999999998 0.99999999600000000211 0.00000000099999999998 
0.00000052915563987068 0.00000000099999999999 0.00000002782482195298 0.96944297638389320682 0.03055646563564497903 
0.02124999176621425456 0.00000000099999999999 0.02384380560035534100 0.93566416159190402002 0.01924204004152640923 
0.99999999600000011313 0.00000000099999999993 0.00000000099999999993 0.00000000099999999993 0.00000000099999999993 
0.99999999600000000211 0.00000000099999999991 0.00000000099999999991 0.00000000099999999991 0.00000000099999999991 
0.00000000099999999985 0.99999999600000000211 0.00000000099999999985 0.00000000099999999985 0.00000000099999999985 
0.00000000099999999996 0.99999999600000011313 0.00000000099999999996 0.00000000099999999996 0.00000000099999999996 
0.00000000099999999977 0.99999999600000000211 0.00000000099999999977 0.00000000099999999977 0.00000000099999999977 
0.00000000099999999990 0.99999999600000000211 0.00000000099999999990 0.00000000099999999990 0.00000000099999999990 
0.00000000099999999978 0.99999999600000011313 0.00000000099999999978 0.00000000099999999978 0.00000000099999999978 
0.00000000099999999982 0.99999999600000011313 0.00000000099999999982 0.00000000099999999982 0.00000000099999999982 
0.96137338861973109516 0.00000000099999999997 0.00000000099999999997 0.03862660838026880233 0.00000000099999999997 
0.00000000099999999983 0.00000000099999999983 0.00000000099999999983 0.00000000099999999983 0.99999999600000000211 
0.00000000099999999997 0.00000000099999999997 0.00000000099999999997 0.99999999600000000211 0.00000000099999999997 
0.00000000099999999996 0.00000000099999999996 0.00000000099999999996 0.99999999599999989108 0.00000000099999999996 
0.00000000099999999986 0.00000000099999999986 0.00000000099999999986 0.00000000099999999986 0.99999999600000000211 
0.00000000099999999996 0.00000000099999999996 0.00000000099999999996 0.97113839391633594023 0.02886160308366413768 
0.00000000099999999997 0.00000000099999999997 0.00000000099999999997 0.99999999600000000211 0.00000000099999999997 
0.99999999600000011313 0.00000000099999999991 0.00000000099999999991 0.00000000099999999991 0.00000000099999999991 
0.00000000100000000000 0.01492282653544588049 0.04508200211811938529 0.88986168278591815106 0.05013348756051649174 
0.05419306292211824999 0.02566078120075602695 0.00044325408586951812 0.83621828439927814447 0.08348461739197805820 
0.00000000099999999990 0.99999999600000000211 0.00000000099999999990 0.00000000099999999990 0.00000000099999999990 
0.99846440659765567371 0.00000000099999999997 0.00153559040234439509 0.00000000099999999997 0.00000000099999999997 
0.00000000099999999988 0.99999999600000011313 0.00000000099999999988 0.00000000099999999988 0.00000000099999999988 
0.00000000099999999968 0.00000000099999999968 0.99999999599999989108 0.00000000099999999968 0.00000000099999999968 
0.00000000099999999989 0.99999999600000000211 0.00000000099999999989 0.00000000099999999989 0.00000000099999999989 
0.99999999600000011313 0.00000000099999999990 0.00000000099999999990 0.00000000099999999990 0.00000000099999999990 
0.00000000099999999999 0.00000000099999999999 0.00000137838411113177 0.99682828337788353945 0.00317033623800534693 
0.99999999600000011313 0.00000000099999999995 0.00000000099999999995 0.00000000099999999995 0.00000000099999999995 
0.00000000099999999998 0.00000000099999999998 0.00000000099999999998 0.99239706584122866495 0.00760293115877140602 
0.78904711395378346328 0.00000000099999999998 0.07991254540059289369 0.00000000099999999998 0.13104033864562367184 
0.99999999600000000211 0.00000000099999999991 0.00000000099999999991 0.00000000099999999991 0.00000000099999999991 
0.99999999600000011313 0.00000000099999999992 0.00000000099999999992 0.00000000099999999992 0.00000000099999999992 
0.00122827691093273976 0.00000000099999999998 0.00585417099013692179 0.98522871765179287351 0.00768883344713738089 
0.99999999600000000211 0.00000000099999999992 0.00000000099999999992 0.00000000099999999992 0.00000000099999999992 
0.99999999600000011313 0.00000000099999999992 0.00000000099999999992 0.00000000099999999992 0.00000000099999999992 
0.07186013984504432961 0.01844164113568254326 0.06238205831241345339 0.74637443508996281771 0.10094172561689691847 
0.04925640102998780218 0.02749748223617643275 0.02354958371594393501 0.88838480131204744517 0.01131173170584424958 
0.00000000100000000000 0.02615416974554740648 0.03871283094354528720 0.86879408503076727133 0.06633891328014007716 
0.00000000100000000000 0.12656255306406907768 0.02621845979952062283 0.84721204290064455744 0.00000694323576569262 
0.06364337700582720081 0.51699303288433839931 0.01481541563200250433 0.40395756139077415581 0.00059061308705769951 
0.00000000099999999997 0.00000000099999999997 0.02876682580341846651 0.97123317119658147956 0.00000000099999999997 
0.01835772258872347615 0.00000000099999999999 0.03099580064353953113 0.95064646226117832661 0.00000001350655871739 
0.78353558169029668967 0.00000000100000000000 0.15108735376796034178 0.00000000100000000000 0.06537706254174301124 
0.00010459581998492735 0.00000000099999999999 0.00000002767788177640 0.91887567794310875957 0.08101969755902455050 
0.00000000099999999997 0.00000000099999999997 0.00000000099999999997 0.96666195024904422173 0.03333804675095581455 
0.00000000099999999999 0.05491121908229251725 0.00000000099999999999 0.94508877791770729004 0.00000000099999999999 
0.98976960226580046331 0.00000000099999999999 0.01023021105118005272 0.00000018468301942083 0.00000000099999999999 
0.00000000099999999998 0.00000000099999999998 0.00003547154204350132 0.99995770237105707778 0.00000682408689943668 
0.72343399775591976653 0.00000000099999999998 0.00000000099999999998 0.23600189634030635522 0.04056410390377394176 
0.19268925278170231929 0.00000112477719497821 0.17526758903850223059 0.51543088244231949346 0.11661115096028097649 
0.00036860134102213065 0.00000344879506009870 0.06681255673849585686 0.61588198183182973899 0.31693341129359214881 
0.99999999600000011313 0.00000000099999999992 0.00000000099999999992 0.00000000099999999992 0.00000000099999999992 
0.01045438854130755282 0.00000000100000000000 0.01810058789532363946 0.84226795642145513288 0.12917706614191368231 
0.00000000100000000000 0.03069323071165658973 0.03798980490605775862 0.93031100821126011535 0.00100595517102560926 
0.00000000099999999999 0.00000000099999999999 0.07799643309419318493 0.76211327153254693201 0.15989029337325991187 
0.00000000099999999999 0.00887109429504064073 0.00000000099999999999 0.98308706160893910564 0.00804184209602028764 
0.00000000099999999997 0.00000000099999999997 0.00000000099999999997 0.99999999599999989108 0.00000000099999999997 
0.00000000099999999997 0.00000000099999999997 0.00000000099999999997 0.99968777521966600830 0.00031222178033400656 
0.00000000099999999999 0.00000000099999999999 0.03184292659869088910 0.96815707040130893901 0.00000000099999999999 
0.00000000100000000000 0.10421160474184767986 0.04023168941691242229 0.82468012958748482255 0.03087657525375502032 
