0.99999999699999997382 0.00000000099999999996 0.00000000099999999996 0.00000000099999999996 
0.00000000099999999998 0.99999999700000008485 0.00000000099999999998 0.00000000099999999998 
0.00000000099999999998 0.00000000099999999998 0.00000000099999999998 0.99999999700000008485 
0.00002620882277599203 0.86957288450597303164 0.00025491862905782989 0.13014598804219321138 
0.00063473446702714360 0.00000000100000000000 0.08721022693717335461 0.91215503759579952270 
0.99999999700000008485 0.00000000099999999995 0.00000000099999999995 0.00000000099999999995 
0.99999999700000008485 0.00000000099999999993 0.00000000099999999993 0.00000000099999999993 
0.00000000099999999998 0.00000000099999999998 0.03408269026847125099 0.96591730773152884026 
0.00000000099999999999 0.00000000099999999999 0.00000008484844964375 0.99999991315155034588 
0.00000000099999999998 0.00000000099999999998 0.05016139244632950717 0.94983860555367061185 
0.00000000099999999998 0.00000000099999999998 0.03980184638914290723 0.96019815161085708688 
0.00000000099999999999 0.00000000099999999999 0.00006397950084352383 0.99993601849915647595 
0.06009163420426831548 0.02332254352558055244 0.02549153396978633135 0.89109428830036474523 
0.00000000099999999997 0.99999999700000008485 0.00000000099999999997 0.00000000099999999997 
0.00000004613887401563 0.90064628259423806789 0.03531752979320285785 0.06403614147368499876 
0.00000000099999999991 0.99999999700000008485 0.00000000099999999991 0.00000000099999999991 
0.99999999699999997382 0.00000000099999999997 0.00000000099999999997 0.00000000099999999997 
0.00000000099999999999 0.03153259720561887164 0.03026931032980139519 0.93819809146457966431 
0.00000000099999999995 0.99999999699999997382 0.00000000099999999995 0.00000000099999999995 
0.40692414424846240495 0.00000000099999999998 0.00000000099999999998 0.59307585375153748508 
0.00000000099999999992 0.99999999700000008485 0.00000000099999999992 0.00000000099999999992 
0.00000000099999999993 0.00000000099999999993 0.99999999699999997382 0.00000000099999999993 
0.02716943074794877025 0.06282280725935678045 0.12887813255745378394 0.78112962943524055781 
0.00000000099999999999 0.00001621084725952000 0.04613888458644715973 0.95384490356629336727 
0.00000000099999999991 0.00000000099999999991 0.99999999699999986280 0.00000000099999999991 
0.02364518839542042311 0.00039597996177873264 0.00250106466506808253 0.97345776697773267472 
0.00000000099999999998 0.00000000099999999998 0.00000000099999999998 0.99999999699999997382 
0.00000000099999999999 0.00063754100268748439 0.50308577994416303625 0.49627667805314940042 
0.00000000099999999992 0.00000000099999999992 0.99999999699999986280 0.00000000099999999992 
0.00000000099999999993 0.00000000099999999993 0.99999999699999997382 0.00000000099999999993 
0.00000000099999999991 0.00000000099999999991 0.99999999699999986280 0.00000000099999999991 
0.00000000099999999993 0.00000000099999999993 0.99999999699999986280 0.00000000099999999993 
0.00000000099999999999 0.04093252668439339992 0.00000208508612371016 0.95906538722948297959 
0.00281974512443830842 0.00000000099999999998 0.00000000099999999998 0.99718025287556166791 
0.02258397694770068742 0.00000000099999999999 0.00000000099999999999 0.97741602105229918873 
0.05052977594887069629 0.02852447082267637116 0.08045467718151765035 0.84049107604693529261 
0.00000000099999999999 0.00000000099999999999 0.00000206401617489642 0.99999793398382497145 
0.00000164645848023682 0.00000000100000000000 0.02738655771813774606 0.97261179482338211422 
0.02814158406903588885 0.00000000099999999999 0.02367582778352099807 0.94818258714744318993 
0.99999999699999997382 0.00000000099999999995 0.00000000099999999995 0.00000000099999999995 
0.99999999700000008485 0.00000000099999999993 0.00000000099999999993 0.00000000099999999993 
0.00000000099999999990 0.99999999699999997382 0.00000000099999999990 0.00000000099999999990 
0.00000000099999999997 0.99999999700000008485 0.00000000099999999997 0.00000000099999999997 
0.00000000099999999983 0.99999999699999997382 0.00000000099999999983 0.00000000099999999983 
0.00000000099999999993 0.99999999699999997382 0.00000000099999999993 0.00000000099999999993 
0.00000000099999999985 0.99999999699999997382 0.00000000099999999985 0.00000000099999999985 
0.00000000099999999987 0.99999999699999997382 0.00000000099999999987 0.00000000099999999987 
0.95823872922726727186 0.00000000099999999998 0.00000000099999999998 0.04176126877273288879 
0.00000000099999999987 0.00000000099999999987 0.99999999699999986280 0.00000000099999999987 
0.00000000099999999997 0.00000000099999999997 0.00000000099999999997 0.99999999699999997382 
0.00000000099999999996 0.00000000099999999996 0.00000000099999999996 0.99999999699999997382 
0.00000000099999999989 0.00000000099999999989 0.99999999699999986280 0.00000000099999999989 
0.00000000099999999998 0.00000000099999999998 0.04065978042088326527 0.95934021757911669415 
0.00000000099999999998 0.00000000099999999998 0.00000033540747892824 0.99999966259252115464 
0.99999999700000008485 0.00000000099999999993 0.00000000099999999993 0.00000000099999999993 
0.01261254824615629967 0.01662916998886604034 0.05372187103502362032 0.91703641072995401018 
0.05170896012725962471 0.02697275682477054057 0.08371666334988915603 0.83760161969808066829 
0.00000000099999999993 0.99999999699999997382 0.00000000099999999993 0.00000000099999999993 
0.99999999699999997382 0.00000000099999999997 0.00000000099999999997 0.00000000099999999997 
0.00000000099999999991 0.99999999699999997382 0.00000000099999999991 0.00000000099999999991 
0.50634233092344993477 0.00000000099999999999 0.00000225726986044501 0.49365541080668962071 
0.00000000099999999992 0.99999999699999997382 0.00000000099999999992 0.00000000099999999992 
0.99999999699999997382 0.00000000099999999991 0.00000000099999999991 0.00000000099999999991 
0.00000000099999999999 0.00000000099999999999 0.00955241945984806710 0.99044757854015197385 
0.99999999699999997382 0.00000000099999999995 0.00000000099999999995 0.00000000099999999995 
0.00000000099999999998 0.00000000099999999998 0.00869868693509500378 0.99130131106490504411 
0.84872268314626919672 0.00000000099999999999 0.15127731485373074882 0.00000000099999999999 
0.99999999700000008485 0.00000000099999999993 0.00000000099999999993 0.00000000099999999993 
0.99999999700000008485 0.00000000099999999994 0.00000000099999999994 0.00000000099999999994 
0.00066336191219526302 0.00000000099999999998 0.01363385890177188156 0.98570277818603280195 
0.99999999699999997382 0.00000000099999999994 0.00000000099999999994 0.00000000099999999994 
0.99999999700000008485 0.00000000099999999994 0.00000000099999999994 0.00000000099999999994 
0.10128417614719890938 0.01699489456698868167 0.09923685953994414166 0.78248406974586826035 
0.05895928364747659439 0.02727507175727314145 0.01812983620737039503 0.89563580838787992811 
0.00022061614921035539 0.02842689797624450843 0.07447199843040223921 0.89688048744414294866 
0.00000073085338151872 0.12782437431450038856 0.00099583592021860947 0.87117905891189961753 
0.07016766233856412682 0.51693155198274531870 0.00087522481481182811 0.41202556086387859269 
0.00000000099999999997 0.00000000099999999997 0.00000000099999999997 0.99999999700000008485 
0.02912634292871815744 0.00000000099999999999 0.00000018923304156533 0.97087346683824016225 
0.84773360939821629234 0.00986573885406922223 0.07974537467350385767 0.06265527707421067460 
0.00001326612036554451 0.00000000099999999999 0.08194471465220014295 0.91804201822743436434 
0.00000000099999999998 0.00000000099999999998 0.03923256909373349505 0.96076742890626642968 
0.00000000099999999999 0.05482643213308843744 0.00000000099999999999 0.94517356586691159137 
0.99999445720031465701 0.00000000100000000000 0.00000000219935797333 0.00000553960032741079 
0.00000000099999999998 0.00000000099999999998 0.00154968718048277164 0.99845031081951718388 
0.71999315026062626899 0.00000000099999999999 0.04811372967429596720 0.23189311906507767413 
0.30305648609192858967 0.00008694057347603316 0.09074815706013503180 0.60610841627446043756 
0.01175426567149361924 0.00003834432509700507 0.31566041955074286562 0.67254697045266664812 
0.99999999700000008485 0.00000000099999999994 0.00000000099999999994 0.00000000099999999994 
0.01097717351421079526 0.00000000100000000000 0.13325411102432482835 0.85576871446146429712 
0.00000000385656586653 0.03178419156981920901 0.00457580852676909948 0.96363999604684591471 
0.01127448175561075044 0.00000000099999999999 0.16533112873103536500 0.82339438851335400305 
0.00000000099999999999 0.01071583008985111177 0.01757472959193336418 0.97170943931821551764 
0.00000000099999999997 0.00000000099999999997 0.00000000099999999997 0.99999999700000008485 
0.00000000099999999998 0.00000000099999999998 0.00521713221008459575 0.99478286578991537148 
0.00000000099999999999 0.00000000115081714143 0.00000000099999999999 0.99999999684918294829 
0.00000000100000000000 0.10533664379865974314 0.03570996065411353310 0.85895339454722674510 
