0.99999999699999997382 0.00000000099999999996 0.00000000099999999996 0.00000000099999999996 
0.00000000099999999998 0.00000000099999999998 0.99999999699999986280 0.00000000099999999998 
0.00000000099999999998 0.99999999699999997382 0.00000000099999999998 0.00000000099999999998 
0.00000537967937096521 0.13024998994648809281 0.86959114211387400495 0.00015348826026685507 
0.00059784559551679880 0.91218042189377168683 0.00000000100000000000 0.08722173151071156705 
0.99999999699999997382 0.00000000099999999995 0.00000000099999999995 0.00000000099999999995 
0.99999999700000008485 0.00000000099999999993 0.00000000099999999993 0.00000000099999999993 
0.00000000099999999998 0.96591821020243306961 0.00000000099999999998 0.03408178779756703553 
0.00000000099999999999 0.99999972446517215730 0.00000000099999999999 0.00000027353482793823 
0.00000000099999999998 0.94984028553464783240 0.00000000099999999998 0.05015971246535224498 
0.00000000099999999998 0.96020145281887525623 0.00000000099999999998 0.03979854518112493911 
0.00000000099999999999 0.99995347277013557630 0.00000000099999999999 0.00004652522986452599 
0.06008946128562341754 0.89109720013195892196 0.02332145585259633516 0.02549188272982138084 
0.00000000099999999997 0.00000000099999999997 0.99999999699999986280 0.00000000099999999997 
0.00000000879249962654 0.06406994630430565274 0.90064300535447738838 0.03528703954871732079 
0.00000000099999999991 0.00000000099999999991 0.99999999699999997382 0.00000000099999999991 
0.99999999699999997382 0.00000000099999999997 0.00000000099999999997 0.00000000099999999997 
0.00000000099999999999 0.93820593626153681033 0.03153156608683007484 0.03026249665163312230 
0.00000000099999999995 0.00000000099999999995 0.99999999699999986280 0.00000000099999999995 
0.40692184075293941214 0.59307815724706058891 0.00000000099999999998 0.00000000099999999998 
0.00000000099999999992 0.00000000099999999992 0.99999999699999997382 0.00000000099999999992 
0.00000000099999999993 0.00000000099999999993 0.00000000099999999993 0.99999999700000008485 
0.02716880284342010690 0.78113592752607208247 0.06282191865704923883 0.12887335097345858914 
0.00000000099999999999 0.95385291612629841129 0.00000776987388917050 0.04613931299981248457 
0.00000000099999999991 0.00000000099999999991 0.00000000099999999991 0.99999999699999997382 
0.02364389586288062964 0.97348063763623993161 0.00035736056960113669 0.00251810593127828114 
0.00000000099999999998 0.99999999700000008485 0.00000000099999999998 0.00000000099999999998 
0.00000000099999999999 0.49629135038746169384 0.00061217449589969321 0.50309647411663849237 
0.00000000099999999992 0.00000000099999999992 0.00000000099999999992 0.99999999699999997382 
0.00000000099999999993 0.00000000099999999993 0.00000000099999999993 0.99999999700000008485 
0.00000000099999999991 0.00000000099999999991 0.00000000099999999991 0.99999999699999997382 
0.00000000099999999993 0.00000000099999999993 0.00000000099999999993 0.99999999700000008485 
0.00000000099999999999 0.95907227721052878966 0.04092772078947128772 0.00000000099999999999 
0.00281788547774862062 0.99718211252225130714 0.00000000099999999998 0.00000000099999999998 
0.02257933759918949804 0.97742065431112112872 0.00000000100000000000 0.00000000708968930664 
0.05052788754083131773 0.84049511282398636780 0.02852347512653254091 0.08045352450864980132 
0.00000000099999999999 0.99999999699999997382 0.00000000099999999999 0.00000000099999999999 
0.00000036405245662299 0.97262173941571561375 0.00000000100000000000 0.02737789553182768190 
0.02813903892152960426 0.94819336991320835040 0.00000000099999999999 0.02366759016526208056 
0.99999999699999997382 0.00000000099999999995 0.00000000099999999995 0.00000000099999999995 
0.99999999700000008485 0.00000000099999999993 0.00000000099999999993 0.00000000099999999993 
0.00000000099999999990 0.00000000099999999990 0.99999999699999986280 0.00000000099999999990 
0.00000000099999999997 0.00000000099999999997 0.99999999699999997382 0.00000000099999999997 
0.00000000099999999983 0.00000000099999999983 0.99999999699999986280 0.00000000099999999983 
0.00000000099999999993 0.00000000099999999993 0.99999999699999997382 0.00000000099999999993 
0.00000000099999999985 0.00000000099999999985 0.99999999699999997382 0.00000000099999999985 
0.00000000099999999987 0.00000000099999999987 0.99999999699999997382 0.00000000099999999987 
0.95823962856552657996 0.04176036943447346966 0.00000000099999999998 0.00000000099999999998 
0.00000000099999999987 0.00000000099999999987 0.00000000099999999987 0.99999999700000008485 
0.00000000099999999997 0.99999999699999997382 0.00000000099999999997 0.00000000099999999997 
0.00000000099999999996 0.99999999699999997382 0.00000000099999999996 0.00000000099999999996 
0.00000000099999999989 0.00000000099999999989 0.00000000099999999989 0.99999999699999997382 
0.00000000099999999998 0.95934473431980094027 0.00000000099999999998 0.04065526368019918568 
0.00000000099999999998 0.99999991014705058578 0.00000000099999999998 0.00000008785294941576 
0.99999999700000008485 0.00000000099999999993 0.00000000099999999993 0.00000000099999999993 
0.01260892359121475008 0.91704166690715482879 0.01662866070684653960 0.05372074879478387632 
0.05170798184170366518 0.83760379310484422977 0.02697277189105813655 0.08371545316239391299 
0.00000000099999999993 0.00000000099999999993 0.99999999699999997382 0.00000000099999999993 
0.99999999700000008485 0.00000000099999999997 0.00000000099999999997 0.00000000099999999997 
0.00000000099999999991 0.00000000099999999991 0.99999999699999997382 0.00000000099999999991 
0.50634099623360184772 0.49365852891771211386 0.00000000099999999999 0.00000047384868608094 
0.00000000099999999992 0.00000000099999999992 0.99999999699999997382 0.00000000099999999992 
0.99999999699999997382 0.00000000099999999991 0.00000000099999999991 0.00000000099999999991 
0.00000000099999999999 0.99044112984724652637 0.00000000099999999999 0.00955886815275347988 
0.99999999700000008485 0.00000000099999999995 0.00000000099999999995 0.00000000099999999995 
0.00000000099999999998 0.99131395668535327026 0.00000000099999999998 0.00868604131464665273 
0.84872614823927017280 0.00000000099999999999 0.00000000099999999999 0.15127384976072980050 
0.99999999699999997382 0.00000000099999999993 0.00000000099999999993 0.00000000099999999993 
0.99999999699999997382 0.00000000099999999994 0.00000000099999999994 0.00000000099999999994 
0.00059992031121347512 0.98576087797314637662 0.00000000099999999998 0.01363920071564014673 
0.99999999700000008485 0.00000000099999999994 0.00000000099999999994 0.00000000099999999994 
0.99999999700000008485 0.00000000099999999994 0.00000000099999999994 0.00000000099999999994 
0.10128193696174690730 0.78248846821726303347 0.01699305105309366695 0.09923654376789646514 
0.05895847686433122042 0.89564388967239227934 0.02727273137441408798 0.01812490208886240184 
0.00021730153558699873 0.89688237059119402250 0.02842500647362518340 0.07447532139959375797 
0.00000012708056186415 0.87116715642987863077 0.12782155921259563680 0.00101115727696398034 
0.07017745232047697956 0.41204643665521811791 0.51693011489801476976 0.00084599612629020129 
0.00000000099999999997 0.99999999700000008485 0.00000000099999999997 0.00000000099999999997 
0.02912643990119645129 0.97087337000668538778 0.00000000099999999999 0.00000018909211816872 
0.84773439716790588427 0.06265316381464840212 0.00986469614449634810 0.07974774287294940367 
0.00000888580259030162 0.91804679116086729262 0.00000000099999999999 0.08194432203654256064 
0.00000000099999999998 0.96077092791876650413 0.00000000099999999998 0.03922907008123346917 
0.00000000099999999999 0.94517434448839265926 0.05482565351160745282 0.00000000099999999999 
0.99999943380214861843 0.00000054278178787430 0.00000000100000000000 0.00000002241606361244 
0.00000000099999999998 0.99842954880917111904 0.00000000099999999998 0.00157044919082880525 
0.71999218894446104233 0.23189601020407996090 0.00000000099999999999 0.04811179985145914301 
0.30312398044741090120 0.60746339651228309364 0.00000901591725936271 0.08940360712304659674 
0.01217112574304192278 0.67218727371992770259 0.00002500168625008139 0.31561659885078036103 
0.99999999700000008485 0.00000000099999999994 0.00000000099999999994 0.00000000099999999994 
0.01096055805818458087 0.85578367387790277299 0.00000000100000000000 0.13325576706391270565 
0.00000000587531661517 0.96359347751209445399 0.03178337460117854063 0.00462314201141034685 
0.01125077281529789953 0.82341356816999611290 0.00000000099999999999 0.16533565801470617718 
0.00000000099999999999 0.97171504344982806423 0.01071222425594345849 0.01757273129422855240 
0.00000000099999999997 0.99999999699999997382 0.00000000099999999997 0.00000000099999999997 
0.00000000099999999998 0.99477604986367385020 0.00000000099999999998 0.00522394813632628355 
0.00000000099999999999 0.99999999388250648824 0.00000000411749343141 0.00000000099999999999 
0.00000000100000000000 0.85897057149608679882 0.10533574205172778482 0.03569368545218542382 
