0.00000000099999999994 0.00000000099999999994 0.99999999600000000211 0.00000000099999999994 0.00000000099999999994 
0.00000000099999999993 0.00000000099999999993 0.00000000099999999993 0.00000000099999999993 0.99999999600000000211 
0.00000000099999999997 0.99999999600000000211 0.00000000099999999997 0.00000000099999999997 0.00000000099999999997 
0.00000000099999999999 0.00000472460185954754 0.00000000099999999999 0.00000000099999999999 0.99999527239814034463 
0.00000000099999999999 0.91238581214598157842 0.00036148966627444175 0.08725269618774392222 0.00000000099999999999 
0.00000000099999999992 0.00000000099999999992 0.99999999599999989108 0.00000000099999999992 0.00000000099999999992 
0.00000000099999999990 0.00000000099999999990 0.99999999599999989108 0.00000000099999999990 0.00000000099999999990 
0.00000000099999999996 0.96636165422891784349 0.00000000099999999996 0.03363834277108217891 0.00000000099999999996 
0.00000893776605762908 0.99999104131618554714 0.00000000099999999998 0.00000001891775683935 0.00000000099999999998 
0.00000000099999999997 0.95068964165571201441 0.00000000099999999997 0.04931035534428802880 0.00000000099999999997 
0.00000000099999999997 0.95982188857983452568 0.00000000099999999997 0.04017810842016555917 0.00000000099999999997 
0.00000000099999999998 0.99997966437096530434 0.00000000099999999998 0.00002033262903479848 0.00000000099999999998 
0.02433528860498654009 0.88883182768314339395 0.05897826359088741144 0.02695560493687823925 0.00089901518410446558 
0.00000000099999999993 0.00000000099999999993 0.00000000099999999993 0.00000000099999999993 0.99999999599999989108 
0.25564140022919373818 0.04159069929439557917 0.00000000402496575762 0.04853247265216733414 0.65423542379927768220 
0.99999999600000011313 0.00000000099999999980 0.00000000099999999980 0.00000000099999999980 0.00000000099999999980 
0.00000000099999999995 0.00000000099999999995 0.99999999600000000211 0.00000000099999999995 0.00000000099999999995 
0.04142331558216088422 0.93270523746710032320 0.00000000099999999997 0.02587144495073867914 0.00000000099999999997 
0.00000000099999999988 0.00000000099999999988 0.00000000099999999988 0.00000000099999999988 0.99999999600000000211 
0.00000000099999999997 0.59307723316102956002 0.40692276383897052483 0.00000000099999999997 0.00000000099999999997 
0.00000000099999999986 0.00000000099999999986 0.00000000099999999986 0.00000000099999999986 0.99999999599999989108 
0.00000000099999999990 0.00000000099999999990 0.00000000099999999990 0.99999999599999989108 0.00000000099999999990 
0.06702104906752971714 0.77550503956224448032 0.02693731228610084932 0.13053659808412484966 0.00000000100000000000 
0.00000000099999999999 0.95260463862964006587 0.00000000099999999999 0.04533204192017120659 0.00206331745018871861 
0.00000000099999999986 0.00000000099999999986 0.00000000099999999986 0.99999999600000000211 0.00000000099999999986 
0.01476739830959489935 0.95991490538203561034 0.02196768344575246446 0.00335001186261696046 0.00000000099999999999 
0.00000000099999999997 0.99999999600000011313 0.00000000099999999997 0.00000000099999999997 0.00000000099999999997 
0.01472303284625623918 0.48777049795091026452 0.00000000099999999999 0.49750646720283336899 0.00000000099999999999 
0.00000000099999999988 0.00000000099999999988 0.00000000099999999988 0.99999999600000000211 0.00000000099999999988 
0.00000000099999999990 0.00000000099999999990 0.00000000099999999990 0.99999999600000000211 0.00000000099999999990 
0.00000000099999999987 0.00000000099999999987 0.00000000099999999987 0.99999999600000000211 0.00000000099999999987 
0.00000000099999999989 0.00000000099999999989 0.00000000099999999989 0.99999999600000000211 0.00000000099999999989 
0.04434308816597256481 0.95565662709741538983 0.00000000099999999998 0.00000028273661203968 0.00000000099999999998 
0.00000000099999999996 0.99728111932475116408 0.00271887767524877895 0.00000000099999999996 0.00000000099999999996 
0.00000000099999999999 0.97741530851415681092 0.02258468848584315250 0.00000000099999999999 0.00000000099999999999 
0.03652726425410016825 0.83572977143721371984 0.04747400303954155132 0.08026896026914449866 0.00000000099999999999 
0.00000000099999999998 0.99999939707665608246 0.00000000099999999998 0.00000059992334403371 0.00000000099999999998 
0.00000000099999999999 0.97054913291633448935 0.00000084022736470582 0.02945002485630083752 0.00000000099999999999 
0.00000000099999999998 0.94738038689830628147 0.02975180820079171423 0.02286780290090204351 0.00000000099999999998 
0.00000000099999999993 0.00000000099999999993 0.99999999599999989108 0.00000000099999999993 0.00000000099999999993 
0.00000000099999999990 0.00000000099999999990 0.99999999599999989108 0.00000000099999999990 0.00000000099999999990 
0.99999999600000000211 0.00000000099999999979 0.00000000099999999979 0.00000000099999999979 0.00000000099999999979 
0.00000000099999999991 0.00000000099999999991 0.00000000099999999991 0.00000000099999999991 0.99999999600000000211 
0.99999999600000011313 0.00000000099999999976 0.00000000099999999976 0.00000000099999999976 0.00000000099999999976 
0.56487163970074250052 0.00000000099999999993 0.00000000099999999993 0.00000000099999999993 0.43512835729925763983 
0.99999999600000000211 0.00000000099999999973 0.00000000099999999973 0.00000000099999999973 0.00000000099999999973 
0.00000000099999999981 0.00000000099999999981 0.00000000099999999981 0.00000000099999999981 0.99999999599999989108 
0.00000000099999999997 0.04241897879098094348 0.95758101820901897483 0.00000000099999999997 0.00000000099999999997 
0.00000000099999999981 0.00000000099999999981 0.00000000099999999981 0.99999999599999989108 0.00000000099999999981 
0.00000000099999999996 0.99999999600000000211 0.00000000099999999996 0.00000000099999999996 0.00000000099999999996 
0.00000000099999999995 0.99999999600000000211 0.00000000099999999995 0.00000000099999999995 0.00000000099999999995 
0.00000000099999999984 0.00000000099999999984 0.00000000099999999984 0.99999999600000000211 0.00000000099999999984 
0.00000000099999999997 0.95887405238640799343 0.00000000099999999997 0.04112594461359200815 0.00000000099999999997 
0.00000000099999999998 0.99999984960726229222 0.00000000099999999998 0.00000014739273775145 0.00000000099999999998 
0.00000000099999999990 0.00000000099999999990 0.99999999600000000211 0.00000000099999999990 0.00000000099999999990 
0.00000000099999999999 0.91316012330407025921 0.00940856644138476222 0.05042321091731326310 0.02700809833723184089 
0.00000000100000000000 0.83643291839164923829 0.05085508715532321977 0.08213300116646486682 0.03057899228656264443 
0.00000000099999999985 0.00000000099999999985 0.00000000099999999985 0.00000000099999999985 0.99999999599999989108 
0.00000000099999999995 0.00000000099999999995 0.99999999599999989108 0.00000000099999999995 0.00000000099999999995 
0.00000000099999999983 0.00000000099999999983 0.00000000099999999983 0.00000000099999999983 0.99999999599999989108 
0.00000000099999999998 0.49373993062047366598 0.50625924973075286939 0.00000081764877338564 0.00000000099999999998 
0.46964221242123466160 0.00000000099999999992 0.00000000099999999992 0.00000000099999999992 0.53035778457876525671 
0.00000000099999999987 0.00000000099999999987 0.99999999600000000211 0.00000000099999999987 0.00000000099999999987 
0.00024841842777289700 0.98543189741765246925 0.00000000099999999999 0.01431968215457453397 0.00000000099999999999 
0.00000000099999999993 0.00000000099999999993 0.99999999600000000211 0.00000000099999999993 0.00000000099999999993 
0.00000000099999999997 0.99276260463482102203 0.00000000099999999997 0.00723739236517905414 0.00000000099999999997 
0.00000000099999999998 0.00000000099999999998 0.84860584579125375448 0.15139415120874630261 0.00000000099999999998 
0.00000000099999999990 0.00000000099999999990 0.99999999600000000211 0.00000000099999999990 0.00000000099999999990 
0.00000000099999999991 0.00000000099999999991 0.99999999600000000211 0.00000000099999999991 0.00000000099999999991 
0.00000000099999999997 0.98642670630125561804 0.00054115801108599174 0.01303213368765828752 0.00000000099999999997 
0.00000000099999999991 0.00000000099999999991 0.99999999599999989108 0.00000000099999999991 0.00000000099999999991 
0.00000000099999999990 0.00000000099999999990 0.99999999599999989108 0.00000000099999999990 0.00000000099999999990 
0.00000000100000000000 0.77610733885507154906 0.09842784308357896417 0.09994717876988078176 0.02551763829146853901 
0.00000000099999999999 0.88761050417646836230 0.05714073360210173563 0.01660563375879864356 0.03864312746263128678 
0.00000000100000000000 0.88716822963635744159 0.00009901717717827275 0.07419515989192422556 0.03853759229454013086 
0.13967238680945046059 0.86022925553095475060 0.00000000099999999999 0.00009835565959474505 0.00000000099999999999 
0.59292783198595500060 0.40577293271786252227 0.00128448122727640914 0.00001475306890603422 0.00000000099999999999 
0.00000000099999999995 0.99999999600000011313 0.00000000099999999995 0.00000000099999999995 0.00000000099999999995 
0.00000000099999999998 0.97103088258462122440 0.02896906716211837540 0.00000004825326052758 0.00000000099999999998 
0.00000000099999999999 0.05634789533454517829 0.84088935527950137150 0.07789535566034287706 0.02486739272561053204 
0.00000000099999999998 0.91769262833685449898 0.00001161510333362141 0.08229575455981197329 0.00000000099999999998 
0.00000000099999999998 0.96126159614913198048 0.00000000099999999998 0.03873840085086808355 0.00000000099999999998 
0.05550765422680357941 0.94350058739031061883 0.00000000099999999999 0.00000000099999999999 0.00099175638288585724 
0.00000000099999999999 0.00000126086066372653 0.99999873613933631944 0.00000000099999999999 0.00000000099999999999 
0.00000041461784595242 0.99891930278275486987 0.00000000099999999998 0.00108028059939912742 0.00000000099999999998 
0.00000000099999999997 0.23165019781085699480 0.72012451407031585759 0.04822528611882712785 0.00000000099999999997 
0.00012266875207970568 0.61149446332086188072 0.30145244056011916145 0.08692518497873948091 0.00000524238819978374 
0.00001680692437528827 0.67204004783024295921 0.01213849595173487755 0.31578396673363806624 0.00002068256000865629 
0.00000000099999999990 0.00000000099999999990 0.99999999600000000211 0.00000000099999999990 0.00000000099999999990 
0.00000000099999999999 0.85701924708822285748 0.01040004089967070701 0.13258071001210641748 0.00000000099999999999 
0.04702206599875344978 0.94786896987959878835 0.00000000123487236786 0.00510817079828180479 0.00000079208849352869 
0.00000000099999999999 0.82320949953865907300 0.01117814881710590090 0.16561234964423512950 0.00000000099999999999 
0.01310748813992137704 0.97007376988319338196 0.00000000099999999999 0.01623678996293316176 0.00058195101395211782 
0.00000000099999999997 0.99999999600000000211 0.00000000099999999997 0.00000000099999999997 0.00000000099999999997 
0.00000000099999999997 0.99511312311445243584 0.00000000099999999997 0.00488687388554768284 0.00000000099999999997 
0.00004634483206498193 0.99995365216793508090 0.00000000099999999999 0.00000000099999999999 0.00000000099999999999 
0.00000000099999999999 0.84607175424590197466 0.00000000099999999999 0.03421359239693961413 0.11971465135715853023 
