0.00000000099999999996 0.00000000099999999996 0.00000000099999999996 0.00000000099999999996 0.99999999599999989108 
0.00000000099999999997 0.00000000099999999997 0.00000000099999999997 0.99999999599999989108 0.00000000099999999997 
0.48451860838952759414 0.00000000099999999997 0.51548138861047254622 0.00000000099999999997 0.00000000099999999997 
0.13561860763917552020 0.00000000959130750998 0.00000000100000000000 0.86438138076951709365 0.00000000100000000000 
0.50349906093880958391 0.07989757714780471032 0.41660281101722468344 0.00000000100000000000 0.00000054989616088427 
0.00000000099999999994 0.00000000099999999994 0.00000000099999999994 0.00000000099999999994 0.99999999599999989108 
0.00000000099999999991 0.00000000099999999991 0.00000000099999999991 0.00000000099999999991 0.99999999599999989108 
0.99999999600000011313 0.00000000099999999994 0.00000000099999999994 0.00000000099999999994 0.00000000099999999994 
0.45520703855770427992 0.00000000099999999998 0.54479295844229569390 0.00000000099999999998 0.00000000099999999998 
0.60897366687265808149 0.03809533257113716792 0.35293099855620485572 0.00000000099999999998 0.00000000099999999998 
0.49677550203881581936 0.02380803776757335968 0.47941645819361083936 0.00000000099999999998 0.00000000099999999998 
0.99999999600000000211 0.00000000099999999996 0.00000000099999999996 0.00000000099999999996 0.00000000099999999996 
0.65035081407684114385 0.00796365226615560612 0.26741173513047145072 0.02141521881449796882 0.05285857971203380967 
0.00000000099999999996 0.00000000099999999996 0.00000000099999999996 0.99999999599999989108 0.00000000099999999996 
0.10874404479302177129 0.00003787434939123145 0.00000000099999999999 0.89121807885758697054 0.00000000099999999999 
0.00000000099999999988 0.00000000099999999988 0.00000000099999999988 0.99999999599999989108 0.00000000099999999988 
0.00000000099999999996 0.00000000099999999996 0.00000000099999999996 0.00000000099999999996 0.99999999599999989108 
0.54727618617277529189 0.02191608243252335386 0.40175476538918430958 0.02905296500551695499 0.00000000099999999999 
0.00000000099999999993 0.00000000099999999993 0.00000000099999999993 0.99999999599999989108 0.00000000099999999993 
0.60219261034199766947 0.00000000099999999996 0.00000000099999999996 0.00000000099999999996 0.39780738665800235987 
0.00000000099999999989 0.00000000099999999989 0.00000000099999999989 0.99999999599999989108 0.00000000099999999989 
0.00000000099999999992 0.99999999600000011313 0.00000000099999999992 0.00000000099999999992 0.00000000099999999992 
0.41871564719611487071 0.12425264694160415013 0.38219013305844912187 0.06026250909945078671 0.01457906370438107405 
0.99999997413182173389 0.00000002286817826751 0.00000000099999999998 0.00000000099999999998 0.00000000099999999998 
0.00000000099999999988 0.99999999600000011313 0.00000000099999999988 0.00000000099999999988 0.00000000099999999988 
0.45602790840907486691 0.00000078119119788766 0.54384654857719116894 0.00000000100000000000 0.00012476082253618740 
0.67925420075173303935 0.00000000099999999998 0.32074579624826715651 0.00000000099999999998 0.00000000099999999998 
0.50360115899553603569 0.49639883800446393813 0.00000000099999999998 0.00000000099999999998 0.00000000099999999998 
0.00000000099999999990 0.99999999600000011313 0.00000000099999999990 0.00000000099999999990 0.00000000099999999990 
0.00000000099999999991 0.99999999600000000211 0.00000000099999999991 0.00000000099999999991 0.00000000099999999991 
0.00000000099999999989 0.99999999600000000211 0.00000000099999999989 0.00000000099999999989 0.00000000099999999989 
0.00000000099999999991 0.99999999600000000211 0.00000000099999999991 0.00000000099999999991 0.00000000099999999991 
0.00000000099999999992 0.00000000099999999992 0.99999999599999989108 0.00000000099999999992 0.00000000099999999992 
0.50317321977260809351 0.00000000099999999997 0.49682676703568084964 0.00000000099999999997 0.00000001119171119675 
0.99999999600000011313 0.00000000099999999997 0.00000000099999999997 0.00000000099999999997 0.00000000099999999997 
0.62205326138702110583 0.07545782045847196362 0.23968873771849852350 0.02176905109801115581 0.04103112933799728246 
0.99999999589189092486 0.00000000099999999997 0.00000000110810910858 0.00000000099999999997 0.00000000099999999997 
0.00000000099999999994 0.00000000099999999994 0.99999999600000000211 0.00000000099999999994 0.00000000099999999994 
0.36756352125618141358 0.02348520110682322110 0.60867907632040918475 0.00000000099999999999 0.00027220031658626458 
0.00000000099999999994 0.00000000099999999994 0.00000000099999999994 0.00000000099999999994 0.99999999599999989108 
0.00000000099999999992 0.00000000099999999992 0.00000000099999999992 0.00000000099999999992 0.99999999599999989108 
0.00000000099999999986 0.00000000099999999986 0.00000000099999999986 0.99999999600000000211 0.00000000099999999986 
0.00000000099999999996 0.00000000099999999996 0.00000000099999999996 0.99999999600000000211 0.00000000099999999996 
0.00000000099999999978 0.00000000099999999978 0.00000000099999999978 0.99999999599999989108 0.00000000099999999978 
0.00000000099999999991 0.00000000099999999991 0.00000000099999999991 0.99999999600000000211 0.00000000099999999991 
0.00000000099999999980 0.00000000099999999980 0.00000000099999999980 0.99999999600000000211 0.00000000099999999980 
0.00000000099999999983 0.00000000099999999983 0.00000000099999999983 0.99999999600000000211 0.00000000099999999983 
0.00000000099999999998 0.00000000099999999998 0.06579217139754256483 0.00000000099999999998 0.93420782560245740900 
0.00000000099999999983 0.99999999600000011313 0.00000000099999999983 0.00000000099999999983 0.00000000099999999983 
0.00000000099999999989 0.00000000099999999989 0.99999999599999989108 0.00000000099999999989 0.00000000099999999989 
0.68984700957177835789 0.00000000099999999996 0.31015298742822161593 0.00000000099999999996 0.00000000099999999996 
0.00000000099999999987 0.99999999600000000211 0.00000000099999999987 0.00000000099999999987 0.00000000099999999987 
0.99999999600000000211 0.00000000099999999994 0.00000000099999999994 0.00000000099999999994 0.00000000099999999994 
0.00000000099999999991 0.00000000099999999991 0.99999999599999989108 0.00000000099999999991 0.00000000099999999991 
0.00000000099999999991 0.00000000099999999991 0.00000000099999999991 0.00000000099999999991 0.99999999600000000211 
0.99994892946047531090 0.00005106753952468689 0.00000000099999999999 0.00000000099999999999 0.00000000099999999999 
0.28952496222483914412 0.07986560129787988183 0.56730700929898880691 0.02007130195233535266 0.04323112522595685958 
0.00000000099999999991 0.00000000099999999991 0.00000000099999999991 0.99999999600000000211 0.00000000099999999991 
0.00000000099999999996 0.00000000099999999996 0.00000000099999999996 0.00000000099999999996 0.99999999600000000211 
0.00000000099999999988 0.00000000099999999988 0.00000000099999999988 0.99999999600000000211 0.00000000099999999988 
0.50862153599836279483 0.00000000099999999996 0.00000000099999999996 0.00000000099999999996 0.49137846100163729002 
0.00000000099999999990 0.00000000099999999990 0.00000000099999999990 0.99999999599999989108 0.00000000099999999990 
0.00000000099999999989 0.00000000099999999989 0.00000000099999999989 0.00000000099999999989 0.99999999600000000211 
0.48584144497015396835 0.00002245393058104346 0.51413609909926494268 0.00000000099999999999 0.00000000099999999999 
0.00000000099999999994 0.00000000099999999994 0.00000000099999999994 0.00000000099999999994 0.99999999599999989108 
0.52184976128147841923 0.00138877794285509988 0.47676145877566650233 0.00000000099999999998 0.00000000099999999998 
0.00000000099999999999 0.15392053082384254958 0.00000005102144506897 0.00000000099999999999 0.84607941615471238261 
0.00000000099999999991 0.00000000099999999991 0.00000000099999999991 0.00000000099999999991 0.99999999599999989108 
0.00000000099999999992 0.00000000099999999992 0.00000000099999999992 0.00000000099999999992 0.99999999599999989108 
0.39875066860023578030 0.00000000215007399863 0.60124932626611815589 0.00000000099999999998 0.00000000198357212921 
0.00000000099999999992 0.00000000099999999992 0.00000000099999999992 0.00000000099999999992 0.99999999600000000211 
0.00000000099999999992 0.00000000099999999992 0.00000000099999999992 0.00000000099999999992 0.99999999599999989108 
0.47680574531180314191 0.09255300103261915323 0.31740549665757250564 0.01457788804141963226 0.09865786895658541777 
0.97160515348360765309 0.00000000099999999999 0.00000000099999999999 0.00186999877164266979 0.02652484574474969770 
0.64052064295504995695 0.07753764879924682218 0.25869590061506808620 0.02324580282774260306 0.00000000480289260604 
0.87219171080310131661 0.00000000099999999999 0.00000012120733604622 0.12780816598956268315 0.00000000099999999999 
0.31540716573641069953 0.00001050294485056632 0.10585478181359848915 0.51531311495408094192 0.06341443455105941207 
0.53126119047978537235 0.00000000099999999996 0.46873880652021476800 0.00000000099999999996 0.00000000099999999996 
0.99999999600000000211 0.00000000099999999997 0.00000000099999999997 0.00000000099999999997 0.00000000099999999997 
0.11939168920669633589 0.05318498202908716194 0.00000000099999999999 0.00027450529943607568 0.82714882246478038663 
0.46048097578572794175 0.06917086673732605884 0.47034815547694602822 0.00000000099999999999 0.00000000099999999999 
0.58001307356652664904 0.03259125964479433341 0.38739566478867898391 0.00000000099999999998 0.00000000099999999998 
0.96235606502472292867 0.00000000099999999999 0.00000000099999999999 0.03764393197527701740 0.00000000099999999999 
0.00000000099999999999 0.00000000099999999999 0.00000283626681702910 0.00000000099999999999 0.99999716073318289933 
0.99999999600000000211 0.00000000099999999994 0.00000000099999999994 0.00000000099999999994 0.00000000099999999994 
0.11825204044611946352 0.04572129603567023221 0.12148458352021877793 0.00000000099999999999 0.71454207899799160320 
0.50126265560531202414 0.07210182100024400964 0.10338766805008464678 0.00000030404450260020 0.32324755129985682789 
0.76543536533490241780 0.23454971772805149888 0.00000000100000000000 0.00000000100000000000 0.00001491493704614751 
0.00000000099999999992 0.00000000099999999992 0.00000000099999999992 0.00000000099999999992 0.99999999599999989108 
0.86485662640403249135 0.13514332640374684957 0.00000004519222071605 0.00000000099999999999 0.00000000099999999999 
0.32991999993333231966 0.00000367587094647048 0.65027399520800199806 0.01980232798771906777 0.00000000100000000000 
0.69482379334482780031 0.16703247719706479368 0.13814362983511097038 0.00000000099999999999 0.00000009862299644911 
0.00000000099999999992 0.00000000099999999992 0.99999999600000000211 0.00000000099999999992 0.00000000099999999992 
0.00000000099999999990 0.00000000099999999990 0.99999999599999989108 0.00000000099999999990 0.00000000099999999990 
0.61563021173865151159 0.00000679712758835601 0.38436298913376004682 0.00000000099999999998 0.00000000099999999998 
0.84924936422282581994 0.00000000099999999998 0.15075063277717412613 0.00000000099999999998 0.00000000099999999998 
0.66133941489678549353 0.02031937511206193675 0.21552153239593976886 0.10281967659521279446 0.00000000100000000000 
