0.00000000099999999995 0.79028626242063915175 0.00000000099999999995 0.00000000099999999995 0.20971373257936101742 0.00000000099999999995 0.00000000099999999995 
0.00000440235615371278 0.00000000099999999996 0.00000000099999999996 0.00000000099999999996 0.00000000099999999996 0.00000000099999999996 0.99999559264384640933 
0.55938850005791018738 0.00000000099999999994 0.00000000099999999994 0.44061149494208989852 0.00000000099999999994 0.00000000099999999994 0.00000000099999999994 
0.15407767846847628124 0.00000000099999999998 0.00000000099999999998 0.00000000099999999998 0.00000000099999999998 0.00000000099999999998 0.84592231653152361037 
0.52163290652539251457 0.00000000099999999997 0.00010646033113590970 0.00000000099999999997 0.00000000099999999997 0.47826062914347156063 0.00000000099999999997 
0.00000000099999999989 0.99999999400000016969 0.00000000099999999989 0.00000000099999999989 0.00000000099999999989 0.00000000099999999989 0.00000000099999999989 
0.00000000099999999978 0.00000000099999999978 0.00000000099999999978 0.00000000099999999978 0.99999999399999994765 0.00000000099999999978 0.00000000099999999978 
0.00000000099999999985 0.00000000099999999985 0.00000000099999999985 0.00000000099999999985 0.00000000099999999985 0.99999999399999994765 0.00000000099999999985 
0.27458983556575949914 0.00000000099999999997 0.00000000099999999997 0.34049855286381747188 0.00000000099999999997 0.38491160757042297558 0.00000000099999999997 
0.99999999400000005867 0.00000000099999999990 0.00000000099999999990 0.00000000099999999990 0.00000000099999999990 0.00000000099999999990 0.00000000099999999990 
0.00000000099999999987 0.00000000099999999987 0.00000000099999999987 0.99999999400000005867 0.00000000099999999987 0.00000000099999999987 0.00000000099999999987 
0.00000000099999999992 0.00000000099999999992 0.00000000099999999992 0.99999999399999994765 0.00000000099999999992 0.00000000099999999992 0.00000000099999999992 
0.00006204624251143649 0.00000000100000000000 0.02744935085864187371 0.60916256010318348135 0.10824849455176333013 0.24331105236492009403 0.01176649487897983917 
0.00000000099999999994 0.00000000099999999994 0.00000000099999999994 0.00000000099999999994 0.00000000099999999994 0.00000000099999999994 0.99999999399999994765 
0.12059025333484341136 0.00000000099999999998 0.00000000099999999998 0.00000000099999999998 0.00000000099999999998 0.00000000099999999998 0.87940974166515673005 
0.00000000099999999982 0.00000000099999999982 0.00000000099999999982 0.00000000099999999982 0.00000000099999999982 0.00000000099999999982 0.99999999400000005867 
0.00000000099999999991 0.99999999400000005867 0.00000000099999999991 0.00000000099999999991 0.00000000099999999991 0.00000000099999999991 0.00000000099999999991 
0.00000000099999999986 0.00000000099999999986 0.00000000099999999986 0.00000000099999999986 0.00000000099999999986 0.99999999400000005867 0.00000000099999999986 
0.00000000099999999989 0.00000000099999999989 0.00000000099999999989 0.00000000099999999989 0.00000000099999999989 0.00000000099999999989 0.99999999399999994765 
0.00000000099999999990 0.00000000099999999990 0.00000000099999999990 0.00000000099999999990 0.55214074304821869621 0.44785925195178127867 0.00000000099999999990 
0.00000000099999999984 0.00000000099999999984 0.00000000099999999984 0.00000000099999999984 0.00000000099999999984 0.00000000099999999984 0.99999999399999994765 
0.00000000099999999988 0.00000000099999999988 0.99999999400000005867 0.00000000099999999988 0.00000000099999999988 0.00000000099999999988 0.00000000099999999988 
0.25778899111164921276 0.00055117264342930262 0.11433438862571107530 0.31028509143577109874 0.02424054785894560679 0.23087413010077473263 0.06192567822371915914 
0.31012159062691962985 0.00000000099999999995 0.00000000099999999995 0.68987840437308023400 0.00000000099999999995 0.00000000099999999995 0.00000000099999999995 
0.00000000099999999983 0.00000000099999999983 0.99999999399999994765 0.00000000099999999983 0.00000000099999999983 0.00000000099999999983 0.00000000099999999983 
0.00000000099999999993 0.00000000099999999993 0.00000000099999999993 0.99999999399999994765 0.00000000099999999993 0.00000000099999999993 0.00000000099999999993 
0.20708257485992626057 0.00000000099999999997 0.00000000099999999997 0.41354731053522181261 0.00000000099999999997 0.37937011060485176239 0.00000000099999999997 
0.52892348010554568472 0.00000000099999999995 0.47107651489445440118 0.00000000099999999995 0.00000000099999999995 0.00000000099999999995 0.00000000099999999995 
0.00000000099999999985 0.00000000099999999985 0.99999999399999994765 0.00000000099999999985 0.00000000099999999985 0.00000000099999999985 0.00000000099999999985 
0.00000000099999999986 0.00000000099999999986 0.99999999400000005867 0.00000000099999999986 0.00000000099999999986 0.00000000099999999986 0.00000000099999999986 
0.00000000099999999985 0.00000000099999999985 0.99999999399999994765 0.00000000099999999985 0.00000000099999999985 0.00000000099999999985 0.00000000099999999985 
0.00000000099999999987 0.00000000099999999987 0.99999999399999994765 0.00000000099999999987 0.00000000099999999987 0.00000000099999999987 0.00000000099999999987 
0.99999999400000016969 0.00000000099999999982 0.00000000099999999982 0.00000000099999999982 0.00000000099999999982 0.00000000099999999982 0.00000000099999999982 
0.00000000099999999996 0.00000000099999999996 0.00000000099999999996 0.53714496863336791410 0.00000000099999999996 0.46285502636663194975 0.00000000099999999996 
0.00000000099999999997 0.00000000099999999997 0.00000000099999999997 0.68376257279763152930 0.00000000099999999997 0.31623742220236833456 0.00000000099999999997 
0.99999999400000005867 0.00000000099999999985 0.00000000099999999985 0.00000000099999999985 0.00000000099999999985 0.00000000099999999985 0.00000000099999999985 
0.38349709285148636528 0.00000000099999999997 0.00000000099999999997 0.31868690490912332525 0.00000000099999999997 0.29781599823939025606 0.00000000099999999997 
0.00000000099999999991 0.00000000099999999991 0.00000000099999999991 0.99999999400000005867 0.00000000099999999991 0.00000000099999999991 0.00000000099999999991 
0.16062095845519164250 0.03179115620177037221 0.01220716018001142232 0.44151642111085404041 0.00000000099999999998 0.35386430205217256351 0.00000000099999999998 
0.00000000099999999985 0.99999999400000005867 0.00000000099999999985 0.00000000099999999985 0.00000000099999999985 0.00000000099999999985 0.00000000099999999985 
0.00000000099999999983 0.99999999400000005867 0.00000000099999999983 0.00000000099999999983 0.00000000099999999983 0.00000000099999999983 0.00000000099999999983 
0.00000000099999999979 0.00000000099999999979 0.00000000099999999979 0.00000000099999999979 0.00000000099999999979 0.00000000099999999979 0.99999999400000005867 
0.00000000099999999994 0.00000000099999999994 0.00000000099999999994 0.00000000099999999994 0.00000000099999999994 0.00000000099999999994 0.99999999399999994765 
0.00000000099999999967 0.00000000099999999967 0.00000000099999999967 0.00000000099999999967 0.00000000099999999967 0.00000000099999999967 0.99999999399999994765 
0.00000000099999999986 0.00000000099999999986 0.00000000099999999986 0.00000000099999999986 0.00000000099999999986 0.00000000099999999986 0.99999999400000005867 
0.00000000099999999969 0.00000000099999999969 0.00000000099999999969 0.00000000099999999969 0.00000000099999999969 0.00000000099999999969 0.99999999399999994765 
0.00000000099999999975 0.00000000099999999975 0.00000000099999999975 0.00000000099999999975 0.00000000099999999975 0.00000000099999999975 0.99999999400000005867 
0.00000000099999999995 0.99999999400000005867 0.00000000099999999995 0.00000000099999999995 0.00000000099999999995 0.00000000099999999995 0.00000000099999999995 
0.00000000099999999976 0.00000000099999999976 0.99999999400000005867 0.00000000099999999976 0.00000000099999999976 0.00000000099999999976 0.00000000099999999976 
0.00000000099999999994 0.00000000099999999994 0.00000000099999999994 0.55865191762794164099 0.00000000099999999994 0.44134807737205833389 0.00000000099999999994 
0.00000000099999999992 0.00000000099999999992 0.00000000099999999992 0.34643614510448433874 0.00000000099999999992 0.65356384989551541409 0.00000000099999999992 
0.00000000099999999981 0.00000000099999999981 0.99999999399999994765 0.00000000099999999981 0.00000000099999999981 0.00000000099999999981 0.00000000099999999981 
0.99999999400000016969 0.00000000099999999980 0.00000000099999999980 0.00000000099999999980 0.00000000099999999980 0.00000000099999999980 0.00000000099999999980 
0.00000000099999999995 0.00000000099999999995 0.00000000099999999995 0.59219069163134818723 0.00000000099999999995 0.40780930336865167662 0.00000000099999999995 
0.00000000099999999983 0.99999999400000016969 0.00000000099999999983 0.00000000099999999983 0.00000000099999999983 0.00000000099999999983 0.00000000099999999983 
0.00000000099999999996 0.00000000099999999996 0.00000000099999999996 0.00000000099999999996 0.00000000099999999996 0.99999999400000005867 0.00000000099999999996 
0.12486212561592201220 0.05697491617552734311 0.07613098685940727917 0.42327556352022571717 0.00000000099999999999 0.29969861760386939942 0.01905778922504814538 
0.00000000099999999986 0.00000000099999999986 0.00000000099999999986 0.00000000099999999986 0.00000000099999999986 0.00000000099999999986 0.99999999399999994765 
0.00000000099999999992 0.99999999400000005867 0.00000000099999999992 0.00000000099999999992 0.00000000099999999992 0.00000000099999999992 0.00000000099999999992 
0.00000000099999999982 0.00000000099999999982 0.00000000099999999982 0.00000000099999999982 0.00000000099999999982 0.00000000099999999982 0.99999999399999994765 
0.00000000099999999990 0.00000000099999999990 0.00000000099999999990 0.00000000099999999990 0.61377148367285483399 0.38622851132714508537 0.00000000099999999990 
0.00000000099999999984 0.00000000099999999984 0.00000000099999999984 0.00000000099999999984 0.00000000099999999984 0.00000000099999999984 0.99999999399999994765 
0.00000000099999999981 0.99999999400000016969 0.00000000099999999981 0.00000000099999999981 0.00000000099999999981 0.00000000099999999981 0.00000000099999999981 
0.00000000099999999991 0.00000000099999999991 0.00000000099999999991 0.00000000099999999991 0.00000000099999999991 0.99999999399999994765 0.00000000099999999991 
0.00000000099999999985 0.00000000099999999985 0.00000000099999999985 0.00000000099999999985 0.99999999399999994765 0.00000000099999999985 0.00000000099999999985 
0.00000000099999999989 0.00000000099999999989 0.00000000099999999989 0.00000000099999999989 0.00000000099999999989 0.99999999399999994765 0.00000000099999999989 
0.00000000099999999996 0.00000000099999999996 0.00000000099999999996 0.00000000099999999996 0.99999999399999994765 0.00000000099999999996 0.00000000099999999996 
0.00000000099999999977 0.00000000099999999977 0.00000000099999999977 0.00000000099999999977 0.99999999400000005867 0.00000000099999999977 0.00000000099999999977 
0.00000000099999999985 0.99999999400000016969 0.00000000099999999985 0.00000000099999999985 0.00000000099999999985 0.00000000099999999985 0.00000000099999999985 
0.00000000099999999988 0.00000000099999999988 0.00000000099999999988 0.99999999399999994765 0.00000000099999999988 0.00000000099999999988 0.00000000099999999988 
0.00000000099999999988 0.53347741935380776912 0.00000000099999999988 0.00000000099999999988 0.46652257564619237229 0.00000000099999999988 0.00000000099999999988 
0.00000000099999999987 0.99999999400000005867 0.00000000099999999987 0.00000000099999999987 0.00000000099999999987 0.00000000099999999987 0.00000000099999999987 
0.20177706916069554355 0.00634780106769627754 0.08108115358619782942 0.17896346674450341885 0.10022379367462370958 0.41870147745124164373 0.01290523831504153569 
0.49300370791423642203 0.04287711391355003565 0.00000000099999999999 0.00000000099999999999 0.00000025871611865333 0.46411891645609482104 0.00000000099999999999 
0.13014397977516639626 0.00000000100000000000 0.07005504311167980169 0.31353103322423697685 0.00625393193403417803 0.45930250853330534255 0.02071350242157716723 
0.20617536705055036772 0.00000000099999999999 0.00000000099999999999 0.28787556355570587119 0.00000000099999999999 0.38159610411854988365 0.12435296227519390677 
0.13206609131761351539 0.00000000100000000000 0.00000001948766037286 0.26071406600407265319 0.08620998179668713790 0.00000852356884827179 0.52100131682511807707 
0.00000000099999999993 0.00000000099999999993 0.00000000099999999993 0.74861368864476673934 0.00000000099999999993 0.25138630635523318002 0.00000000099999999993 
0.61935129515151465807 0.00000000099999999994 0.00000000099999999994 0.38064869984848531681 0.00000000099999999994 0.00000000099999999994 0.00000000099999999994 
0.00000000099999999995 0.00000000099999999995 0.00000000099999999995 0.00000000099999999995 0.99999999399999994765 0.00000000099999999995 0.00000000099999999995 
0.00000000099999999996 0.00000000099999999996 0.00000000099999999996 0.00000000099999999996 0.00000000099999999996 0.99999999400000005867 0.00000000099999999996 
0.27694827110387998381 0.00000000099999999997 0.01672389957068657132 0.52582036483078731237 0.00000000099999999997 0.18050746149464610979 0.00000000099999999997 
0.00530940938710731947 0.00000000099999999999 0.00000000099999999999 0.52384348937487579256 0.00000000099999999999 0.41533112728521354162 0.05551597095280326466 
0.00000000622959612387 0.00000000917394372870 0.00000000099999999999 0.00000000099999999999 0.99999998059646011406 0.00000000099999999999 0.00000000099999999999 
0.00000000099999999994 0.00000000099999999994 0.00000000099999999994 0.40054679556701061616 0.00000000099999999994 0.59945319943298924770 0.00000000099999999994 
0.00000000099999999997 0.75076648649715527206 0.00000540844637920192 0.00000000099999999997 0.00059296185365773036 0.24863514020280766403 0.00000000099999999997 
0.70845501478715222632 0.00000526392202353951 0.00050089890218706567 0.00000467899008540321 0.29100655724706969707 0.00002758515148191798 0.00000000100000000000 
0.00000017561485105132 0.00000000404681296113 0.32676727453770937348 0.67323254280062660992 0.00000000099999999999 0.00000000099999999999 0.00000000099999999999 
0.00000000099999999979 0.00000000099999999979 0.00000000099999999979 0.00000000099999999979 0.99999999399999994765 0.00000000099999999979 0.00000000099999999979 
0.27604359834902214565 0.00000000099999999999 0.10619384455574480686 0.31385305630889798190 0.04849684180121516947 0.25541265698511977922 0.00000000099999999999 
0.00000025232341921650 0.00000000099999999999 0.00000012031951154078 0.71971213972770153866 0.00000000099999999999 0.26353241304156771463 0.01675507258780010653 
0.28317805194420281323 0.00000005294877611432 0.15472435608880999447 0.35790907555322459821 0.01174639801708011154 0.19244206444790623589 0.00000000099999999999 
0.00000000099999999989 0.00000000099999999989 0.00000000099999999989 0.00000000099999999989 0.00000000099999999989 0.99999999400000005867 0.00000000099999999989 
0.00000000099999999985 0.00000000099999999985 0.00000000099999999985 0.99999999400000005867 0.00000000099999999985 0.00000000099999999985 0.00000000099999999985 
0.58082549206456746127 0.00000000099999999995 0.00000000099999999995 0.00023212417451394133 0.00000000099999999995 0.41894237976091858178 0.00000000099999999995 
0.99999999400000005867 0.00000000099999999992 0.00000000099999999992 0.00000000099999999992 0.00000000099999999992 0.00000000099999999992 0.00000000099999999992 
0.37442401499965832778 0.00000000099999999999 0.01522922251596019357 0.23659181946481255832 0.00000000099999999999 0.27211354711162971665 0.10164139390793923423 
