0.00000000099999999996 0.00000000099999999996 0.99999999699999986280 0.00000000099999999996 
0.00000000099999999998 0.00000000099999999998 0.00000000099999999998 0.99999999700000008485 
0.99999999700000008485 0.00000000099999999998 0.00000000099999999998 0.00000000099999999998 
0.13033423236935623435 0.00006272259520139941 0.00000365541081675657 0.86959938962462568490 
0.91237052542364871499 0.08715781584863811771 0.00047165772771311438 0.00000000100000000000 
0.00000000099999999995 0.00000000099999999995 0.99999999699999986280 0.00000000099999999995 
0.00000000099999999993 0.00000000099999999993 0.99999999699999986280 0.00000000099999999993 
0.96613999472184852735 0.03386000327815155003 0.00000000099999999998 0.00000000099999999998 
0.99999987671306878045 0.00000012128693123536 0.00000000099999999999 0.00000000099999999999 
0.94994001547856410372 0.05005998252143591815 0.00000000099999999998 0.00000000099999999998 
0.96026573339800957996 0.03973426460199031701 0.00000000099999999998 0.00000000099999999998 
0.99998968608723837193 0.00001031191276166786 0.00000000099999999999 0.00000000099999999999 
0.89136876120026731218 0.02507264166350171852 0.06018543727965895013 0.02337315985657203651 
0.00000000099999999997 0.00000000099999999997 0.00000000099999999997 0.99999999700000008485 
0.06415823319650842960 0.03520254062890810359 0.00000003447949167711 0.90063919169509176754 
0.00000000099999999991 0.00000000099999999991 0.00000000099999999991 0.99999999699999997382 
0.00000000099999999997 0.00000000099999999997 0.99999999699999997382 0.00000000099999999997 
0.93833391283230294100 0.03012821523244243668 0.00000000099999999999 0.03153787093525459162 
0.00000000099999999995 0.00000000099999999995 0.00000000099999999995 0.99999999699999997382 
0.59310706002247914892 0.00000000099999999998 0.40689293797752096316 0.00000000099999999998 
0.00000000099999999992 0.00000000099999999992 0.00000000099999999992 0.99999999700000008485 
0.00000000099999999993 0.99999999700000008485 0.00000000099999999993 0.00000000099999999993 
0.78128234668809293240 0.12872775465653388260 0.02716814431495999035 0.06282175434041310791 
0.95399198035826715536 0.04600399791262178156 0.00000000099999999999 0.00000402072911116660 
0.00000000099999999991 0.99999999699999997382 0.00000000099999999991 0.00000000099999999991 
0.97406033412008463657 0.00194840937792863165 0.02370100880759754697 0.00029024769438928553 
0.99999999700000008485 0.00000000099999999998 0.00000000099999999998 0.00000000099999999998 
0.49645254388792320333 0.50304924426265162918 0.00000000099999999999 0.00049821084942511869 
0.00000000099999999992 0.99999999699999997382 0.00000000099999999992 0.00000000099999999992 
0.00000000099999999993 0.99999999700000008485 0.00000000099999999993 0.00000000099999999993 
0.00000000099999999991 0.99999999700000008485 0.00000000099999999991 0.00000000099999999991 
0.00000000099999999993 0.99999999700000008485 0.00000000099999999993 0.00000000099999999993 
0.95907642344432431081 0.00000007812417341602 0.00000000099999999999 0.04092349743150234392 
0.99732692162542646575 0.00000000099999999998 0.00267307637457353921 0.00000000099999999998 
0.97747667669974336313 0.00000000099999999999 0.02252332130025667956 0.00000000099999999999 
0.84065520865030074482 0.08030289724473227420 0.05051977625566570623 0.02852211784930112903 
0.99999990541338534822 0.00000009258661460173 0.00000000099999999999 0.00000000099999999999 
0.97283857949381891128 0.02716140265771383247 0.00000001684846723706 0.00000000100000000000 
0.94834525142422598787 0.02351126993086202419 0.02814347764491187745 0.00000000099999999999 
0.00000000099999999995 0.00000000099999999995 0.99999999699999997382 0.00000000099999999995 
0.00000000099999999993 0.00000000099999999993 0.99999999699999997382 0.00000000099999999993 
0.00000000099999999990 0.00000000099999999990 0.00000000099999999990 0.99999999699999997382 
0.00000000099999999997 0.00000000099999999997 0.00000000099999999997 0.99999999700000008485 
0.00000000099999999983 0.00000000099999999983 0.00000000099999999983 0.99999999699999997382 
0.00000000099999999993 0.00000000099999999993 0.00000000099999999993 0.99999999700000008485 
0.00000000099999999985 0.00000000099999999985 0.00000000099999999985 0.99999999700000008485 
0.00000000099999999987 0.00000000099999999987 0.00000000099999999987 0.99999999700000008485 
0.04174594786106993610 0.00000000099999999998 0.95825405013893016903 0.00000000099999999998 
0.00000000099999999987 0.99999999699999997382 0.00000000099999999987 0.00000000099999999987 
0.99999999699999997382 0.00000000099999999997 0.00000000099999999997 0.00000000099999999997 
0.99999999700000008485 0.00000000099999999996 0.00000000099999999996 0.00000000099999999996 
0.00000000099999999989 0.99999999700000008485 0.00000000099999999989 0.00000000099999999989 
0.95944020360741455455 0.04055979439258546038 0.00000000099999999998 0.00000000099999999998 
0.99999984009317255396 0.00000015790682749095 0.00000000099999999998 0.00000000099999999998 
0.00000000099999999993 0.00000000099999999993 0.99999999699999986280 0.00000000099999999993 
0.91715301540996052587 0.05360916705030643881 0.01258978764523846147 0.01664802989449445589 
0.83770194022313793081 0.08362259197509554209 0.05169963620148883277 0.02697583160027769086 
0.00000000099999999993 0.00000000099999999993 0.00000000099999999993 0.99999999699999997382 
0.00000000099999999997 0.00000000099999999997 0.99999999699999986280 0.00000000099999999997 
0.00000000099999999991 0.00000000099999999991 0.00000000099999999991 0.99999999700000008485 
0.49368510498341811044 0.00000000099999999999 0.50631489301658183511 0.00000000099999999999 
0.00000000099999999992 0.00000000099999999992 0.00000000099999999992 0.99999999699999997382 
0.00000000099999999991 0.00000000099999999991 0.99999999699999997382 0.00000000099999999991 
0.99084854701859725878 0.00915145098140275962 0.00000000099999999999 0.00000000099999999999 
0.00000000099999999995 0.00000000099999999995 0.99999999699999997382 0.00000000099999999995 
0.99163375058094271886 0.00836624741905720413 0.00000000099999999998 0.00000000099999999998 
0.00000000099999999999 0.15127443992171357712 0.84872555807828631291 0.00000000099999999999 
0.00000000099999999993 0.00000000099999999993 0.99999999699999997382 0.00000000099999999993 
0.00000000099999999994 0.00000000099999999994 0.99999999699999997382 0.00000000099999999994 
0.98616188882935851279 0.01335422934948976917 0.00048388082115163075 0.00000000099999999998 
0.00000000099999999994 0.00000000099999999994 0.99999999699999997382 0.00000000099999999994 
0.00000000099999999994 0.00000000099999999994 0.99999999699999986280 0.00000000099999999994 
0.78260330734060767899 0.09912705711578542744 0.10127440768780544833 0.01699522785580155626 
0.89585080412841744391 0.01790584016046526186 0.05897504420772341910 0.02726831150339389595 
0.89706704653601809785 0.07437087114849723346 0.00012845022467878142 0.02843363209080587706 
0.87150959196120947325 0.00066621793825829580 0.00000000791947431602 0.12782418218105801033 
0.41230786621465709274 0.00052486663796594366 0.07024220774146046342 0.51692505940591648717 
0.99999999700000008485 0.00000000099999999997 0.00000000099999999997 0.00000000099999999997 
0.97090248562735370630 0.00000013652829756685 0.02909737684434858529 0.00000000099999999999 
0.06265763903891585773 0.07975293020548444856 0.84772611023386368334 0.00986332052173591323 
0.91816675074985421023 0.08183123755216428763 0.00000201069798143034 0.00000000099999999999 
0.96093679830378708751 0.03906319969621278171 0.00000000099999999998 0.00000000099999999998 
0.94517594605708188382 0.00000000099999999999 0.00000000099999999999 0.05482405194291813111 
0.00000000254853025824 0.00000000149595322532 0.99999999495551639139 0.00000000100000000000 
0.99889596279507630872 0.00110403520492374395 0.00000000099999999998 0.00000000099999999998 
0.23193101002414759360 0.04808036098941510794 0.71998862798643714633 0.00000000099999999999 
0.61008157611529412190 0.08629779120573685680 0.30361490663557610947 0.00000572604339307516 
0.67353232572746657425 0.31554791006022470112 0.01091340636089257327 0.00000635785141623335 
0.00000000099999999994 0.00000000099999999994 0.99999999699999986280 0.00000000099999999994 
0.85633378159662132401 0.13323583897272939236 0.01043037843064932059 0.00000000100000000000 
0.96467350125468998012 0.00353958234905897085 0.00000000392077861573 0.03178691247547258542 
0.82361992566636521573 0.16516928448459727852 0.01121078884903735189 0.00000000099999999999 
0.97197190295301283403 0.01732456119904665984 0.00000000099999999999 0.01070353484794038523 
0.99999999700000008485 0.00000000099999999997 0.00000000099999999997 0.00000000099999999997 
0.99523075127569182730 0.00476924672430808789 0.00000000099999999998 0.00000000099999999998 
0.99999999633728764437 0.00000000099999999999 0.00000000099999999999 0.00000000166271240844 
0.85919832196390455437 0.03546451953564010856 0.00000000100000000000 0.10533715750045533066 
