0.00000000099999999997 0.00000000099999999997 0.99999999800000005656 
0.99999999800000005656 0.00000000099999999999 0.00000000099999999999 
0.00000000099999999999 0.99999996943683411299 0.00000002956316585563 
0.86817411765489216346 0.13116460255124329226 0.00066127979386453528 
0.00000000100000000000 0.99370273062918368367 0.00629726837081641660 
0.00000000099999999996 0.00000000099999999996 0.99999999799999994554 
0.00000000099999999995 0.00000000099999999995 0.99999999799999994554 
0.00000000099999999998 0.99999999799999994554 0.00000000099999999998 
0.00000000529503475440 0.99999999370496517326 0.00000000099999999999 
0.00000000099999999998 0.99999999800000005656 0.00000000099999999998 
0.00000000099999999999 0.99999999800000005656 0.00000000099999999999 
0.00000000099999999999 0.99999999799999994554 0.00000000099999999999 
0.01056989313628635060 0.93181338764259291629 0.05761671922112081290 
0.99999999799999994554 0.00000000099999999998 0.00000000099999999998 
0.90074593313499773384 0.09922721090703807978 0.00002685595796417261 
0.99999999799999994554 0.00000000099999999994 0.00000000099999999994 
0.00000000099999999998 0.00000000099999999998 0.99999999799999994554 
0.03447097339447473957 0.96552902560552522626 0.00000000099999999999 
0.99999999799999994554 0.00000000099999999996 0.00000000099999999996 
0.00000000099999999999 0.59654329217159196563 0.40345670682840806265 
0.99999999799999994554 0.00000000099999999994 0.00000000099999999994 
0.00000000099999999999 0.85491976374310885145 0.14508023525689114908 
0.06442169614026013735 0.89601139099450755054 0.03956691286523233292 
0.00002246376241693033 0.99997753523758292626 0.00000000099999999999 
0.00000000099999999999 0.82906363372693991920 0.17093636527306016459 
0.00575478478242620259 0.97266296097651194774 0.02158225424106193988 
0.00000000635414608236 0.99999999264585393011 0.00000000099999999999 
0.02044950454794616443 0.89583851200670505666 0.08371198344534880320 
0.00005701341410728291 0.83476448287724969166 0.16517850370864312071 
0.01282650013889439361 0.79609331246433567841 0.19108018739676990716 
0.00000000099999999999 0.80081756471721088353 0.19918243428278914475 
0.00000000100000000000 0.82407070767046020077 0.17592929132953993854 
0.04215042235191885506 0.95784957664808112465 0.00000000099999999999 
0.00000000099999999999 0.98750621515739389622 0.01249378384260619451 
0.00021105249011269445 0.97521901978239677877 0.02456992772749057308 
0.03201257933057864713 0.90651069831618413808 0.06147672235323718010 
0.00000000099999999999 0.99999999800000005656 0.00000000099999999999 
0.00000000100000000000 0.99964199103213469133 0.00035800796786525759 
0.00000000099999999999 0.97181373760953460028 0.02818626139046544882 
0.00000000099999999996 0.00000000099999999996 0.99999999799999994554 
0.00000000099999999995 0.00000000099999999995 0.99999999799999994554 
0.99999999800000005656 0.00000000099999999993 0.00000000099999999993 
0.99999999799999994554 0.00000000099999999998 0.00000000099999999998 
0.99999999799999994554 0.00000000099999999989 0.00000000099999999989 
0.99999999800000005656 0.00000000099999999995 0.00000000099999999995 
0.99999999800000005656 0.00000000099999999990 0.00000000099999999990 
0.99999999799999994554 0.00000000099999999991 0.00000000099999999991 
0.00000000099999999999 0.03555753310101498338 0.96444246589898507960 
0.00000000099999999998 0.79511668275924340943 0.20488331624075659110 
0.00000000099999999998 0.99999999799999994554 0.00000000099999999998 
0.00000000099999999997 0.99999999800000005656 0.00000000099999999997 
0.00000000099999999999 0.80081360808079760094 0.19918639091920242734 
0.00000000099999999998 0.99999999800000005656 0.00000000099999999998 
0.00000000236467341448 0.99999999663532646021 0.00000000099999999999 
0.00000000099999999995 0.00000000099999999995 0.99999999799999994554 
0.01686738458392403328 0.96776881807960168924 0.01536379733647441105 
0.02403986828855757263 0.91260737780539524788 0.06335275390604716561 
0.99999999799999994554 0.00000000099999999995 0.00000000099999999995 
0.00000000099999999998 0.00000000099999999998 0.99999999799999994554 
0.99999999799999994554 0.00000000099999999994 0.00000000099999999994 
0.00000000099999999999 0.49786241478285314654 0.50213758421714671520 
0.99999999799999994554 0.00000000099999999995 0.00000000099999999995 
0.00000000099999999994 0.00000000099999999994 0.99999999799999994554 
0.00001788887576173563 0.99998085190920693588 0.00000125921503134811 
0.00000000099999999997 0.00000000099999999997 0.99999999800000005656 
0.00000000099999999998 0.99999999800000005656 0.00000000099999999998 
0.00000000099999999999 0.11426859442538130074 0.88573140457461863040 
0.00000000099999999994 0.00000000099999999994 0.99999999799999994554 
0.00000000099999999995 0.00000000099999999995 0.99999999800000005656 
0.00000000099999999999 0.99944798721652172713 0.00055201178347818840 
0.00000000099999999995 0.00000000099999999995 0.99999999799999994554 
0.00000000099999999995 0.00000000099999999995 0.99999999799999994554 
0.01534315478224791175 0.87036076753042390663 0.11429607768732810702 
0.03269172670414821624 0.90567997777064723763 0.06162829552520454612 
0.03243348260232375296 0.96276772608898597561 0.00479879130869035816 
0.13424233985681668924 0.86575522427459550290 0.00000243586858767717 
0.52125554486404457322 0.41068051294248053562 0.06806394219347484953 
0.00000000099999999998 0.99999999800000005656 0.00000000099999999998 
0.00000000099999999999 0.97128437160605640699 0.02871562739394365252 
0.00847699335260240078 0.12891536083325902395 0.86260764581413851282 
0.00000000099999999999 0.99675790869446678766 0.00324209030553319812 
0.00000000099999999998 0.99999999800000005656 0.00000000099999999998 
0.06379924873996239976 0.93620074871202207945 0.00000000254801546790 
0.00000000100000000000 0.00058421951307329422 0.99941577948692683631 
0.00000000099999999998 0.99999999800000005656 0.00000000099999999998 
0.00000000099999999999 0.27135743861972733137 0.72864256038027264140 
0.00298859569744692848 0.68678306567099123292 0.31022833863156179524 
0.00031197844287627003 0.96756944178436388171 0.03211857977275981574 
0.00000000099999999995 0.00000000099999999995 0.99999999799999994554 
0.00000000100000000000 0.96313327429162720605 0.03686672470837270427 
0.04237377687764628392 0.95762007167443041755 0.00000615144792331392 
0.00000000099999999999 0.97172331961693170221 0.02827667938306838852 
0.00880606978996607663 0.99119392921003390828 0.00000000100000000000 
0.00191359387752173355 0.99808640512247825960 0.00000000099999999999 
0.00000000099999999998 0.99999999799999994554 0.00000000099999999998 
0.00003144339857656072 0.99994679188097734812 0.00002176472044615042 
0.11039642598102035465 0.88960351201209020289 0.00000006200688938861 
