0.99999999400000016969 0.00000000099999999993 0.00000000099999999993 0.00000000099999999993 0.00000000099999999993 0.00000000099999999993 0.00000000099999999993 
0.00000000099999999997 0.73897240516682161093 0.00000000099999999997 0.26102758983317847497 0.00000000099999999997 0.00000000099999999997 0.00000000099999999997 
0.00000000099999999990 0.00000000099999999990 0.00000000099999999990 0.00000000099999999990 0.00000000099999999990 0.00000000099999999990 0.99999999400000005867 
0.00000000099999999995 0.00000000099999999995 0.00000000099999999995 0.99999999400000005867 0.00000000099999999995 0.00000000099999999995 0.00000000099999999995 
0.00000000099999999998 0.00000000099999999998 0.02717054149500841218 0.00000000099999999998 0.32874443776683398566 0.00000000099999999998 0.64408501673815754529 
0.99999999400000016969 0.00000000099999999990 0.00000000099999999990 0.00000000099999999990 0.00000000099999999990 0.00000000099999999990 0.00000000099999999990 
0.99999999400000005867 0.00000000099999999986 0.00000000099999999986 0.00000000099999999986 0.00000000099999999986 0.00000000099999999986 0.00000000099999999986 
0.00000000099999999984 0.00000000099999999984 0.00000000099999999984 0.00000000099999999984 0.99999999399999994765 0.00000000099999999984 0.00000000099999999984 
0.00000000099999999989 0.00000000099999999989 0.00000000099999999989 0.00000000099999999989 0.99999999400000005867 0.00000000099999999989 0.00000000099999999989 
0.00000000099999999996 0.00000000099999999996 0.00033505378248091511 0.00000000099999999996 0.28517062125654668581 0.00000000099999999996 0.71449432096097231781 
0.00000000099999999988 0.00000000099999999988 0.00000000099999999988 0.00000000099999999988 0.00000000099999999988 0.00000000099999999988 0.99999999399999994765 
0.00000000099999999996 0.00000000099999999996 0.00000000099999999996 0.00000000099999999996 0.30022951322994223533 0.00000001349199266453 0.69977046927806507703 
0.00606459316678919277 0.00992550843757026777 0.04007307052901727673 0.00000000100000000000 0.00000000734898672275 0.19167161577601812827 0.75226520374161842675 
0.00000000099999999993 0.45795167022397764711 0.00000000099999999993 0.54204832477602227225 0.00000000099999999993 0.00000000099999999993 0.00000000099999999993 
0.00000000099999999999 0.44323575350434407660 0.02290484946265120697 0.47064289066196252076 0.00000000099999999999 0.06321650337104228745 0.00000000099999999999 
0.00000000099999999979 0.99999999400000016969 0.00000000099999999979 0.00000000099999999979 0.00000000099999999979 0.00000000099999999979 0.00000000099999999979 
0.99999999400000005867 0.00000000099999999994 0.00000000099999999994 0.00000000099999999994 0.00000000099999999994 0.00000000099999999994 0.00000000099999999994 
0.00000000099999999987 0.00000000099999999987 0.00000000099999999987 0.00000000099999999987 0.99999999400000005867 0.00000000099999999987 0.00000000099999999987 
0.00000000099999999974 0.00000000099999999974 0.00000000099999999974 0.99999999400000005867 0.00000000099999999974 0.00000000099999999974 0.00000000099999999974 
0.39394563291557366247 0.00000000099999999993 0.00000000099999999993 0.00000000099999999993 0.00000000099999999993 0.00000000099999999993 0.60605436208442620138 
0.00000000099999999980 0.99999999400000005867 0.00000000099999999980 0.00000000099999999980 0.00000000099999999980 0.00000000099999999980 0.00000000099999999980 
0.00000000099999999987 0.00000000099999999987 0.99999999399999994765 0.00000000099999999987 0.00000000099999999987 0.00000000099999999987 0.00000000099999999987 
0.00000082877417774248 0.06260366146754707539 0.12055605666063462511 0.00000000100000000000 0.09623301053232763413 0.34382778684995018992 0.37677865471536264863 
0.00000000099999999997 0.00000000099999999997 0.02834337177123040855 0.00000000099999999997 0.00000000099999999997 0.33537874381370819110 0.63627788041506139205 
0.00000000099999999982 0.00000000099999999982 0.99999999400000005867 0.00000000099999999982 0.00000000099999999982 0.00000000099999999982 0.00000000099999999982 
0.00000000099999999989 0.00000000099999999989 0.00000000099999999989 0.00000000099999999989 0.00000000099999999989 0.99999999399999994765 0.00000000099999999989 
0.00000000099999999991 0.00000000099999999991 0.00000000099999999991 0.00000000099999999991 0.00000000099999999991 0.00000000099999999991 0.99999999400000005867 
0.00000000099999999999 0.00000000099999999999 0.50552353225833812633 0.00000000099999999999 0.00000000099999999999 0.31213439978150042675 0.18234206396016144902 
0.00000000099999999984 0.00000000099999999984 0.99999999399999994765 0.00000000099999999984 0.00000000099999999984 0.00000000099999999984 0.00000000099999999984 
0.00000000099999999986 0.00000000099999999986 0.99999999399999994765 0.00000000099999999986 0.00000000099999999986 0.00000000099999999986 0.00000000099999999986 
0.00000000099999999983 0.00000000099999999983 0.99999999399999994765 0.00000000099999999983 0.00000000099999999983 0.00000000099999999983 0.00000000099999999983 
0.00000000099999999986 0.00000000099999999986 0.99999999399999994765 0.00000000099999999986 0.00000000099999999986 0.00000000099999999986 0.00000000099999999986 
0.00000000099999999992 0.00000000099999999992 0.00000000099999999992 0.00000000099999999992 0.00000000099999999992 0.00000000099999999992 0.99999999400000005867 
0.00000000099999999993 0.00000000099999999993 0.00000000099999999993 0.00000000099999999993 0.46060765076744658586 0.53939234423255333351 0.00000000099999999993 
0.00000000099999999988 0.00000000099999999988 0.00000000099999999988 0.00000000099999999988 0.00000000099999999988 0.99999999400000005867 0.00000000099999999988 
0.00000000099999999995 0.00000000099999999995 0.00000000099999999995 0.00000000099999999995 0.00000000099999999995 0.00000000099999999995 0.99999999400000005867 
0.00000000099999999996 0.00000000099999999996 0.00000000099999999996 0.00000000099999999996 0.34733786335272226475 0.00000000099999999996 0.65266213164727782114 
0.00000000099999999997 0.00000000099999999997 0.00000000099999999997 0.00000000099999999997 0.55139120218675830021 0.00000000099999999997 0.44860879281324161916 
0.00000000099999999989 0.00000000099999999989 0.00000000099999999989 0.00000000099999999989 0.00000000099999999989 0.99999999400000005867 0.00000000099999999989 
0.99999999400000016969 0.00000000099999999990 0.00000000099999999990 0.00000000099999999990 0.00000000099999999990 0.00000000099999999990 0.00000000099999999990 
0.99999999400000016969 0.00000000099999999987 0.00000000099999999987 0.00000000099999999987 0.00000000099999999987 0.00000000099999999987 0.00000000099999999987 
0.00000000099999999976 0.99999999400000016969 0.00000000099999999976 0.00000000099999999976 0.00000000099999999976 0.00000000099999999976 0.00000000099999999976 
0.00000000099999999995 0.74456512995274648503 0.00000000099999999995 0.25543486504725360087 0.00000000099999999995 0.00000000099999999995 0.00000000099999999995 
0.00000000099999999968 0.99999999400000016969 0.00000000099999999968 0.00000000099999999968 0.00000000099999999968 0.00000000099999999968 0.00000000099999999968 
0.00000000099999999982 0.99999999400000016969 0.00000000099999999982 0.00000000099999999982 0.00000000099999999982 0.00000000099999999982 0.00000000099999999982 
0.00000000099999999966 0.99999999400000005867 0.00000000099999999966 0.00000000099999999966 0.00000000099999999966 0.00000000099999999966 0.00000000099999999966 
0.00000000099999999959 0.00000000099999999959 0.00000000099999999959 0.99999999400000005867 0.00000000099999999959 0.00000000099999999959 0.00000000099999999959 
0.93086407289470263215 0.00000000099999999996 0.00000000099999999996 0.00000000099999999996 0.06913592210529741211 0.00000000099999999996 0.00000000099999999996 
0.00000000099999999974 0.00000000099999999974 0.99999999399999994765 0.00000000099999999974 0.00000000099999999974 0.00000000099999999974 0.00000000099999999974 
0.00000000099999999984 0.00000000099999999984 0.00000000099999999984 0.00000000099999999984 0.99999999400000005867 0.00000000099999999984 0.00000000099999999984 
0.00000000099999999983 0.00000000099999999983 0.00000000099999999983 0.00000000099999999983 0.00000000099999999983 0.99999999400000005867 0.00000000099999999983 
0.00000000099999999979 0.00000000099999999979 0.99999999400000005867 0.00000000099999999979 0.00000000099999999979 0.00000000099999999979 0.00000000099999999979 
0.00000000099999999994 0.00000000099999999994 0.00000000099999999994 0.00000000099999999994 0.32233315407692708643 0.00000000099999999994 0.67766684092307294396 
0.00000000099999999984 0.00000000099999999984 0.00000000099999999984 0.00000000099999999984 0.00000000099999999984 0.99999999399999994765 0.00000000099999999984 
0.99999999400000016969 0.00000000099999999987 0.00000000099999999987 0.00000000099999999987 0.00000000099999999987 0.00000000099999999987 0.00000000099999999987 
0.00000000099999999994 0.00000000099999999994 0.00000000099999999994 0.00000000099999999994 0.99999999399999994765 0.00000000099999999994 0.00000000099999999994 
0.02890103828031976088 0.00000000099999999999 0.06635179107827611500 0.02104580391757655822 0.00000000099999999999 0.46483220738533503891 0.41886915733849255927 
0.00000000099999999967 0.00000000099999999967 0.00000000099999999967 0.99999999399999994765 0.00000000099999999967 0.00000000099999999967 0.00000000099999999967 
0.99999999400000005867 0.00000000099999999994 0.00000000099999999994 0.00000000099999999994 0.00000000099999999994 0.00000000099999999994 0.00000000099999999994 
0.00000000099999999965 0.00000000099999999965 0.00000000099999999965 0.99999999400000005867 0.00000000099999999965 0.00000000099999999965 0.00000000099999999965 
0.48163270293760851448 0.00000000099999999992 0.00000000099999999992 0.00000000099999999992 0.00000000099999999992 0.00000000099999999992 0.51836729206239140488 
0.00000000099999999982 0.99999999400000005867 0.00000000099999999982 0.00000000099999999982 0.00000000099999999982 0.00000000099999999982 0.00000000099999999982 
0.99999999400000005867 0.00000000099999999983 0.00000000099999999983 0.00000000099999999983 0.00000000099999999983 0.00000000099999999983 0.00000000099999999983 
0.00000000099999999998 0.00000000099999999998 0.00000000099999999998 0.00000000099999999998 0.14902136529215948002 0.48709777368103213124 0.36388085702680844635 
0.99999999400000005867 0.00000000099999999991 0.00000000099999999991 0.00000000099999999991 0.00000000099999999991 0.00000000099999999991 0.00000000099999999991 
0.00000000099999999995 0.00000000099999999995 0.00000000099999999995 0.00000000099999999995 0.37434936622947506679 0.00000000099999999995 0.62565062877052490808 
0.84483487191749673251 0.00000000099999999997 0.15511553078169404429 0.00000000099999999997 0.00000000099999999997 0.00000000099999999997 0.00004959330080922411 
0.99999999400000016969 0.00000000099999999985 0.00000000099999999985 0.00000000099999999985 0.00000000099999999985 0.00000000099999999985 0.00000000099999999985 
0.99999999400000016969 0.00000000099999999987 0.00000000099999999987 0.00000000099999999987 0.00000000099999999987 0.00000000099999999987 0.00000000099999999987 
0.00000000099999999988 0.00000000099999999988 0.00000000099999999988 0.00000000099999999988 0.99999999400000005867 0.00000000099999999988 0.00000000099999999988 
0.99999999400000005867 0.00000000099999999987 0.00000000099999999987 0.00000000099999999987 0.00000000099999999987 0.00000000099999999987 0.00000000099999999987 
0.99999999400000005867 0.00000000099999999987 0.00000000099999999987 0.00000000099999999987 0.00000000099999999987 0.00000000099999999987 0.00000000099999999987 
0.09134894896380139906 0.00000000099999999999 0.08694271071338291468 0.02454929842578228161 0.19008444132667456916 0.30005470463839917228 0.30701989493195980252 
0.00012473474100768641 0.00000000099999999998 0.00000000099999999998 0.01596711262154990735 0.00000000099999999998 0.64145984890597018691 0.34244830073147225491 
0.00000000099999999999 0.00000000099999999999 0.06656644411764221780 0.03665322466948421620 0.29720048931930320713 0.23920216813837499870 0.36037767175519541674 
0.00000000099999999999 0.13012554116349756006 0.00000000099999999999 0.00000000099999999999 0.27932520628661655637 0.29399666164720733574 0.29655258790267841063 
0.00005938080653352860 0.55384573499095246518 0.00000000099999999999 0.00000000099999999999 0.00000000099999999999 0.44605607434238092601 0.00003880686013322636 
0.00000000099999999992 0.00000000099999999992 0.00000000099999999992 0.00000000099999999992 0.00000000099999999992 0.36445332652418355179 0.63554666847581653411 
0.00000000099999999995 0.00000000099999999995 0.00000000099999999995 0.00000000099999999995 0.00000000099999999995 0.49144215855709977303 0.50855783644290009082 
0.81624022479723601364 0.00000000099999999999 0.06048147402147740354 0.02624124257241879435 0.00000000099999999999 0.00000000099999999999 0.09703705560886782822 
0.00000000099999999998 0.00000000099999999998 0.06045467022750933977 0.00000000099999999998 0.23325956321410792893 0.32457754965382812351 0.38170821390455461630 
0.00000000099999999996 0.00000000099999999996 0.00050536191986268425 0.00000000099999999996 0.44420737915206426338 0.55528725492807307074 0.00000000099999999996 
0.00000000099999999996 0.00000000099999999996 0.00000000099999999996 0.00000000099999999996 0.00000000099999999996 0.99999999399999994765 0.00000000099999999996 
0.99999996919910572046 0.00000000099999999999 0.00000000099999999999 0.00000000099999999999 0.00000002580089445995 0.00000000099999999999 0.00000000099999999999 
0.00000000099999999983 0.00000000099999999983 0.00000000099999999983 0.00000000099999999983 0.99999999400000005867 0.00000000099999999983 0.00000000099999999983 
0.71453818977750349628 0.00000000099999999995 0.00694950459072703544 0.00000000099999999995 0.00000000099999999995 0.27851230163176948773 0.00000000099999999995 
0.27354881581662499057 0.00000000100000000000 0.00544640647794681493 0.00000000100000000000 0.00000454338271048143 0.62342729520372774932 0.09757293711898988586 
0.00002786521170453344 0.00001339208398985447 0.30315219766647399924 0.00000000100000000000 0.69680650559199297511 0.00000000100000000000 0.00000003744583856037 
0.99999999400000016969 0.00000000099999999988 0.00000000099999999988 0.00000000099999999988 0.00000000099999999988 0.00000000099999999988 0.00000000099999999988 
0.00000000099999999999 0.00000000099999999999 0.13571803830728595974 0.00000000099999999999 0.58490301846497261273 0.27937893391562523826 0.00000000631211609971 
0.00000000100000000000 0.00000257794276937091 0.00001356022831361861 0.03818679213938473704 0.18331993597980833499 0.19334158489864378128 0.58513554781108012559 
0.00022075987041123411 0.00000000099999999999 0.15970705867717607807 0.00000000099999999999 0.25688038731449930330 0.14901079519726054268 0.43418099694065276362 
0.00000000099999999996 0.00000000099999999996 0.00000000099999999996 0.00000000099999999996 0.45756631527243291080 0.54243367972756706408 0.00000000099999999996 
0.00000000099999999990 0.00000000099999999990 0.00000000099999999990 0.00000000099999999990 0.00000000099999999990 0.00000000099999999990 0.99999999400000005867 
0.00000000099999999996 0.00000000099999999996 0.00000000099999999996 0.00000000099999999996 0.35202449119378720344 0.38677066525776365724 0.26120483954844914143 
0.00000000099999999993 0.00000000099999999993 0.00000000099999999993 0.00000000099999999993 0.00000000099999999993 0.99999999399999994765 0.00000000099999999993 
0.00000000099999999999 0.00000000099999999999 0.00000000099999999999 0.10379890802471222755 0.00000000099999999999 0.00000000099999999999 0.89620108697528788610 
