0.00000000099999999997 0.00000000099999999997 0.99999999799999994554 
0.99999999799999994554 0.00000000099999999999 0.00000000099999999999 
0.00000000099999999999 0.99999999677044348889 0.00000000222955648137 
0.86821508595918472917 0.13133739827668272637 0.00044751576413249187 
0.00000000100000000000 0.99406366611327245941 0.00593633288672751076 
0.00000000099999999996 0.00000000099999999996 0.99999999799999994554 
0.00000000099999999995 0.00000000099999999995 0.99999999799999994554 
0.00000000099999999998 0.99999999800000005656 0.00000000099999999998 
0.00000000099999999999 0.99999999800000005656 0.00000000099999999999 
0.00000000099999999998 0.99999999799999994554 0.00000000099999999998 
0.00000000099999999999 0.99999999800000005656 0.00000000099999999999 
0.00000000099999999999 0.99999999800000005656 0.00000000099999999999 
0.01046237151163481073 0.93195915108588633924 0.05757847740247884483 
0.99999999800000005656 0.00000000099999999998 0.00000000099999999998 
0.90074373338989421889 0.09924476629577894116 0.00001150031432682053 
0.99999999799999994554 0.00000000099999999994 0.00000000099999999994 
0.00000000099999999998 0.00000000099999999998 0.99999999800000005656 
0.03446501567011669293 0.96553498332988318964 0.00000000099999999999 
0.99999999800000005656 0.00000000099999999996 0.00000000099999999996 
0.00000000099999999999 0.59657831081996948175 0.40342168818003060204 
0.99999999799999994554 0.00000000099999999994 0.00000000099999999994 
0.00000000099999999999 0.85499851330932508109 0.14500148569067483617 
0.06441600559773198731 0.89605813728539907004 0.03952585711686897735 
0.00000819878632025739 0.99999180021367972682 0.00000000099999999999 
0.00000000099999999999 0.82912684066660169435 0.17087315833339836169 
0.00570809925502631463 0.97283175363010232495 0.02146014711487131271 
0.00000000099999999999 0.99999999800000005656 0.00000000099999999999 
0.02044570007883211860 0.89588641153608961076 0.08366788838507835391 
0.00002719237815780790 0.83484524776757385034 0.16512755985426830208 
0.01282180938480034435 0.79614763530492016486 0.19103055531027940406 
0.00000000099999999999 0.80087631102784251347 0.19912368797215740379 
0.00000000100000000000 0.82413055617514729967 0.17586944282485270086 
0.04213895666029235376 0.95786104233970759125 0.00000000099999999999 
0.00000000099999999999 0.98762008168307413580 0.01237991731692593411 
0.00013584106778512632 0.97537840685012866526 0.02448575208208630255 
0.03200499679792954272 0.90657364965075071250 0.06142135355131959906 
0.00000000099999999999 0.99999999799999994554 0.00000000099999999999 
0.00000000100000000000 0.99979724458903318496 0.00020275441096690380 
0.00000000099999999999 0.97187159963099833959 0.02812839936900163318 
0.00000000099999999996 0.00000000099999999996 0.99999999800000005656 
0.00000000099999999995 0.00000000099999999995 0.99999999800000005656 
0.99999999799999994554 0.00000000099999999993 0.00000000099999999993 
0.99999999800000005656 0.00000000099999999998 0.00000000099999999998 
0.99999999800000005656 0.00000000099999999989 0.00000000099999999989 
0.99999999800000005656 0.00000000099999999995 0.00000000099999999995 
0.99999999800000005656 0.00000000099999999990 0.00000000099999999990 
0.99999999799999994554 0.00000000099999999991 0.00000000099999999991 
0.00000000099999999999 0.03553844199725796071 0.96446155700274205369 
0.00000000099999999998 0.79517838431350584827 0.20482161468649418001 
0.00000000099999999998 0.99999999800000005656 0.00000000099999999998 
0.00000000099999999997 0.99999999799999994554 0.00000000099999999997 
0.00000000099999999999 0.80086472672005892814 0.19913527227994104463 
0.00000000099999999998 0.99999999799999994554 0.00000000099999999998 
0.00000000099999999999 0.99999999799999994554 0.00000000099999999999 
0.00000000099999999995 0.00000000099999999995 0.99999999800000005656 
0.01686583505191456903 0.96784417690819257718 0.01528998803989291277 
0.02403178044699333035 0.91265384783427594417 0.06331437171873077752 
0.99999999800000005656 0.00000000099999999995 0.00000000099999999995 
0.00000000099999999998 0.00000000099999999998 0.99999999799999994554 
0.99999999800000005656 0.00000000099999999994 0.00000000099999999994 
0.00000000099999999999 0.49789130586756014107 0.50210869313243977619 
0.99999999800000005656 0.00000000099999999995 0.00000000099999999995 
0.00000000099999999994 0.00000000099999999994 0.99999999800000005656 
0.00000614537472433886 0.99999365476616564052 0.00000019985910996798 
0.00000000099999999997 0.00000000099999999997 0.99999999799999994554 
0.00000000099999999998 0.99999999799999994554 0.00000000099999999998 
0.00000000099999999999 0.11425625961067684133 0.88574373938932327022 
0.00000000099999999994 0.00000000099999999994 0.99999999800000005656 
0.00000000099999999995 0.00000000099999999995 0.99999999799999994554 
0.00000000099999999999 0.99966332982797900808 0.00033666917202089845 
0.00000000099999999995 0.00000000099999999995 0.99999999800000005656 
0.00000000099999999995 0.00000000099999999995 0.99999999799999994554 
0.01533536705160132643 0.87040672095899329630 0.11425791198940547788 
0.03268102764690992978 0.90574025083874865061 0.06157872151434141961 
0.03247787196110228647 0.96323804041959115718 0.00428408761930657023 
0.13423242110524127857 0.86576713109789615874 0.00000044779686263155 
0.52125037468038915023 0.41071582762231828578 0.06803379769729260562 
0.00000000099999999998 0.99999999800000005656 0.00000000099999999998 
0.00000000099999999999 0.97132676368530324051 0.02867323531469675307 
0.00841149213091428594 0.12897400253027663242 0.86261450533880901226 
0.00000000099999999999 0.99729064265106115439 0.00270935634893881621 
0.00000000099999999998 0.99999999799999994554 0.00000000099999999998 
0.06378905381319162349 0.93621094518680825214 0.00000000100000000000 
0.00000000100000000000 0.00012572180622785452 0.99987427719377208746 
0.00000000099999999998 0.99999999800000005656 0.00000000099999999998 
0.00000000099999999999 0.27137084703766661820 0.72862915196233335458 
0.00165830811695566699 0.68591544753665456557 0.31242624434638982533 
0.00015050604463703049 0.96961437555754781403 0.03023511839781518884 
0.00000000099999999995 0.00000000099999999995 0.99999999799999994554 
0.00000000100000000000 0.96369415604160113542 0.03630584295839887898 
0.04235989053379926594 0.95763882382463727527 0.00000128564156341623 
0.00000000099999999999 0.97177724215890481929 0.02822275684109525756 
0.00878677848071305299 0.99121322051928684171 0.00000000100000000000 
0.00180825741314903470 0.99819174158685097797 0.00000000099999999999 
0.00000000099999999998 0.99999999800000005656 0.00000000099999999998 
0.00001144519393324874 0.99998265398766461587 0.00000590081840217783 
0.11038844314945166214 0.88961155169440553347 0.00000000515614268852 
