0.00000000099999999996 0.99999999699999997382 0.00000000099999999996 0.00000000099999999996 
0.00000000099999999998 0.00000000099999999998 0.00000000099999999998 0.99999999700000008485 
0.00000000099999999998 0.00000000099999999998 0.99999999699999986280 0.00000000099999999998 
0.00008208877800617216 0.00000572604276427510 0.13031474683283666982 0.86959743834639291471 
0.08715031338505890846 0.00053669327875399513 0.91231299233618712297 0.00000000100000000000 
0.00000000099999999995 0.99999999699999997382 0.00000000099999999995 0.00000000099999999995 
0.00000000099999999993 0.99999999700000008485 0.00000000099999999993 0.00000000099999999993 
0.03388899006426446953 0.00000000099999999998 0.96611100793573545520 0.00000000099999999998 
0.00000001501538146374 0.00000000099999999999 0.99999998298461856283 0.00000000099999999999 
0.05007107950964503895 0.00000000099999999998 0.94992891849035498986 0.00000000099999999998 
0.03974112207860518164 0.00000000099999999998 0.96025887592139491655 0.00000000099999999998 
0.00001935514808463250 0.00000000099999999999 0.99998064285191523570 0.00000000099999999999 
0.02513990648853212106 0.06017092167328226548 0.89132455317819769824 0.02336461865998796378 
0.00000000099999999997 0.00000000099999999997 0.00000000099999999997 0.99999999700000008485 
0.03517791324948682519 0.00000000100000000000 0.06415372387561540934 0.90066836187489762722 
0.00000000099999999991 0.00000000099999999991 0.00000000099999999991 0.99999999699999997382 
0.00000000099999999997 0.99999999699999997382 0.00000000099999999997 0.00000000099999999997 
0.03014252509006562150 0.00000000099999999999 0.93831998307007458138 0.03153749083985967622 
0.00000000099999999995 0.00000000099999999995 0.00000000099999999995 0.99999999700000008485 
0.00000000099999999998 0.40689846408903829200 0.59310153391096165354 0.00000000099999999998 
0.00000000099999999992 0.00000000099999999992 0.00000000099999999992 0.99999999700000008485 
0.99999999700000008485 0.00000000099999999993 0.00000000099999999993 0.00000000099999999993 
0.12874400554238646377 0.02716965408763736406 0.78126396852911172974 0.06282237184086436610 
0.04602312932559965430 0.00000000099999999999 0.95397156258389292915 0.00000530709050727680 
0.99999999700000008485 0.00000000099999999991 0.00000000099999999991 0.00000000099999999991 
0.00201449765533742546 0.02370093493426971010 0.97397914429611442966 0.00030542311427836409 
0.00000000099999999998 0.00000000099999999998 0.99999999699999986280 0.00000000099999999998 
0.50305383354695076825 0.00000000099999999999 0.49642402973630972429 0.00052213571673962855 
0.99999999699999997382 0.00000000099999999992 0.00000000099999999992 0.00000000099999999992 
0.99999999700000008485 0.00000000099999999993 0.00000000099999999993 0.00000000099999999993 
0.99999999700000008485 0.00000000099999999991 0.00000000099999999991 0.00000000099999999991 
0.99999999699999997382 0.00000000099999999993 0.00000000099999999993 0.00000000099999999993 
0.00000000099999999999 0.00000000099999999999 0.95907682198627430825 0.04092317601372556790 
0.00000000099999999998 0.00270803833090068084 0.99729195966909922610 0.00000000099999999998 
0.00000000099999999999 0.02253489724047068321 0.97746510075952930396 0.00000000099999999999 
0.08032240844223975662 0.05052333197465461861 0.84063190850440094870 0.02852235107870468994 
0.00000000099999999999 0.00000000099999999999 0.99999999699999986280 0.00000000099999999999 
0.02718877857740260515 0.00000022088275187597 0.97281099953984551121 0.00000000100000000000 
0.02352763657053914825 0.02814884238422561344 0.94832352004523512434 0.00000000099999999999 
0.00000000099999999995 0.99999999700000008485 0.00000000099999999995 0.00000000099999999995 
0.00000000099999999993 0.99999999700000008485 0.00000000099999999993 0.00000000099999999993 
0.00000000099999999990 0.00000000099999999990 0.00000000099999999990 0.99999999700000008485 
0.00000000099999999997 0.00000000099999999997 0.00000000099999999997 0.99999999700000008485 
0.00000000099999999983 0.00000000099999999983 0.00000000099999999983 0.99999999699999997382 
0.00000000099999999993 0.00000000099999999993 0.00000000099999999993 0.99999999700000008485 
0.00000000099999999985 0.00000000099999999985 0.00000000099999999985 0.99999999700000008485 
0.00000000099999999987 0.00000000099999999987 0.00000000099999999987 0.99999999699999997382 
0.00000000099999999998 0.95825310902364913002 0.04174688897635092655 0.00000000099999999998 
0.99999999700000008485 0.00000000099999999987 0.00000000099999999987 0.00000000099999999987 
0.00000000099999999997 0.00000000099999999997 0.99999999699999997382 0.00000000099999999997 
0.00000000099999999996 0.00000000099999999996 0.99999999699999986280 0.00000000099999999996 
0.99999999700000008485 0.00000000099999999989 0.00000000099999999989 0.00000000099999999989 
0.04057075847025527759 0.00000000099999999998 0.95942923952974468182 0.00000000099999999998 
0.00000000321114392978 0.00000000099999999998 0.99999999478885615023 0.00000000099999999998 
0.00000000099999999993 0.99999999699999997382 0.00000000099999999993 0.00000000099999999993 
0.05362269752486156088 0.01259547622930392609 0.91713646306843077394 0.01664536317740377552 
0.08363470203053517682 0.05170182808522433976 0.83768870680653617633 0.02697476307770432791 
0.00000000099999999993 0.00000000099999999993 0.00000000099999999993 0.99999999700000008485 
0.00000000099999999997 0.99999999699999997382 0.00000000099999999997 0.00000000099999999997 
0.00000000099999999991 0.00000000099999999991 0.00000000099999999991 0.99999999699999997382 
0.00000018701958286330 0.50631952083350473259 0.49368029114691230896 0.00000000099999999999 
0.00000000099999999992 0.00000000099999999992 0.00000000099999999992 0.99999999699999997382 
0.00000000099999999991 0.99999999700000008485 0.00000000099999999991 0.00000000099999999991 
0.00921310738059929156 0.00000000099999999999 0.99078689061940061755 0.00000000099999999999 
0.00000000099999999995 0.99999999699999997382 0.00000000099999999995 0.00000000099999999995 
0.00840109137906491776 0.00000000099999999998 0.99159890662093497227 0.00000000099999999998 
0.15127305556906173178 0.84872694243093826927 0.00000000099999999999 0.00000000099999999999 
0.00000000099999999993 0.99999999700000008485 0.00000000099999999993 0.00000000099999999993 
0.00000000099999999994 0.99999999700000008485 0.00000000099999999994 0.00000000099999999994 
0.01337014922994435480 0.00056239669222705774 0.98606745307782861509 0.00000000099999999998 
0.00000000099999999994 0.99999999700000008485 0.00000000099999999994 0.00000000099999999994 
0.00000000099999999994 0.99999999700000008485 0.00000000099999999994 0.00000000099999999994 
0.09914054005944818171 0.10127857744876789248 0.78258569164213576119 0.01699519084964820625 
0.01793378294645578755 0.05897520688916214199 0.89582220999079897883 0.02726880017358307429 
0.07437749777757989011 0.00016648250867203347 0.89702541380899492029 0.02843060590475297855 
0.00071596342623572598 0.00000009566686083636 0.87145949875392081374 0.12782444215298272017 
0.00057514434121294753 0.07022975926015130599 0.41226976093277045710 0.51692533546586538762 
0.00000000099999999997 0.00000000099999999997 0.99999999699999986280 0.00000000099999999997 
0.00000000963943588331 0.02910068119530811667 0.97089930816525593649 0.00000000099999999999 
0.07975325965348056823 0.84772474876497361240 0.06265717424921057876 0.00986481733233519377 
0.08184892955738223841 0.00000484766237235444 0.91814622178024529742 0.00000000099999999999 
0.03908284674203855308 0.00000000099999999998 0.96091715125796139940 0.00000000099999999998 
0.00000000099999999999 0.00000000099999999999 0.94517609944148528456 0.05482389855851457078 
0.00000000099999999999 0.99999978033335679140 0.00000021766664314746 0.00000000099999999999 
0.00117020865292999897 0.00000000099999999998 0.99882978934706989627 0.00000000099999999998 
0.04808315563619093569 0.71999046365385921398 0.23192637970994972596 0.00000000099999999999 
0.08547203432094803432 0.30378186550411040434 0.61073119415947541011 0.00001490601546609600 
0.31559603655884954643 0.01047808079761641635 0.67391264521835558821 0.00001323742517846402 
0.00000000099999999994 0.99999999699999997382 0.00000000099999999994 0.00000000099999999994 
0.13320586319690555510 0.01062394594286813695 0.85617018986022619398 0.00000000100000000000 
0.00369617233483682467 0.00000000100000000000 0.96451683817177635838 0.03178698849338691679 
0.16518912178214983921 0.01123119696935327184 0.82357968024849692590 0.00000000099999999999 
0.01736183229453706900 0.00000000099999999999 0.97193255361394004233 0.01070561309152286492 
0.00000000099999999997 0.00000000099999999997 0.99999999699999997382 0.00000000099999999997 
0.00482302029688871838 0.00000000099999999998 0.99517697770311130956 0.00000000099999999998 
0.00000000099999999999 0.00000000099999999999 0.99999999699999997382 0.00000000099999999999 
0.03549079259281227167 0.00000000100000000000 0.85917206416916702683 0.10533714223802065346 
