0.00000000099999999962 0.00000000099999999962 0.00000000099999999962 0.00000000099999999962 0.00000000099999999962 0.00000000099999999962 0.00000000099999999962 0.00000000099999999962 0.00000000099999999962 0.99999999099999992147 
0.00000000099999999976 0.00000000099999999976 0.00000000099999999976 0.00000000099999999976 0.00000000099999999976 0.00000000099999999976 0.00000000099999999976 0.99999999099999992147 0.00000000099999999976 0.00000000099999999976 
0.00000000099999999983 0.00000000099999999983 0.00000000099999999983 0.00000000099999999983 0.00000000099999999983 0.99999999100000014352 0.00000000099999999983 0.00000000099999999983 0.00000000099999999983 0.00000000099999999983 
0.00000000099999999997 0.99999999100000025454 0.00000000099999999997 0.00000000099999999997 0.00000000099999999997 0.00000000099999999997 0.00000000099999999997 0.00000000099999999997 0.00000000099999999997 0.00000000099999999997 
0.00000000099999999987 0.00000000099999999987 0.00000000099999999987 0.00000000099999999987 0.00000000099999999987 0.99999999100000003249 0.00000000099999999987 0.00000000099999999987 0.00000000099999999987 0.00000000099999999987 
0.00000000099999999970 0.00000000099999999970 0.00000000099999999970 0.99999999100000014352 0.00000000099999999970 0.00000000099999999970 0.00000000099999999970 0.00000000099999999970 0.00000000099999999970 0.00000000099999999970 
0.00000000099999999970 0.00000000099999999970 0.00000000099999999970 0.00000000099999999970 0.00000000099999999970 0.00000000099999999970 0.99999999099999992147 0.00000000099999999970 0.00000000099999999970 0.00000000099999999970 
0.00000000099999999970 0.00000000099999999970 0.00000000099999999970 0.00000000099999999970 0.99999999100000014352 0.00000000099999999970 0.00000000099999999970 0.00000000099999999970 0.00000000099999999970 0.00000000099999999970 
0.00000000099999999992 0.00000000099999999992 0.00000000099999999992 0.00000000099999999992 0.32659099453217388387 0.67340899746782623136 0.00000000099999999992 0.00000000099999999992 0.00000000099999999992 0.00000000099999999992 
0.64594136124697687507 0.00000000099999999994 0.00000000099999999994 0.00000000099999999994 0.35405863075302329568 0.00000000099999999994 0.00000000099999999994 0.00000000099999999994 0.00000000099999999994 0.00000000099999999994 
0.99999999100000014352 0.00000000099999999984 0.00000000099999999984 0.00000000099999999984 0.00000000099999999984 0.00000000099999999984 0.00000000099999999984 0.00000000099999999984 0.00000000099999999984 0.00000000099999999984 
0.99999999100000014352 0.00000000099999999987 0.00000000099999999987 0.00000000099999999987 0.00000000099999999987 0.00000000099999999987 0.00000000099999999987 0.00000000099999999987 0.00000000099999999987 0.00000000099999999987 
0.25114565736205385349 0.00000000100000000000 0.23959119951739918375 0.00000000100000000000 0.22577468021605176518 0.24210752340599150934 0.00988700754226399907 0.01347814133225459961 0.01801578762398493155 0.00000000100000000000 
0.00000000099999999990 0.42544652855629078170 0.00000000099999999990 0.00000000099999999990 0.00000000099999999990 0.00000000099999999990 0.00000000099999999990 0.57455346344370905598 0.00000000099999999990 0.00000000099999999990 
0.00000000099999999996 0.99999999100000014352 0.00000000099999999996 0.00000000099999999996 0.00000000099999999996 0.00000000099999999996 0.00000000099999999996 0.00000000099999999996 0.00000000099999999996 0.00000000099999999996 
0.00000000099999999959 0.99999999100000025454 0.00000000099999999959 0.00000000099999999959 0.00000000099999999959 0.00000000099999999959 0.00000000099999999959 0.00000000099999999959 0.00000000099999999959 0.00000000099999999959 
0.00000000099999999976 0.00000000099999999976 0.00000000099999999976 0.00000000099999999976 0.00000000099999999976 0.00000000099999999976 0.99999999099999992147 0.00000000099999999976 0.00000000099999999976 0.00000000099999999976 
0.00000000099999999971 0.00000000099999999971 0.00000000099999999971 0.00000000099999999971 0.99999999100000014352 0.00000000099999999971 0.00000000099999999971 0.00000000099999999971 0.00000000099999999971 0.00000000099999999971 
0.00000000099999999984 0.45644468993731046602 0.00000000099999999984 0.00000000099999999984 0.00000000099999999984 0.00000000099999999984 0.00000000099999999984 0.54355530206268942717 0.00000000099999999984 0.00000000099999999984 
0.00000000099999999956 0.00000000099999999956 0.99999999100000014352 0.00000000099999999956 0.00000000099999999956 0.00000000099999999956 0.00000000099999999956 0.00000000099999999956 0.00000000099999999956 0.00000000099999999956 
0.00000000099999999957 0.00000000099999999957 0.00000000099999999957 0.00000000099999999957 0.00000000099999999957 0.00000000099999999957 0.00000000099999999957 0.99999999100000003249 0.00000000099999999957 0.00000000099999999957 
0.00000000099999999982 0.00000000099999999982 0.00000000099999999982 0.00000000099999999982 0.00000000099999999982 0.00000000099999999982 0.00000000099999999982 0.00000000099999999982 0.99999999099999992147 0.00000000099999999982 
0.30268473036128823450 0.00008247639395374205 0.00001697086765672161 0.00000000099999999999 0.20162800968167790550 0.27272005080525091314 0.00000000099999999999 0.05451722838606955918 0.10658966176882016252 0.06176086973528274737 
0.99999999100000025454 0.00000000099999999985 0.00000000099999999985 0.00000000099999999985 0.00000000099999999985 0.00000000099999999985 0.00000000099999999985 0.00000000099999999985 0.00000000099999999985 0.00000000099999999985 
0.00000000099999999974 0.00000000099999999974 0.00000000099999999974 0.00000000099999999974 0.00000000099999999974 0.00000000099999999974 0.00000000099999999974 0.00000000099999999974 0.99999999099999992147 0.00000000099999999974 
0.47847989368807031241 0.00000000099999999997 0.00000000099999999997 0.00000000099999999997 0.52151982044008637907 0.00000010650687979488 0.00000000099999999997 0.00000000099999999997 0.00000000099999999997 0.00000017336496356309 
0.58814823595065279793 0.00000000099999999993 0.08187980020734700326 0.00000000099999999993 0.32997193738915642225 0.00000002045284373675 0.00000000099999999993 0.00000000099999999993 0.00000000099999999993 0.00000000099999999993 
0.48311313783613885064 0.00000000099999999996 0.00000000099999999996 0.00000000099999999996 0.00000000099999999996 0.00000000099999999996 0.00000000099999999996 0.00000000099999999996 0.51688685416386082050 0.00000000099999999996 
0.00000000099999999976 0.00000000099999999976 0.00000000099999999976 0.00000000099999999976 0.00000000099999999976 0.00000000099999999976 0.00000000099999999976 0.00000000099999999976 0.99999999099999992147 0.00000000099999999976 
0.00000000099999999979 0.00000000099999999979 0.00000000099999999979 0.00000000099999999979 0.00000000099999999979 0.00000000099999999979 0.00000000099999999979 0.00000000099999999979 0.99999999100000003249 0.00000000099999999979 
0.00000000099999999976 0.00000000099999999976 0.00000000099999999976 0.00000000099999999976 0.00000000099999999976 0.00000000099999999976 0.00000000099999999976 0.00000000099999999976 0.99999999100000003249 0.00000000099999999976 
0.00000000099999999980 0.00000000099999999980 0.00000000099999999980 0.00000000099999999980 0.00000000099999999980 0.00000000099999999980 0.00000000099999999980 0.00000000099999999980 0.99999999099999992147 0.00000000099999999980 
0.00000000099999999979 0.00000000099999999979 0.00000000099999999979 0.00000000099999999979 0.00000000099999999979 0.99999999100000003249 0.00000000099999999979 0.00000000099999999979 0.00000000099999999979 0.00000000099999999979 
0.58227807659993080502 0.00000000099999999992 0.00000000099999999992 0.00000000099999999992 0.41772191540006931021 0.00000000099999999992 0.00000000099999999992 0.00000000099999999992 0.00000000099999999992 0.00000000099999999992 
0.00000000099999999979 0.00000000099999999979 0.00000000099999999979 0.00000000099999999979 0.99999999100000014352 0.00000000099999999979 0.00000000099999999979 0.00000000099999999979 0.00000000099999999979 0.00000000099999999979 
0.33870794034925871818 0.00000000099999999997 0.00000000099999999997 0.05947527486737690106 0.30667660765314208593 0.21969653187149867923 0.00000000099999999997 0.02277928104378739230 0.05266436021493633296 0.00000000099999999997 
0.36719143104482959705 0.00000000099999999995 0.00000000099999999995 0.00000000099999999995 0.24285212060452837646 0.38995644135064205793 0.00000000099999999995 0.00000000099999999995 0.00000000099999999995 0.00000000099999999995 
0.62359433121890128771 0.00000000099999999994 0.00000000099999999994 0.00000000099999999994 0.00000000099999999994 0.37640566078109893855 0.00000000099999999994 0.00000000099999999994 0.00000000099999999994 0.00000000099999999994 
0.00000000099999999996 0.00000000099999999996 0.00008495499243324363 0.00000000099999999996 0.41772196832652380705 0.58219306968104311828 0.00000000099999999996 0.00000000099999999996 0.00000000099999999996 0.00000000099999999996 
0.00000000099999999962 0.00000000099999999962 0.00000000099999999962 0.99999999100000014352 0.00000000099999999962 0.00000000099999999962 0.00000000099999999962 0.00000000099999999962 0.00000000099999999962 0.00000000099999999962 
0.00000000099999999962 0.00000000099999999962 0.00000000099999999962 0.00000000099999999962 0.00000000099999999962 0.00000000099999999962 0.99999999100000003249 0.00000000099999999962 0.00000000099999999962 0.00000000099999999962 
0.00000000099999999955 0.99999999100000014352 0.00000000099999999955 0.00000000099999999955 0.00000000099999999955 0.00000000099999999955 0.00000000099999999955 0.00000000099999999955 0.00000000099999999955 0.00000000099999999955 
0.00000000099999999989 0.38033748638602471459 0.00000000099999999989 0.00000000099999999989 0.00000000099999999989 0.00000000099999999989 0.00000000099999999989 0.61966250561397517860 0.00000000099999999989 0.00000000099999999989 
0.00000000099999999939 0.00000000099999999939 0.00000000099999999939 0.00000000099999999939 0.00000000099999999939 0.00000000099999999939 0.00000000099999999939 0.99999999100000003249 0.00000000099999999939 0.00000000099999999939 
0.00000000099999999964 0.99999999100000025454 0.00000000099999999964 0.00000000099999999964 0.00000000099999999964 0.00000000099999999964 0.00000000099999999964 0.00000000099999999964 0.00000000099999999964 0.00000000099999999964 
0.00000000099999999935 0.00000000099999999935 0.00000000099999999935 0.00000000099999999935 0.00000000099999999935 0.00000000099999999935 0.00000000099999999935 0.99999999099999992147 0.00000000099999999935 0.00000000099999999935 
0.00000000099999999950 0.99999999100000025454 0.00000000099999999950 0.00000000099999999950 0.00000000099999999950 0.00000000099999999950 0.00000000099999999950 0.00000000099999999950 0.00000000099999999950 0.00000000099999999950 
0.00000000099999999969 0.00000000099999999969 0.00000000099999999969 0.00000000099999999969 0.00000000099999999969 0.00000000099999999969 0.00000000099999999969 0.00000000099999999969 0.00000000099999999969 0.99999999100000003249 
0.00000000099999999962 0.00000000099999999962 0.00000000099999999962 0.00000000099999999962 0.00000000099999999962 0.00000000099999999962 0.00000000099999999962 0.00000000099999999962 0.99999999099999992147 0.00000000099999999962 
0.00000000099999999973 0.00000000099999999973 0.00000000099999999973 0.00000000099999999973 0.00000000099999999973 0.99999999100000003249 0.00000000099999999973 0.00000000099999999973 0.00000000099999999973 0.00000000099999999973 
0.00000000099999999975 0.00000000099999999975 0.99999999100000003249 0.00000000099999999975 0.00000000099999999975 0.00000000099999999975 0.00000000099999999975 0.00000000099999999975 0.00000000099999999975 0.00000000099999999975 
0.00000000099999999971 0.00000000099999999971 0.00000000099999999971 0.00000000099999999971 0.00000000099999999971 0.00000000099999999971 0.00000000099999999971 0.00000000099999999971 0.99999999099999992147 0.00000000099999999971 
0.99999999100000014352 0.00000000099999999978 0.00000000099999999978 0.00000000099999999978 0.00000000099999999978 0.00000000099999999978 0.00000000099999999978 0.00000000099999999978 0.00000000099999999978 0.00000000099999999978 
0.00000000099999999972 0.00000000099999999972 0.00000000099999999972 0.00000000099999999972 0.99999999100000003249 0.00000000099999999972 0.00000000099999999972 0.00000000099999999972 0.00000000099999999972 0.00000000099999999972 
0.00000000099999999959 0.00000000099999999959 0.00000000099999999959 0.99999999100000014352 0.00000000099999999959 0.00000000099999999959 0.00000000099999999959 0.00000000099999999959 0.00000000099999999959 0.00000000099999999959 
0.37597614347317442896 0.00000000099999999999 0.09573643180242850936 0.00000000099999999999 0.30414271923173880063 0.16395106733888117900 0.00000000099999999999 0.01579964459244778685 0.04439398956132908219 0.00000000099999999999 
0.39190683267739878648 0.02870548944725372087 0.03020251927181272222 0.00000000099999999999 0.14937462069228596429 0.26648989731352201726 0.00000001622239223959 0.00000000099999999999 0.07210406379863552873 0.06121655857669901224 
0.00000000099999999962 0.99999999100000025454 0.00000000099999999962 0.00000000099999999962 0.00000000099999999962 0.00000000099999999962 0.00000000099999999962 0.00000000099999999962 0.00000000099999999962 0.00000000099999999962 
0.00000000099999999983 0.00000000099999999983 0.00000000099999999983 0.00000000099999999983 0.00000000099999999983 0.00000000099999999983 0.36251832110023823885 0.00000000099999999983 0.00000000099999999983 0.63748167089976170985 
0.00000000099999999960 0.99999999100000014352 0.00000000099999999960 0.00000000099999999960 0.00000000099999999960 0.00000000099999999960 0.00000000099999999960 0.00000000099999999960 0.00000000099999999960 0.00000000099999999960 
0.00000000099999999961 0.00000000099999999961 0.99999999100000014352 0.00000000099999999961 0.00000000099999999961 0.00000000099999999961 0.00000000099999999961 0.00000000099999999961 0.00000000099999999961 0.00000000099999999961 
0.00000000099999999961 0.00000000099999999961 0.00000000099999999961 0.00000000099999999961 0.00000000099999999961 0.00000000099999999961 0.00000000099999999961 0.99999999099999992147 0.00000000099999999961 0.00000000099999999961 
0.00000000099999999957 0.00000000099999999957 0.00000000099999999957 0.99999999100000003249 0.00000000099999999957 0.00000000099999999957 0.00000000099999999957 0.00000000099999999957 0.00000000099999999957 0.00000000099999999957 
0.00000000099999999978 0.00000000099999999978 0.00000000099999999978 0.00000000099999999978 0.99999999100000014352 0.00000000099999999978 0.00000000099999999978 0.00000000099999999978 0.00000000099999999978 0.00000000099999999978 
0.00000000099999999979 0.00000000099999999979 0.00000000099999999979 0.00000000099999999979 0.00000000099999999979 0.00000000099999999979 0.99999999099999992147 0.00000000099999999979 0.00000000099999999979 0.00000000099999999979 
0.00000000099999999977 0.00000000099999999977 0.00000000099999999977 0.00000000099999999977 0.00000000099999999977 0.99999999100000014352 0.00000000099999999977 0.00000000099999999977 0.00000000099999999977 0.00000000099999999977 
0.00000000099999999995 0.00000000099999999995 0.00000000099999999995 0.31263020702734573009 0.00000000099999999995 0.00000000099999999995 0.00000000099999999995 0.00000000099999999995 0.08993070534922466275 0.59743908062342943044 
0.00000000099999999964 0.00000000099999999964 0.00000000099999999964 0.00000000099999999964 0.00000000099999999964 0.00000000099999999964 0.99999999099999992147 0.00000000099999999964 0.00000000099999999964 0.00000000099999999964 
0.00000000099999999956 0.00000000099999999956 0.00000000099999999956 0.00000000099999999956 0.00000000099999999956 0.00000000099999999956 0.00000000099999999956 0.00000000099999999956 0.00000000099999999956 0.99999999100000003249 
0.00000000107582180985 0.00000000099999999990 0.20363867333027602102 0.00000000099999999990 0.00000000099999999990 0.79636131859390224541 0.00000000099999999990 0.00000000099999999990 0.00000000099999999990 0.00000000099999999990 
0.00000000099999999968 0.00000000099999999968 0.00000000099999999968 0.00000000099999999968 0.00000000099999999968 0.00000000099999999968 0.99999999100000003249 0.00000000099999999968 0.00000000099999999968 0.00000000099999999968 
0.00000000099999999986 0.00000000099999999986 0.00000000099999999986 0.28027944781368757665 0.00000000099999999986 0.00000000099999999986 0.46748680388662811058 0.00000000099999999986 0.00000000099999999986 0.25223374129968412216 
0.25155073307242858949 0.02579148372390975205 0.14127059444859488280 0.00000000099999999999 0.25647801215976967493 0.16011258504736983199 0.02996056825087958092 0.00000000099999999999 0.08679822741976551959 0.04803779387728218664 
0.42517465148524247187 0.02923978102542834634 0.09393750410640658299 0.00000000099999999999 0.25346550383863947209 0.14890125518157082407 0.00000000099999999999 0.00000000099999999999 0.00000000099999999999 0.04928130036271234637 
0.43727456325334801424 0.02077196809479074646 0.07269809807741187124 0.00000000099999999999 0.21921114534127236761 0.18538658783005471098 0.00000000099999999999 0.00000000099999999999 0.06465763340312233320 0.00000000099999999999 
0.42888364565836734066 0.00000000099999999997 0.11805891042364619059 0.00000000099999999997 0.22057939748001950675 0.09536129466921267062 0.00000000099999999997 0.13711674676875440504 0.00000000099999999997 0.00000000099999999997 
0.28527182751484891909 0.00000000099999999999 0.04392755957681690471 0.00000000104163266130 0.10764931052254221588 0.00000000099999999999 0.00000761779791421192 0.54810367334071974366 0.00000000099999999999 0.01504000720552539985 
0.66286252386938049330 0.00000000099999999989 0.00000000099999999989 0.00000000099999999989 0.33713746813061962193 0.00000000099999999989 0.00000000099999999989 0.00000000099999999989 0.00000000099999999989 0.00000000099999999989 
0.99999999100000014352 0.00000000099999999987 0.00000000099999999987 0.00000000099999999987 0.00000000099999999987 0.00000000099999999987 0.00000000099999999987 0.00000000099999999987 0.00000000099999999987 0.00000000099999999987 
0.00000000099999999986 0.00000000099999999986 0.00000000099999999986 0.00000000099999999986 0.00000000099999999986 0.00000000099999999986 0.00000000099999999986 0.00000000099999999986 0.00000000099999999986 0.99999999099999992147 
0.49418518457463411764 0.00000000099999999996 0.00000000099999999996 0.00000000099999999996 0.00000000099999999996 0.46280269343023072715 0.00000297285044312720 0.00000000099999999996 0.04300914314469184846 0.00000000099999999996 
0.99999999100000014352 0.00000000099999999988 0.00000000099999999988 0.00000000099999999988 0.00000000099999999988 0.00000000099999999988 0.00000000099999999988 0.00000000099999999988 0.00000000099999999988 0.00000000099999999988 
0.64102339540620922875 0.05616701410495154867 0.00000000099999999997 0.00000000099999999997 0.30280958348883946218 0.00000000099999999997 0.00000000099999999997 0.00000000099999999997 0.00000000099999999997 0.00000000099999999997 
0.00000000099999999998 0.00000000099999999998 0.00000000099999999998 0.33445490548138423481 0.00000000099999999998 0.00000163217425505807 0.66554345534436076814 0.00000000099999999998 0.00000000099999999998 0.00000000099999999998 
0.00000000099999999968 0.00000000099999999968 0.99999999100000014352 0.00000000099999999968 0.00000000099999999968 0.00000000099999999968 0.00000000099999999968 0.00000000099999999968 0.00000000099999999968 0.00000000099999999968 
0.00000000099999999977 0.00000000099999999977 0.00000000099999999977 0.00000000099999999977 0.00000000099999999977 0.00000000099999999977 0.00000000099999999977 0.00000000099999999977 0.00000000099999999977 0.99999999100000003249 
0.41669628597204405596 0.00000000265105063647 0.17940383346315966206 0.00000003626153587970 0.00034423714160419723 0.00044825537333650841 0.00000000100000000000 0.00000000100000000000 0.02172248863799693119 0.38138485849927228344 
0.69893250282780694516 0.00000000099999999999 0.00120823997032973069 0.00000000099999999999 0.00000000099999999999 0.00000000099999999999 0.00000000831923562850 0.00000000099999999999 0.29985875476796924888 0.00000048911465854574 
0.00000000099999999967 0.00000000099999999967 0.00000000099999999967 0.99999999100000014352 0.00000000099999999967 0.00000000099999999967 0.00000000099999999967 0.00000000099999999967 0.00000000099999999967 0.00000000099999999967 
0.35435930973797041821 0.00000000099999999998 0.01614485212182675128 0.00000002013085434296 0.00000030064278422271 0.50411937469495515796 0.00000000099999999998 0.00000000099999999998 0.12537613867160923853 0.00000000099999999998 
0.63932756642249588541 0.04733563955099506781 0.00000009179449388323 0.00000000099999999999 0.00000000099999999999 0.31333669410682635226 0.00000000099999999999 0.00000000099999999999 0.00000000312518892826 0.00000000099999999999 
0.55264178949452613665 0.00000000099999999996 0.30943859579572757790 0.00000000099999999996 0.00000000099999999996 0.00000000099999999996 0.00000000099999999996 0.00000000099999999996 0.13791960770974648343 0.00000000099999999996 
0.00000000099999999990 0.00000000099999999990 0.00000000099999999990 0.00000000099999999990 0.59556322289636276501 0.40443676910363729471 0.00000000099999999990 0.00000000099999999990 0.00000000099999999990 0.00000000099999999990 
0.00000000099999999977 0.00000000099999999977 0.00000000099999999977 0.00000000099999999977 0.00000000099999999977 0.99999999100000014352 0.00000000099999999977 0.00000000099999999977 0.00000000099999999977 0.00000000099999999977 
0.99999999100000014352 0.00000000099999999987 0.00000000099999999987 0.00000000099999999987 0.00000000099999999987 0.00000000099999999987 0.00000000099999999987 0.00000000099999999987 0.00000000099999999987 0.00000000099999999987 
0.99999999100000014352 0.00000000099999999992 0.00000000099999999992 0.00000000099999999992 0.00000000099999999992 0.00000000099999999992 0.00000000099999999992 0.00000000099999999992 0.00000000099999999992 0.00000000099999999992 
0.51271296285538914272 0.02183780057364785240 0.08486826282749874995 0.00000000099999999999 0.20299796017212012877 0.08256942118683292808 0.00000000099999999999 0.08832751795309648490 0.00668607143141491510 0.00000000099999999999 
