0.00000000099999999996 0.00000000099999999996 0.00000000099999999996 0.99999999599999989108 0.00000000099999999996 
0.99999999600000000211 0.00000000099999999997 0.00000000099999999997 0.00000000099999999997 0.00000000099999999997 
0.00000000099999999998 0.00000000099999999998 0.58806515393805036673 0.00000000099999999998 0.41193484306194944056 
0.85343842372378753147 0.00000000099999999999 0.14656157327621263664 0.00000000099999999999 0.00000000099999999999 
0.00000000099999999997 0.00000000099999999997 0.99999999600000000211 0.00000000099999999997 0.00000000099999999997 
0.00000000099999999994 0.00000000099999999994 0.00000000099999999994 0.99999999600000000211 0.00000000099999999994 
0.00000000099999999991 0.00000000099999999991 0.00000000099999999991 0.99999999599999989108 0.00000000099999999991 
0.00000000099999999994 0.00000000099999999994 0.00000000099999999994 0.00000000099999999994 0.99999999599999989108 
0.00000000099999999998 0.00000000099999999998 0.46205499297136670700 0.00000000099999999998 0.53794500402863310029 
0.00000000099999999996 0.00000000099999999996 0.99999999600000000211 0.00000000099999999996 0.00000000099999999996 
0.00000000099999999994 0.00000000099999999994 0.00000000099999999994 0.00000000099999999994 0.99999999600000000211 
0.00000000099999999998 0.00000000099999999998 0.56176735232242347440 0.00000000099999999998 0.43823264467757655494 
0.01691698476719899133 0.01407251691390684102 0.38414668039482391393 0.05822272755325785809 0.52664109037081230369 
0.99999999600000000211 0.00000000099999999996 0.00000000099999999996 0.00000000099999999996 0.00000000099999999996 
0.89038031150263752256 0.00000000099999999999 0.10961968549736256229 0.00000000099999999999 0.00000000099999999999 
0.99999999600000011313 0.00000000099999999988 0.00000000099999999988 0.00000000099999999988 0.00000000099999999988 
0.00000000099999999996 0.00000000099999999996 0.00000000099999999996 0.99999999600000000211 0.00000000099999999996 
0.02605065407431644484 0.01459165448071672241 0.67901328321809506505 0.00000000099999999999 0.28034440722687170577 
0.99999999600000011313 0.00000000099999999993 0.00000000099999999993 0.00000000099999999993 0.00000000099999999993 
0.00000000099999999996 0.00000000099999999996 0.00000000099999999996 0.40178705402433373406 0.59821294297566618425 
0.99999999600000000211 0.00000000099999999989 0.00000000099999999989 0.00000000099999999989 0.00000000099999999989 
0.00000000099999999992 0.99999999600000011313 0.00000000099999999992 0.00000000099999999992 0.00000000099999999992 
0.05866259181025719471 0.11904580161792913118 0.45628781217869213149 0.02636068415572426910 0.33964311023739729434 
0.00000000099999999999 0.03415210644051005356 0.54559510160562374459 0.00000000099999999999 0.42025278995386633474 
0.00000000099999999988 0.99999999600000011313 0.00000000099999999988 0.00000000099999999988 0.00000000099999999988 
0.00000000099999999996 0.00000000099999999996 0.99999999599999989108 0.00000000099999999996 0.00000000099999999996 
0.00000000099999999997 0.00000000099999999997 0.75373318508504771884 0.00000000099999999997 0.24626681191495219947 
0.00000000099999999998 0.48485045812923488473 0.51514953887076508909 0.00000000099999999998 0.00000000099999999998 
0.00000000099999999990 0.99999999600000000211 0.00000000099999999990 0.00000000099999999990 0.00000000099999999990 
0.00000000099999999991 0.99999999600000000211 0.00000000099999999991 0.00000000099999999991 0.00000000099999999991 
0.00000000099999999989 0.99999999600000011313 0.00000000099999999989 0.00000000099999999989 0.00000000099999999989 
0.00000000099999999991 0.99999999600000011313 0.00000000099999999991 0.00000000099999999991 0.00000000099999999991 
0.03685167327414685945 0.00000000099999999998 0.47083743740922395782 0.00000000099999999998 0.49231088731662908664 
0.00000000099999999995 0.00000000099999999995 0.00000000099999999995 0.00000000099999999995 0.99999999599999989108 
0.00000000099999999996 0.00000000099999999996 0.99999999599999989108 0.00000000099999999996 0.00000000099999999996 
0.01776875473217402746 0.06526563998067765049 0.55465290008853429526 0.04043029093742823293 0.32188241426118585631 
0.00000000099999999998 0.00000000099999999998 0.48396386353035070194 0.00000000099999999998 0.51603613346964938291 
0.00000000099999999995 0.00000000099999999995 0.99999999600000000211 0.00000000099999999995 0.00000000099999999995 
0.00000000099999999996 0.00000000099999999996 0.00000000099999999996 0.00000000099999999996 0.99999999599999989108 
0.00000000099999999994 0.00000000099999999994 0.00000000099999999994 0.99999999600000000211 0.00000000099999999994 
0.00000000099999999992 0.00000000099999999992 0.00000000099999999992 0.99999999600000000211 0.00000000099999999992 
0.99999999600000011313 0.00000000099999999986 0.00000000099999999986 0.00000000099999999986 0.00000000099999999986 
0.99999999600000011313 0.00000000099999999996 0.00000000099999999996 0.00000000099999999996 0.00000000099999999996 
0.99999999600000011313 0.00000000099999999978 0.00000000099999999978 0.00000000099999999978 0.00000000099999999978 
0.99999999600000011313 0.00000000099999999991 0.00000000099999999991 0.00000000099999999991 0.00000000099999999991 
0.99999999600000000211 0.00000000099999999980 0.00000000099999999980 0.00000000099999999980 0.00000000099999999980 
0.99999999600000011313 0.00000000099999999983 0.00000000099999999983 0.00000000099999999983 0.00000000099999999983 
0.00000000099999999997 0.00000000099999999997 0.07437867769512215843 0.92562131930487767661 0.00000000099999999997 
0.00000000099999999983 0.99999999600000011313 0.00000000099999999983 0.00000000099999999983 0.00000000099999999983 
0.00000000099999999997 0.00000000099999999997 0.47719579732583700116 0.00000000099999999997 0.52280419967416302818 
0.00000000099999999996 0.00000000099999999996 0.57616142160419425711 0.00000000099999999996 0.42383857539580566121 
0.00000000099999999987 0.99999999600000011313 0.00000000099999999987 0.00000000099999999987 0.00000000099999999987 
0.00000000099999999997 0.01903836287824661050 0.54118085339413035673 0.00000000099999999997 0.43978078172762297138 
0.00000000099999999993 0.00000000099999999993 0.00000000099999999993 0.00000000099999999993 0.99999999599999989108 
0.00000000099999999991 0.00000000099999999991 0.00000000099999999991 0.99999999599999989108 0.00000000099999999991 
0.01467253745128284555 0.04840221328409971546 0.42225842732166224414 0.00134588747807168232 0.51332093446488358257 
0.00000000099999999999 0.09799119939927440626 0.00000000099999999999 0.00000000099999999999 0.90200879760072560920 
0.99999999600000000211 0.00000000099999999991 0.00000000099999999991 0.00000000099999999991 0.00000000099999999991 
0.00000000099999999996 0.00000000099999999996 0.00000000099999999996 0.99999999599999989108 0.00000000099999999996 
0.99999999600000011313 0.00000000099999999989 0.00000000099999999989 0.00000000099999999989 0.00000000099999999989 
0.00000000099999999995 0.00000000099999999995 0.00000000099999999995 0.48424768014582597608 0.51575231685417399774 
0.99999999600000011313 0.00000000099999999990 0.00000000099999999990 0.00000000099999999990 0.00000000099999999990 
0.00000000099999999989 0.00000000099999999989 0.00000000099999999989 0.99999999599999989108 0.00000000099999999989 
0.00000000099999999999 0.00000002342741252077 0.54980301717779767046 0.00000000099999999999 0.45019695739478987617 
0.00000000099999999995 0.00000000099999999995 0.00000000099999999995 0.99999999600000000211 0.00000000099999999995 
0.00000000099999999998 0.00000002547793467385 0.42919282752135923253 0.00000000099999999998 0.57080714500070617312 
0.00000000099999999998 0.15354721892182315868 0.00000000099999999998 0.84200740891958270051 0.00444537015859413232 
0.00000000099999999991 0.00000000099999999991 0.00000000099999999991 0.99999999600000000211 0.00000000099999999991 
0.00000000099999999992 0.00000000099999999992 0.00000000099999999992 0.99999999600000000211 0.00000000099999999992 
0.00000000099999999998 0.00000001752641454386 0.60703143165932427205 0.00000000099999999998 0.39296854881426135364 
0.00000000099999999992 0.00000000099999999992 0.00000000099999999992 0.99999999600000000211 0.00000000099999999992 
0.00000000099999999992 0.00000000099999999992 0.00000000099999999992 0.99999999599999989108 0.00000000099999999992 
0.00794188093850030016 0.08665524862647823456 0.57733501861145775091 0.09677526128038245468 0.23129259054318129785 
0.02189355517553386032 0.00089022796733374799 0.54048510706700902961 0.05394148080115444832 0.38278962898896895517 
0.00000000099999999999 0.08384306750009012932 0.91615034057177557880 0.00000000099999999999 0.00000658992813445668 
0.11990131721177660351 0.00000000099999999999 0.88009867978822353685 0.00000000099999999999 0.00000000099999999999 
0.51671105698845709586 0.00000059787812766811 0.19740683813169720984 0.06892700275534145715 0.21695450424637657827 
0.00000000099999999992 0.00000000099999999992 0.00000000099999999992 0.00000000099999999992 0.99999999600000000211 
0.00000000099999999998 0.00000000099999999998 0.46887484832062120699 0.02451202497126186639 0.50661312470811692421 
0.00061728424671394892 0.07400470993311014656 0.08692846761883886442 0.83844953720133708064 0.00000000100000000000 
0.00000000099999999999 0.06422314395545675181 0.32876681966451354322 0.00000000099999999999 0.60701003438002965051 
0.00000000099999999995 0.00000000099999999995 0.99999999600000000211 0.00000000099999999995 0.00000000099999999995 
0.05631455650060747387 0.00000000099999999999 0.36136723637052375890 0.00000000099999999999 0.58231820512886867114 
0.00000000099999999999 0.00000000099999999999 0.00000000099999999999 0.99999999600000000211 0.00000000099999999999 
0.00000000099999999992 0.00000000099999999992 0.99999999599999989108 0.00000000099999999992 0.00000000099999999992 
0.00000000099999999999 0.04724091720447631121 0.11880979502044465568 0.71621771788310106821 0.11773156889197801400 
0.00000000471077799327 0.04731581269171543369 0.52345881232468272071 0.32333301933428271191 0.10589235093854122705 
0.00000000100000000000 0.32019856672803143072 0.26802241878490873361 0.00023511139988735904 0.41154390208717245292 
0.00000000099999999992 0.00000000099999999992 0.00000000099999999992 0.99999999599999989108 0.00000000099999999992 
0.00000000099999999999 0.12946269237186439072 0.72754478753925067025 0.00000000099999999999 0.14299251808888507886 
0.00000000099999999999 0.00000000099999999999 0.00000000099999999999 0.00000000099999999999 0.99999999600000000211 
0.00000000099999999999 0.15314275809869540290 0.64559012633806145409 0.00000000099999999999 0.20126711356324303304 
0.00054474446451259842 0.00803485858053067624 0.37239427981259559663 0.00000000099999999999 0.61902611614236113802 
0.00000000099999999992 0.00000000099999999992 0.00000000099999999992 0.00000000099999999992 0.99999999600000000211 
0.00000000099999999994 0.00000000099999999994 0.99999999599999989108 0.00000000099999999994 0.00000000099999999994 
0.00000000099999999997 0.00000000099999999997 0.99999999599999989108 0.00000000099999999997 0.00000000099999999997 
0.10220253668714848749 0.02218514057541036422 0.43355200712988561929 0.00000000100000000000 0.44206031460755557116 
