0.99999999700000008485 0.00000000099999999996 0.00000000099999999996 0.00000000099999999996 
0.00000000099999999998 0.00000000099999999998 0.99999999699999986280 0.00000000099999999998 
0.00000000099999999998 0.99999999700000008485 0.00000000099999999998 0.00000000099999999998 
0.00001702309880517418 0.13028899709511246319 0.86959417995379684196 0.00009979985228549961 
0.00054961192251539760 0.91224915176636101055 0.00000000100000000000 0.08720123531112361492 
0.99999999700000008485 0.00000000099999999995 0.00000000099999999995 0.00000000099999999995 
0.99999999700000008485 0.00000000099999999993 0.00000000099999999993 0.00000000099999999993 
0.00000000099999999998 0.96599310872402210926 0.00000000099999999998 0.03400688927597788486 
0.00000000099999999999 0.99999995003011965533 0.00000000099999999999 0.00000004796988040811 
0.00000000099999999998 0.94987256560577115749 0.00000000099999999998 0.05012743239422890601 
0.00000000099999999998 0.96022185500162149374 0.00000000099999999998 0.03977814299837856282 
0.00000000099999999999 0.99995242770605397009 0.00000000099999999999 0.00004757029394620371 
0.06011848351997325229 0.89118595644407860856 0.02333801311818868573 0.02535754691775935626 
0.00000000099999999997 0.00000000099999999997 0.99999999699999986280 0.00000000099999999997 
0.00000002280448766879 0.06408699971373976734 0.90064783164893624789 0.03526514583283638093 
0.00000000099999999991 0.00000000099999999991 0.99999999699999986280 0.00000000099999999991 
0.99999999699999997382 0.00000000099999999997 0.00000000099999999997 0.00000000099999999997 
0.00000000099999999999 0.93824424174282661237 0.03153413732202202391 0.03022161993515148221 
0.00000000099999999995 0.00000000099999999995 0.99999999699999986280 0.00000000099999999995 
0.40691106241127156240 0.59308893558872854967 0.00000000099999999998 0.00000000099999999998 
0.00000000099999999992 0.00000000099999999992 0.99999999699999997382 0.00000000099999999992 
0.00000000099999999993 0.00000000099999999993 0.00000000099999999993 0.99999999699999997382 
0.02716770036770590688 0.78118427140093016359 0.06282227976430963812 0.12882574846705424632 
0.00000000099999999999 0.95389549616868896109 0.00001066516689661835 0.04609383766441436936 
0.00000000099999999991 0.00000000099999999991 0.00000000099999999991 0.99999999700000008485 
0.02366162394864041590 0.97367849165776187981 0.00035485514813722276 0.00230502924546035007 
0.00000000099999999998 0.99999999699999997382 0.00000000099999999998 0.00000000099999999998 
0.00000000099999999999 0.49634245837276036450 0.00058115099227470739 0.50307638963496492668 
0.00000000099999999992 0.00000000099999999992 0.00000000099999999992 0.99999999699999997382 
0.00000000099999999993 0.00000000099999999993 0.00000000099999999993 0.99999999699999997382 
0.00000000099999999991 0.00000000099999999991 0.00000000099999999991 0.99999999700000008485 
0.00000000099999999993 0.00000000099999999993 0.00000000099999999993 0.99999999700000008485 
0.00000000099999999999 0.95907262047502361835 0.04092610267441706973 0.00000127585055936970 
0.00275887994123782780 0.99724111805876203274 0.00000000099999999998 0.00000000099999999998 
0.02255614379292311331 0.97744385420707702306 0.00000000099999999999 0.00000000099999999999 
0.05052234126729653052 0.84055141134650990242 0.02852344381190702327 0.08040280357428662705 
0.00000000099999999999 0.99999873502705804995 0.00000000099999999999 0.00000126297294201923 
0.00000083431366081998 0.97269148364245139327 0.00000000100000000000 0.02730768104388772710 
0.02813896711544862719 0.94823952131476474392 0.00000000099999999999 0.02362151056978665717 
0.99999999699999997382 0.00000000099999999995 0.00000000099999999995 0.00000000099999999995 
0.99999999699999997382 0.00000000099999999993 0.00000000099999999993 0.00000000099999999993 
0.00000000099999999990 0.00000000099999999990 0.99999999699999997382 0.00000000099999999990 
0.00000000099999999997 0.00000000099999999997 0.99999999699999986280 0.00000000099999999997 
0.00000000099999999983 0.00000000099999999983 0.99999999699999997382 0.00000000099999999983 
0.00000000099999999993 0.00000000099999999993 0.99999999699999997382 0.00000000099999999993 
0.00000000099999999985 0.00000000099999999985 0.99999999699999997382 0.00000000099999999985 
0.00000000099999999987 0.00000000099999999987 0.99999999699999986280 0.00000000099999999987 
0.95824232084165883450 0.04175767715834118043 0.00000000099999999998 0.00000000099999999998 
0.00000000099999999987 0.00000000099999999987 0.00000000099999999987 0.99999999700000008485 
0.00000000099999999997 0.99999999699999997382 0.00000000099999999997 0.00000000099999999997 
0.00000000099999999996 0.99999999700000008485 0.00000000099999999996 0.00000000099999999996 
0.00000000099999999989 0.00000000099999999989 0.00000000099999999989 0.99999999700000008485 
0.00000000099999999998 0.95937411938612837670 0.00000000099999999998 0.04062587861387161742 
0.00000000099999999998 0.99999980101021146428 0.00000000099999999998 0.00000019698978867515 
0.99999999700000008485 0.00000000099999999993 0.00000000099999999993 0.00000000099999999993 
0.01260050943438813416 0.91708012275385752954 0.01663608374499347259 0.05368328406676086545 
0.05170291439300317426 0.83763855376504259276 0.02697329418691073524 0.08368523765504352896 
0.00000000099999999993 0.00000000099999999993 0.99999999699999986280 0.00000000099999999993 
0.99999999700000008485 0.00000000099999999997 0.00000000099999999997 0.00000000099999999997 
0.00000000099999999991 0.00000000099999999991 0.99999999699999997382 0.00000000099999999991 
0.50633096573149338759 0.49366770187766395583 0.00000000099999999999 0.00000133139084276597 
0.00000000099999999992 0.00000000099999999992 0.99999999699999986280 0.00000000099999999992 
0.99999999699999997382 0.00000000099999999991 0.00000000099999999991 0.00000000099999999991 
0.00000000099999999999 0.99058577625927901611 0.00000000099999999999 0.00941422174072101964 
0.99999999699999997382 0.00000000099999999995 0.00000000099999999995 0.00000000099999999995 
0.00000000099999999998 0.99141025441654639927 0.00000000099999999998 0.00858974358345368852 
0.84872478611401103166 0.00000000099999999999 0.00000000099999999999 0.15127521188598894164 
0.99999999699999997382 0.00000000099999999993 0.00000000099999999993 0.00000000099999999993 
0.99999999700000008485 0.00000000099999999994 0.00000000099999999994 0.00000000099999999994 
0.00055984162732105388 0.98588884847841917747 0.00000000099999999998 0.01355130889425979271 
0.99999999700000008485 0.00000000099999999994 0.00000000099999999994 0.00000000099999999994 
0.99999999699999997382 0.00000000099999999994 0.00000000099999999994 0.00000000099999999994 
0.10127913708230304457 0.78252631192879007482 0.01699477043553617242 0.09919978055337071166 
0.05896138654390888079 0.89571079178472168270 0.02727198252926644681 0.01805583914210298971 
0.00018397799496645118 0.89694881729133990600 0.02842930634827376540 0.07443789836541980787 
0.00000032910705655260 0.87128874393087640815 0.12782351771453689948 0.00088740924753015894 
0.07019666116143806478 0.41213592583579922168 0.51692866847433882604 0.00073874452842397033 
0.00000000099999999997 0.99999999700000008485 0.00000000099999999997 0.00000000099999999997 
0.02911300771220484349 0.97088688434300374208 0.00000000099999999999 0.00000010694479155587 
0.84772940301998833679 0.06265872059538218908 0.00986458202928460967 0.07974729435534476385 
0.00000871062007338337 0.91808523905394445741 0.00000000099999999999 0.08190604932598215260 
0.00000000099999999998 0.96082433982488446578 0.00000000099999999998 0.03917565817511546589 
0.00000000099999999999 0.94517485811213663993 0.05482513988786328479 0.00000000099999999999 
0.99999495413330885540 0.00000504386669102466 0.00000000099999999999 0.00000000099999999999 
0.00000000099999999998 0.99860062625797985092 0.00000000099999999998 0.00139937174202016032 
0.71999068019179968125 0.23190657926259553023 0.00000000099999999999 0.04810273954560474741 
0.30336252685167164334 0.60760385238625935767 0.00004706607695567751 0.08898655468511341982 
0.01105592160129018411 0.67326796361845564487 0.00002630755159779980 0.31564980722865626506 
0.99999999700000008485 0.00000000099999999994 0.00000000099999999994 0.00000000099999999994 
0.01076597482852472559 0.85598155676528664415 0.00000000100000000000 0.13325246740618876262 
0.00000000348662205435 0.96403500540454389878 0.03178490285657845082 0.00418008825225548667 
0.01124709276293580154 0.82347894701809132290 0.00000000099999999999 0.16527395921897289344 
0.00000000099999999999 0.97179753639558275058 0.01071107090646342130 0.01749139169795382517 
0.00000000099999999997 0.99999999700000008485 0.00000000099999999997 0.00000000099999999997 
0.00000000099999999998 0.99493817161121445025 0.00000000099999999998 0.00506182638878562539 
0.00000000099999999999 0.99999999699999997382 0.00000000099999999999 0.00000000099999999999 
0.00000000100000000000 0.85903911619630957119 0.10533648034246004266 0.03562440246123038667 
