0.00000000099999999994 0.00000000099999999994 0.00000000099999999994 0.99999999400000005867 0.00000000099999999994 0.00000000099999999994 0.00000000099999999994 
0.00000000099999999996 0.99621867686191412083 0.00000000099999999996 0.00000000099999999996 0.00000000099999999996 0.00000000099999999996 0.00378131813808590348 
0.33804616897268857656 0.00000000099999999998 0.00000000099999999998 0.00000000099999999998 0.30135482771289245907 0.14604643653915158619 0.21455256377526729650 
0.15757624754951218837 0.84242374745048786977 0.00000000099999999999 0.00000000099999999999 0.00000000099999999999 0.00000000099999999999 0.00000000099999999999 
0.00000000099999999992 0.00000000099999999992 0.00000000099999999992 0.00000000099999999992 0.00000000099999999992 0.99999999400000005867 0.00000000099999999992 
0.00000000099999999992 0.00000000099999999992 0.00000000099999999992 0.99999999400000005867 0.00000000099999999992 0.00000000099999999992 0.00000000099999999992 
0.00000000099999999987 0.00000000099999999987 0.00000000099999999987 0.99999999400000005867 0.00000000099999999987 0.00000000099999999987 0.00000000099999999987 
0.38089488129975407338 0.00000000099999999995 0.00000000099999999995 0.00000000099999999995 0.61910511370024601252 0.00000000099999999995 0.00000000099999999995 
0.00000000099999999979 0.00000000099999999979 0.00000000099999999979 0.00000000099999999979 0.00000000099999999979 0.00000000099999999979 0.99999999399999994765 
0.68631053529026575521 0.00000000099999999997 0.00000000099999999997 0.00000000099999999997 0.00000000099999999997 0.00000000099999999997 0.31368945970973444171 
0.00000000099999999986 0.00000000099999999986 0.00000000099999999986 0.00000000099999999986 0.00000000099999999986 0.99999999399999994765 0.00000000099999999986 
0.00000000099999999991 0.00000000099999999991 0.00000000099999999991 0.00000000099999999991 0.00000000099999999991 0.99999999400000005867 0.00000000099999999991 
0.00000000099999999999 0.00000000099999999999 0.00657834080387865918 0.00000000099999999999 0.48614234843589543278 0.50727930676022592316 0.00000000099999999999 
0.00000000099999999994 0.99999999400000016969 0.00000000099999999994 0.00000000099999999994 0.00000000099999999994 0.00000000099999999994 0.00000000099999999994 
0.11281936692843408387 0.88718061753292909444 0.00000001153863677364 0.00000000099999999998 0.00000000099999999998 0.00000000099999999998 0.00000000099999999998 
0.00000000099999999983 0.99999999400000005867 0.00000000099999999983 0.00000000099999999983 0.00000000099999999983 0.00000000099999999983 0.00000000099999999983 
0.00000000099999999995 0.00000000099999999995 0.00000000099999999995 0.99999999399999994765 0.00000000099999999995 0.00000000099999999995 0.00000000099999999995 
0.00000000099999999987 0.00000000099999999987 0.00000000099999999987 0.00000000099999999987 0.99999999399999994765 0.00000000099999999987 0.00000000099999999987 
0.00000000099999999990 0.99999999400000005867 0.00000000099999999990 0.00000000099999999990 0.00000000099999999990 0.00000000099999999990 0.00000000099999999990 
0.00000000099999999989 0.00000000099999999989 0.00000000099999999989 0.35006183413815861183 0.00000000099999999989 0.64993816086184130754 0.00000000099999999989 
0.00000000099999999985 0.99999999400000005867 0.00000000099999999985 0.00000000099999999985 0.00000000099999999985 0.00000000099999999985 0.00000000099999999985 
0.00000000099999999989 0.00000000099999999989 0.99999999399999994765 0.00000000099999999989 0.00000000099999999989 0.00000000099999999989 0.00000000099999999989 
0.39156585506112223660 0.04047314462751624986 0.10609449669639214875 0.00000000099999999999 0.00000000099999999999 0.00000000099999999999 0.46186650061496936637 
0.31653219451424130515 0.00000000099999999997 0.00000000099999999997 0.00000000099999999997 0.00000000099999999997 0.32394172149628780444 0.35952607998947078149 
0.00000000099999999984 0.00000000099999999984 0.99999999399999994765 0.00000000099999999984 0.00000000099999999984 0.00000000099999999984 0.00000000099999999984 
0.28837404958228896046 0.00000000100000000000 0.00000000100000000000 0.00285188980768805124 0.40550086510565735987 0.24039013224500060950 0.06288306125936479751 
0.31417401864708482950 0.00000000099999999997 0.00000000099999999997 0.00000000099999999997 0.43841261305679374294 0.24741336429612134640 0.00000000099999999997 
0.50513193414099955003 0.00000000099999999997 0.49486806085900070240 0.00000000099999999997 0.00000000099999999997 0.00000000099999999997 0.00000000099999999997 
0.00000000099999999985 0.00000000099999999985 0.99999999399999994765 0.00000000099999999985 0.00000000099999999985 0.00000000099999999985 0.00000000099999999985 
0.00000000099999999987 0.00000000099999999987 0.99999999399999994765 0.00000000099999999987 0.00000000099999999987 0.00000000099999999987 0.00000000099999999987 
0.00000000099999999985 0.00000000099999999985 0.99999999400000005867 0.00000000099999999985 0.00000000099999999985 0.00000000099999999985 0.00000000099999999985 
0.00000000099999999988 0.00000000099999999988 0.99999999400000005867 0.00000000099999999988 0.00000000099999999988 0.00000000099999999988 0.00000000099999999988 
0.71616595947505523601 0.00000000099999999995 0.00000000099999999995 0.00000000099999999995 0.00000000099999999995 0.28383403552494473887 0.00000000099999999995 
0.00000000099999999989 0.00000000099999999989 0.00000000099999999989 0.00000000099999999989 0.00000000099999999989 0.99999999399999994765 0.00000000099999999989 
0.00000000099999999979 0.00000000099999999979 0.00000000099999999979 0.00000000099999999979 0.00000000099999999979 0.00000000099999999979 0.99999999399999994765 
0.78438097621039826191 0.00000000099999999997 0.00011236812871284536 0.00000000099999999997 0.00000000099999999997 0.00000000099999999997 0.21550665166088908697 
0.38131023616015530253 0.00000000099999999997 0.00000000099999999997 0.00000000099999999997 0.23706626193453483875 0.38162349790530963878 0.00000000099999999997 
0.99999999400000016969 0.00000000099999999990 0.00000000099999999990 0.00000000099999999990 0.00000000099999999990 0.00000000099999999990 0.00000000099999999990 
0.00000000099999999983 0.00000000099999999983 0.00000000099999999983 0.00000000099999999983 0.00000000099999999983 0.00000000099999999983 0.99999999400000005867 
0.00000000099999999992 0.00000000099999999992 0.00000000099999999992 0.99999999399999994765 0.00000000099999999992 0.00000000099999999992 0.00000000099999999992 
0.00000000099999999988 0.00000000099999999988 0.00000000099999999988 0.99999999400000005867 0.00000000099999999988 0.00000000099999999988 0.00000000099999999988 
0.00000000099999999979 0.99999999400000016969 0.00000000099999999979 0.00000000099999999979 0.00000000099999999979 0.00000000099999999979 0.00000000099999999979 
0.00000000099999999994 0.99999999400000005867 0.00000000099999999994 0.00000000099999999994 0.00000000099999999994 0.00000000099999999994 0.00000000099999999994 
0.00000000099999999968 0.99999999400000005867 0.00000000099999999968 0.00000000099999999968 0.00000000099999999968 0.00000000099999999968 0.00000000099999999968 
0.00000000099999999986 0.99999999400000016969 0.00000000099999999986 0.00000000099999999986 0.00000000099999999986 0.00000000099999999986 0.00000000099999999986 
0.00000000099999999970 0.99999999400000005867 0.00000000099999999970 0.00000000099999999970 0.00000000099999999970 0.00000000099999999970 0.00000000099999999970 
0.00000000099999999976 0.99999999400000005867 0.00000000099999999976 0.00000000099999999976 0.00000000099999999976 0.00000000099999999976 0.00000000099999999976 
0.07596849095948825237 0.00000000099999999997 0.00000000099999999997 0.92403150404051170863 0.00000000099999999997 0.00000000099999999997 0.00000000099999999997 
0.00000000099999999976 0.00000000099999999976 0.99999999399999994765 0.00000000099999999976 0.00000000099999999976 0.00000000099999999976 0.00000000099999999976 
0.00000000099999999986 0.00000000099999999986 0.00000000099999999986 0.00000000099999999986 0.99999999400000005867 0.00000000099999999986 0.00000000099999999986 
0.00000000099999999985 0.00000000099999999985 0.00000000099999999985 0.00000000099999999985 0.99999999399999994765 0.00000000099999999985 0.00000000099999999985 
0.00000000099999999981 0.00000000099999999981 0.99999999400000005867 0.00000000099999999981 0.00000000099999999981 0.00000000099999999981 0.00000000099999999981 
0.99999999400000005867 0.00000000099999999987 0.00000000099999999987 0.00000000099999999987 0.00000000099999999987 0.00000000099999999987 0.00000000099999999987 
0.00000000099999999994 0.00000000099999999994 0.00000000099999999994 0.00000000099999999994 0.54910065976093713758 0.00000000099999999994 0.45089933523906294832 
0.00000000099999999988 0.00000000099999999988 0.00000000099999999988 0.99999999400000005867 0.00000000099999999988 0.00000000099999999988 0.00000000099999999988 
0.25666328009788563769 0.01384572833824761554 0.03647791788626269377 0.00000000100000000000 0.27641834040348328694 0.20203736405198594039 0.21455736822213489212 
0.00000000099999999999 0.00001346704374182357 0.07310769457215114675 0.04348540212099283320 0.54908282811726194517 0.33431060614585222934 0.00000000099999999999 
0.00000000099999999988 0.99999999400000016969 0.00000000099999999988 0.00000000099999999988 0.00000000099999999988 0.00000000099999999988 0.00000000099999999988 
0.00000000099999999995 0.00000000099999999995 0.00000000099999999995 0.99999999400000005867 0.00000000099999999995 0.00000000099999999995 0.00000000099999999995 
0.00000000099999999984 0.99999999400000005867 0.00000000099999999984 0.00000000099999999984 0.00000000099999999984 0.00000000099999999984 0.00000000099999999984 
0.00000000099999999987 0.00000000099999999987 0.00000000099999999987 0.42988741276149333714 0.00000000099999999987 0.57011258223850669324 0.00000000099999999987 
0.00000000099999999984 0.99999999400000016969 0.00000000099999999984 0.00000000099999999984 0.00000000099999999984 0.00000000099999999984 0.00000000099999999984 
0.00000000099999999984 0.00000000099999999984 0.00000000099999999984 0.99999999399999994765 0.00000000099999999984 0.00000000099999999984 0.00000000099999999984 
0.00000000099999999997 0.00000000099999999997 0.00000000099999999997 0.00000000099999999997 0.57041807960377155506 0.42958191539622836430 0.00000000099999999997 
0.00000000099999999993 0.00000000099999999993 0.00000000099999999993 0.99999999400000005867 0.00000000099999999993 0.00000000099999999993 0.00000000099999999993 
0.00000000099999999987 0.00000000099999999987 0.00000000099999999987 0.00000000099999999987 0.99999999399999994765 0.00000000099999999987 0.00000000099999999987 
0.00000000099999999998 0.00000000099999999998 0.13276961820661109526 0.81839874415586844059 0.00000000099999999998 0.04883163363752054953 0.00000000099999999998 
0.00000000099999999986 0.00000000099999999986 0.00000000099999999986 0.99999999400000005867 0.00000000099999999986 0.00000000099999999986 0.00000000099999999986 
0.00000000099999999988 0.00000000099999999988 0.00000000099999999988 0.99999999400000005867 0.00000000099999999988 0.00000000099999999988 0.00000000099999999988 
0.00000000099999999981 0.00000000099999999981 0.00000000099999999981 0.00000000099999999981 0.00000000099999999981 0.00000000099999999981 0.99999999400000005867 
0.00000000099999999988 0.00000000099999999988 0.00000000099999999988 0.99999999400000005867 0.00000000099999999988 0.00000000099999999988 0.00000000099999999988 
0.00000000099999999990 0.00000000099999999990 0.00000000099999999990 0.99999999400000005867 0.00000000099999999990 0.00000000099999999990 0.00000000099999999990 
0.24522631419458787438 0.01173694620516736904 0.08366430383897444090 0.09559177833416174219 0.23785227494986027619 0.16623125652880699210 0.15969712594844123754 
0.59660644005009189073 0.00000000099999999999 0.00000000099999999999 0.04228156040663132859 0.36111199554327699790 0.00000000099999999999 0.00000000099999999999 
0.43792762635810628113 0.00000000099999999999 0.07519858537739837478 0.00000000099999999999 0.00000000099999999999 0.48687378426449529067 0.00000000099999999999 
0.37063070522298108278 0.12190531342305764573 0.00000000099999999999 0.00000000099999999999 0.18400551075671117696 0.24000936383979534772 0.08344910475745460909 
0.18626227875827966463 0.51031425601551683169 0.00000024390334820620 0.07205657150713043468 0.17261825494348884136 0.05874839387223591836 0.00000000100000000000 
0.00000000099999999984 0.00000000099999999984 0.00000000099999999984 0.00000000099999999984 0.00000000099999999984 0.99999999400000005867 0.00000000099999999984 
0.99999999400000016969 0.00000000099999999992 0.00000000099999999992 0.00000000099999999992 0.00000000099999999992 0.00000000099999999992 0.00000000099999999992 
0.00000000099999999999 0.00000000100438167074 0.03444287342064763363 0.82100002863032384148 0.00000000099999999999 0.14455709394464683060 0.00000000099999999999 
0.15585253997354922562 0.00000000099999999999 0.04627125499981460388 0.00000000099999999999 0.15318754638802789536 0.43662632583079802329 0.20806233080781036393 
0.99999999400000005867 0.00000000099999999992 0.00000000099999999992 0.00000000099999999992 0.00000000099999999992 0.00000000099999999992 0.00000000099999999992 
0.34866228242085561817 0.05240944901194212469 0.00000000099999999999 0.00000000099999999999 0.19027153760674997418 0.26137729427380035352 0.14727943468665205540 
0.00000000099999999999 0.00000000099999999999 0.00000000099999999999 0.98333279992900002320 0.00000000099999999999 0.00000000099999999999 0.01666719507099998637 
0.99999999400000016969 0.00000000099999999986 0.00000000099999999986 0.00000000099999999986 0.00000000099999999986 0.00000000099999999986 0.00000000099999999986 
0.00000000099999999996 0.00000000099999999996 0.00000000099999999996 0.72027537564228982792 0.00000000099999999996 0.00000000099999999996 0.27972461935771031349 
0.65227532376432628691 0.00000000100000000000 0.00038834525197870137 0.30249695650368813027 0.04466286916840308402 0.00005863704159489228 0.00011786727000898063 
0.00022328015464858562 0.00000000099999999999 0.28654886231813264663 0.00000000099999999999 0.00000000099999999999 0.43528016745421282963 0.27794768707300593347 
0.00000000099999999990 0.00000000099999999990 0.00000000099999999990 0.99999999399999994765 0.00000000099999999990 0.00000000099999999990 0.00000000099999999990 
0.00000000099999999996 0.00000000099999999996 0.00000000099999999996 0.00000000099999999996 0.00000000099999999996 0.00000000099999999996 0.99999999400000005867 
0.00000000099999999997 0.00000000099999999997 0.00000000099999999997 0.00000000099999999997 0.00000000099999999997 0.99999999400000005867 0.00000000099999999997 
0.43514531130345063259 0.00000000099999999999 0.13847911169616800020 0.00000000099999999999 0.00000000099999999999 0.24873611142491264259 0.17763946257546892049 
0.00000000099999999988 0.00000000099999999988 0.00000000099999999988 0.00000000099999999988 0.99999999399999994765 0.00000000099999999988 0.00000000099999999988 
0.00000000099999999988 0.00000000099999999988 0.00000000099999999988 0.00000000099999999988 0.99999999400000005867 0.00000000099999999988 0.00000000099999999988 
0.99999999400000005867 0.00000000099999999991 0.00000000099999999991 0.00000000099999999991 0.00000000099999999991 0.00000000099999999991 0.00000000099999999991 
0.99999999400000005867 0.00000000099999999995 0.00000000099999999995 0.00000000099999999995 0.00000000099999999995 0.00000000099999999995 0.00000000099999999995 
0.56167507609071587460 0.09733388778491090798 0.00012268003952641346 0.00000000099999999999 0.34040915361853624210 0.00045920046631054827 0.00000000099999999999 
