0.00000000099999999997 0.99999999800000005656 0.00000000099999999997 
0.99999999800000005656 0.00000000099999999999 0.00000000099999999999 
0.00000000099999999999 0.00000001812284603952 0.99999998087715402662 
0.86820522506983321964 0.00051109154251772625 0.13128368338764903611 
0.00000000100000000000 0.00618253865530611277 0.99381746034469387041 
0.00000000099999999996 0.99999999800000005656 0.00000000099999999996 
0.00000000099999999995 0.99999999799999994554 0.00000000099999999995 
0.00000000099999999998 0.00000000099999999998 0.99999999800000005656 
0.00000000386550046777 0.00000000099999999999 0.99999999513449944200 
0.00000000099999999998 0.00000000099999999998 0.99999999800000005656 
0.00000000099999999999 0.00000000099999999999 0.99999999799999994554 
0.00000000099999999999 0.00000000099999999999 0.99999999799999994554 
0.01054533745048944968 0.05759960564886394685 0.93185505690064662776 
0.99999999799999994554 0.00000000099999999998 0.00000000099999999998 
0.90074425120693779601 0.00001990192516061742 0.09923584686790160037 
0.99999999800000005656 0.00000000099999999994 0.00000000099999999994 
0.00000000099999999998 0.99999999799999994554 0.00000000099999999998 
0.03446972256190286577 0.00000000099999999999 0.96553027643809719027 
0.99999999800000005656 0.00000000099999999996 0.00000000099999999996 
0.00000000099999999999 0.40344234046505650371 0.59655765853494346906 
0.99999999799999994554 0.00000000099999999994 0.00000000099999999994 
0.00000000099999999999 0.14505461102355260428 0.85494538797644725747 
0.06442023518938122528 0.03954421636459564543 0.89603554844602306684 
0.00001918210530061166 0.00000000099999999999 0.99998081689469930922 
0.00000000099999999999 0.17091610716897273625 0.82908389183102726427 
0.00574421862391826486 0.02154000571599694672 0.97271577566008482485 
0.00000000458669853582 0.00000000099999999999 0.99999999441330145178 
0.02044897669371396887 0.08369663359463773433 0.89585438971164821353 
0.00005032048290237659 0.16515848062155766285 0.83479119889553998757 
0.01282545711456326530 0.19106353486207525161 0.79611100802336143278 
0.00000000099999999999 0.19916313720570799628 0.80083686179429203200 
0.00000000100000000000 0.17590991548222964513 0.82409008351777046641 
0.04214735048817546542 0.00000000099999999999 0.95785264851182450041 
0.00000000099999999999 0.01245680681639405735 0.98754319218360597787 
0.00019647012107503888 0.02453987028222215372 0.97526365959670280326 
0.03201106592681435270 0.06145729631412297916 0.90653163775906253630 
0.00000000099999999999 0.00000000099999999999 0.99999999800000005656 
0.00000000100000000000 0.00030449629345399474 0.99969550270654594648 
0.00000000099999999999 0.02816307671200819068 0.97183692228799167800 
0.00000000099999999996 0.99999999799999994554 0.00000000099999999996 
0.00000000099999999995 0.99999999799999994554 0.00000000099999999995 
0.99999999799999994554 0.00000000099999999993 0.00000000099999999993 
0.99999999799999994554 0.00000000099999999998 0.00000000099999999998 
0.99999999800000005656 0.00000000099999999989 0.00000000099999999989 
0.99999999800000005656 0.00000000099999999995 0.00000000099999999995 
0.99999999800000005656 0.00000000099999999990 0.00000000099999999990 
0.99999999800000005656 0.00000000099999999991 0.00000000099999999991 
0.00000000099999999999 0.96443716459791373197 0.03556283440208635183 
0.00000000099999999998 0.20486249384100882476 0.79513750515899106475 
0.00000000099999999998 0.00000000099999999998 0.99999999800000005656 
0.00000000099999999997 0.00000000099999999997 0.99999999799999994554 
0.00000000099999999999 0.19916770015078519296 0.80083229884921491859 
0.00000000099999999998 0.00000000099999999998 0.99999999800000005656 
0.00000000171771993607 0.00000000099999999999 0.99999999728228006202 
0.00000000099999999995 0.99999999799999994554 0.00000000099999999995 
0.01686880736246647999 0.01533750063875289477 0.96779369199878051422 
0.02403863100170924166 0.06333948568194630591 0.91262188331634441774 
0.99999999800000005656 0.00000000099999999995 0.00000000099999999995 
0.00000000099999999998 0.99999999800000005656 0.00000000099999999998 
0.99999999800000005656 0.00000000099999999994 0.00000000099999999994 
0.00000000099999999999 0.50212498398324989513 0.49787501501675024418 
0.99999999799999994554 0.00000000099999999995 0.00000000099999999995 
0.00000000099999999994 0.99999999799999994554 0.00000000099999999994 
0.00001494559935787813 0.00000082384674448985 0.99998423055389762393 
0.00000000099999999997 0.99999999800000005656 0.00000000099999999997 
0.00000000099999999998 0.00000000099999999998 0.99999999799999994554 
0.00000000099999999999 0.88572203334132837416 0.11427796565867157086 
0.00000000099999999994 0.99999999799999994554 0.00000000099999999994 
0.00000000099999999995 0.99999999799999994554 0.00000000099999999995 
0.00000000099999999999 0.00048124695229745748 0.99951875204770268546 
0.00000000099999999995 0.99999999800000005656 0.00000000099999999995 
0.00000000099999999995 0.99999999799999994554 0.00000000099999999995 
0.01534177839376788324 0.11428274700285397103 0.87037547460337805205 
0.03268935939849650085 0.06161073927718611898 0.90569990132431732466 
0.03244777553042101775 0.00464122883112598038 0.96291099563845305997 
0.13424005094222080103 0.00000162879897178292 0.86575832025880750109 
0.52125388606441069861 0.06804777792850061346 0.41069833600708866017 
0.00000000099999999998 0.00000000099999999998 0.99999999800000005656 
0.00000000099999999999 0.02870234550373192139 0.97129765349626806525 
0.00845048998415283067 0.86260374706063824846 0.12894576295520893128 
0.00000000099999999999 0.00309202561044498838 0.99690797338955494666 
0.00000000099999999998 0.00000000099999999998 0.99999999799999994554 
0.06379598128717149652 0.00000000164350605697 0.93620401706932243613 
0.00000000100000000000 0.99939614129892206940 0.00060385770107781545 
0.00000000099999999998 0.00000000099999999998 0.99999999799999994554 
0.00000000099999999999 0.72863342375037110088 0.27136657524962903842 
0.00211318735912144166 0.30918440823724946398 0.68870240440362906487 
0.00026481621650122886 0.03176978385239486585 0.96796539993110386479 
0.00000000099999999995 0.99999999799999994554 0.00000000099999999995 
0.00000000100000000000 0.03660778612132045695 0.96339221287867959909 
0.04237270280649959447 0.00000364200414104326 0.95762365518935932407 
0.00000000099999999999 0.02825259883262113900 0.97174740016737892745 
0.00880211219325649843 0.00000000100000000000 0.99119788680674347781 
0.00189050138940840174 0.00000000099999999999 0.99810949761059153396 
0.00000000099999999998 0.00000000099999999998 0.99999999799999994554 
0.00002660466851187054 0.00001579023406086403 0.99995760509742726008 
0.11039466895794285139 0.00000004162584933657 0.88960528941620786725 
