0.00000000099999999995 0.00000000099999999995 0.00000000099999999995 0.99999999500000003039 0.00000000099999999995 0.00000000099999999995 
0.99999999500000003039 0.00000000099999999997 0.00000000099999999997 0.00000000099999999997 0.00000000099999999997 0.00000000099999999997 
0.00000000099999999991 0.00000000099999999991 0.00000000099999999991 0.00000000099999999991 0.99999999500000003039 0.00000000099999999991 
0.82765795953980025867 0.17234203646019988221 0.00000000099999999998 0.00000000099999999998 0.00000000099999999998 0.00000000099999999998 
0.00000000099999999991 0.99999999500000014141 0.00000000099999999991 0.00000000099999999991 0.00000000099999999991 0.00000000099999999991 
0.00000000099999999993 0.00000000099999999993 0.00000000099999999993 0.99999999500000003039 0.00000000099999999993 0.00000000099999999993 
0.00000000099999999989 0.00000000099999999989 0.00000000099999999989 0.99999999499999991937 0.00000000099999999989 0.00000000099999999989 
0.00000000099999999993 0.00000000099999999993 0.99999999500000003039 0.00000000099999999993 0.00000000099999999993 0.00000000099999999993 
0.00000000099999999997 0.00000000099999999997 0.55007671202664398802 0.00000000099999999997 0.44992328397335590306 0.00000000099999999997 
0.00000000099999999998 0.36517958923890225797 0.40269097947793497383 0.00000000099999999998 0.22194346543545812045 0.01018596384770462278 
0.00000000099999999995 0.00000000099999999995 0.99999999500000003039 0.00000000099999999995 0.00000000099999999995 0.00000000099999999995 
0.00000000099999999996 0.00000000099999999996 0.99999999499999991937 0.00000000099999999996 0.00000000099999999996 0.00000000099999999996 
0.00671706867060423065 0.24636222744735591927 0.49723522563743371983 0.05537458197000220267 0.18921493877301920339 0.00509595750158470251 
0.99999999500000003039 0.00000000099999999995 0.00000000099999999995 0.00000000099999999995 0.00000000099999999995 0.00000000099999999995 
0.87078138039998909115 0.12921861560001093872 0.00000000099999999998 0.00000000099999999998 0.00000000099999999998 0.00000000099999999998 
0.99999999500000003039 0.00000000099999999986 0.00000000099999999986 0.00000000099999999986 0.00000000099999999986 0.00000000099999999986 
0.00000000099999999996 0.00000000099999999996 0.00000000099999999996 0.99999999500000003039 0.00000000099999999996 0.00000000099999999996 
0.00000000099999999998 0.46521856780788506391 0.53478142819211493819 0.00000000099999999998 0.00000000099999999998 0.00000000099999999998 
0.99999999500000014141 0.00000000099999999991 0.00000000099999999991 0.00000000099999999991 0.00000000099999999991 0.00000000099999999991 
0.00000000099999999991 0.00000000099999999991 0.00000000099999999991 0.34869129073835386512 0.65130870526164608147 0.00000000099999999991 
0.99999999500000014141 0.00000000099999999987 0.00000000099999999987 0.00000000099999999987 0.00000000099999999987 0.00000000099999999987 
0.00000000099999999990 0.00000000099999999990 0.00000000099999999990 0.00000000099999999990 0.00000000099999999990 0.99999999500000003039 
0.06058224903187848370 0.11265095051934645443 0.37626933447370103369 0.00000000493500858568 0.32818534761320738991 0.12231211342685807675 
0.00000000099999999989 0.00000000099999999989 0.00000000099999999989 0.00000000099999999989 0.99999999500000003039 0.00000000099999999989 
0.00000000099999999986 0.00000000099999999986 0.00000000099999999986 0.00000000099999999986 0.00000000099999999986 0.99999999500000003039 
0.00000000099999999990 0.99999999500000003039 0.00000000099999999990 0.00000000099999999990 0.00000000099999999990 0.00000000099999999990 
0.00000000099999999996 0.53530812311162589978 0.46469187288837404681 0.00000000099999999996 0.00000000099999999996 0.00000000099999999996 
0.00000000099999999997 0.52433735690945815211 0.00000000099999999997 0.00000000099999999997 0.00000000099999999997 0.47566263909054196102 
0.00000000099999999988 0.00000000099999999988 0.00000000099999999988 0.00000000099999999988 0.00000000099999999988 0.99999999499999991937 
0.00000000099999999989 0.00000000099999999989 0.00000000099999999989 0.00000000099999999989 0.00000000099999999989 0.99999999500000003039 
0.00000000099999999987 0.00000000099999999987 0.00000000099999999987 0.00000000099999999987 0.00000000099999999987 0.99999999499999991937 
0.00000000099999999990 0.00000000099999999990 0.00000000099999999990 0.00000000099999999990 0.00000000099999999990 0.99999999500000003039 
0.00000000099999999987 0.99999999500000014141 0.00000000099999999987 0.00000000099999999987 0.00000000099999999987 0.00000000099999999987 
0.00000000099999999994 0.00000000099999999994 0.99999999500000003039 0.00000000099999999994 0.00000000099999999994 0.00000000099999999994 
0.00000000099999999999 0.22874810836964140637 0.40711255983954014459 0.00363295000216165348 0.36050637978865679445 0.00000000099999999999 
0.00000000099999999989 0.99999999500000003039 0.00000000099999999989 0.00000000099999999989 0.00000000099999999989 0.00000000099999999989 
0.00000000099999999997 0.30585684057571099759 0.69413166994716180014 0.00000000099999999997 0.00001148647712712200 0.00000000099999999997 
0.00000000099999999996 0.37045647871111547778 0.00000000099999999996 0.00000000099999999996 0.62954351728888424677 0.00000000099999999996 
0.00000000099999999992 0.00000000099999999992 0.00000000099999999992 0.00000000099999999992 0.99999999500000003039 0.00000000099999999992 
0.00000000099999999993 0.00000000099999999993 0.00000000099999999993 0.99999999500000003039 0.00000000099999999993 0.00000000099999999993 
0.00000000099999999990 0.00000000099999999990 0.00000000099999999990 0.99999999500000003039 0.00000000099999999990 0.00000000099999999990 
0.99999999500000014141 0.00000000099999999983 0.00000000099999999983 0.00000000099999999983 0.00000000099999999983 0.00000000099999999983 
0.99999999500000003039 0.00000000099999999995 0.00000000099999999995 0.00000000099999999995 0.00000000099999999995 0.00000000099999999995 
0.99999999500000003039 0.00000000099999999973 0.00000000099999999973 0.00000000099999999973 0.00000000099999999973 0.00000000099999999973 
0.99999999500000003039 0.00000000099999999989 0.00000000099999999989 0.00000000099999999989 0.00000000099999999989 0.00000000099999999989 
0.99999999500000003039 0.00000000099999999975 0.00000000099999999975 0.00000000099999999975 0.00000000099999999975 0.00000000099999999975 
0.99999999500000003039 0.00000000099999999979 0.00000000099999999979 0.00000000099999999979 0.00000000099999999979 0.00000000099999999979 
0.00000000099999999997 0.08000303410990958208 0.00000000099999999997 0.91999696189009039227 0.00000000099999999997 0.00000000099999999997 
0.00000000099999999979 0.00000000099999999979 0.00000000099999999979 0.00000000099999999979 0.00000000099999999979 0.99999999499999991937 
0.00000000099999999992 0.00000000099999999992 0.99999999499999991937 0.00000000099999999992 0.00000000099999999992 0.00000000099999999992 
0.00000000099999999991 0.00000000099999999991 0.99999999499999991937 0.00000000099999999991 0.00000000099999999991 0.00000000099999999991 
0.00000000099999999984 0.00000000099999999984 0.00000000099999999984 0.00000000099999999984 0.00000000099999999984 0.99999999499999991937 
0.00000000099999999996 0.44069281233732271463 0.55930718366267728747 0.00000000099999999996 0.00000000099999999996 0.00000000099999999996 
0.00000000099999999994 0.00000000099999999994 0.99999999499999991937 0.00000000099999999994 0.00000000099999999994 0.00000000099999999994 
0.00000000099999999990 0.00000000099999999990 0.00000000099999999990 0.99999999500000003039 0.00000000099999999990 0.00000000099999999990 
0.01699455640569353526 0.16774111604434785439 0.45469824314409207355 0.00000000100000000000 0.32151752279291934133 0.03904856061294718905 
0.01526976587944201338 0.28872109019651992501 0.56260854680254868132 0.05362465195863377193 0.00000000100000000000 0.07977594416285563317 
0.99999999500000003039 0.00000000099999999989 0.00000000099999999989 0.00000000099999999989 0.00000000099999999989 0.00000000099999999989 
0.00000000099999999996 0.00000000099999999996 0.00000000099999999996 0.99999999500000003039 0.00000000099999999996 0.00000000099999999996 
0.99999999500000014141 0.00000000099999999986 0.00000000099999999986 0.00000000099999999986 0.00000000099999999986 0.00000000099999999986 
0.00000000099999999990 0.00000000099999999990 0.00000000099999999990 0.43217220753471941030 0.56782778846528059180 0.00000000099999999990 
0.99999999500000014141 0.00000000099999999987 0.00000000099999999987 0.00000000099999999987 0.00000000099999999987 0.00000000099999999987 
0.00000000099999999987 0.00000000099999999987 0.00000000099999999987 0.99999999499999991937 0.00000000099999999987 0.00000000099999999987 
0.00000000099999999989 0.99999999500000003039 0.00000000099999999989 0.00000000099999999989 0.00000000099999999989 0.00000000099999999989 
0.00000000099999999993 0.00000000099999999993 0.00000000099999999993 0.99999999500000003039 0.00000000099999999993 0.00000000099999999993 
0.00000000099999999995 0.42812774917754986559 0.57187224682245008101 0.00000000099999999995 0.00000000099999999995 0.00000000099999999995 
0.00000000099999999998 0.00000000099999999998 0.00000000099999999998 0.84456920087278242182 0.00000000099999999998 0.15543079512721752478 
0.00000000099999999988 0.00000000099999999988 0.00000000099999999988 0.99999999500000003039 0.00000000099999999988 0.00000000099999999988 
0.00000000099999999990 0.00000000099999999990 0.00000000099999999990 0.99999999499999991937 0.00000000099999999990 0.00000000099999999990 
0.00000000099999999997 0.00000000099999999997 0.50193176313118781362 0.00000000099999999997 0.49806823286881196644 0.00000000099999999997 
0.00000000099999999990 0.00000000099999999990 0.00000000099999999990 0.99999999500000003039 0.00000000099999999990 0.00000000099999999990 
0.00000000099999999991 0.00000000099999999991 0.00000000099999999991 0.99999999499999991937 0.00000000099999999991 0.00000000099999999991 
0.01125844672615008285 0.25640127394539424799 0.26693566292149656372 0.09186597125791162721 0.29234122632941583753 0.08119741881963170316 
0.01220907906638778705 0.36242563438538621945 0.29438831068832327365 0.04779332776668492738 0.28306853752934313384 0.00011511056387479102 
0.01637941258035303244 0.25023131083966565491 0.52556546143128268778 0.00000000100000000000 0.14137442434133676294 0.06644938980736173062 
0.12422932648015776180 0.22070698902890417692 0.48959174413406569837 0.00000000099999999999 0.16547193835687237784 0.00000000099999999999 
0.51066902391563706587 0.30809972787073214295 0.00134885355779924701 0.04688506240727871588 0.13299729032341048307 0.00000004192514247509 
0.00000000099999999992 0.00000000099999999992 0.99999999499999991937 0.00000000099999999992 0.00000000099999999992 0.00000000099999999992 
0.00000000099999999993 0.00000000099999999993 0.00000000099999999993 0.00000000099999999993 0.99999999499999991937 0.00000000099999999993 
0.00000000099999999999 0.00000000099999999999 0.00000000099999999999 0.81409213213021824895 0.14453733808799057448 0.04137052678179120591 
0.00000000099999999997 0.00000000099999999997 0.99999999499999991937 0.00000000099999999997 0.00000000099999999997 0.00000000099999999997 
0.00000000099999999998 0.00000000099999999998 0.69524225380928184048 0.00000000099999999998 0.28709155324791268971 0.01766618994280534996 
0.04627157387646765874 0.00000000099999999998 0.73555523951354062628 0.00000000099999999998 0.21817318360999174431 0.00000000099999999998 
0.00000000099999999999 0.00000000099999999999 0.00000000099999999999 0.97787691197997661519 0.02212308402002326549 0.00000000099999999999 
0.00000000099999999987 0.00000000099999999987 0.00000000099999999987 0.00000000099999999987 0.99999999499999991937 0.00000000099999999987 
0.00000000099999999997 0.00000000099999999997 0.26578191613433960194 0.71061552736645960948 0.00000000099999999997 0.02360255349920083179 
0.00000000100000000000 0.25371339610993748348 0.00002376025759436423 0.26346586950874656408 0.44921188893611152526 0.03358508418761005365 
0.00000000100000000000 0.00000000100000000000 0.00000016295727027266 0.00000000100000000000 0.69018551750004641931 0.30981431654268337672 
0.00000000099999999991 0.00000000099999999991 0.00000000099999999991 0.99999999500000003039 0.00000000099999999991 0.00000000099999999991 
0.00000000099999999999 0.00000000099999999999 0.44580381988589867781 0.00000000099999999999 0.44589630163445892475 0.10829987547964237127 
0.00000000099999999999 0.71387655068281907766 0.00000000099999999999 0.00000000099999999999 0.28612344531718086893 0.00000000099999999999 
0.00000000099999999997 0.00000000099999999997 0.00000000099999999997 0.00000000099999999997 0.89602431514876668128 0.10397568085123336246 
0.00000000099999999997 0.53349519728374017458 0.46650479871625982753 0.00000000099999999997 0.00000000099999999997 0.00000000099999999997 
0.00000000099999999992 0.00000000099999999992 0.99999999499999991937 0.00000000099999999992 0.00000000099999999992 0.00000000099999999992 
0.00000000099999999997 0.31310959189447323814 0.41473892725993244390 0.00000000099999999997 0.27215147784559434729 0.00000000099999999997 
0.00000000099999999997 0.67066968068730004049 0.00000000099999999997 0.00000000099999999997 0.32933031531269990611 0.00000000099999999997 
0.09986768158863523759 0.00000017267289172873 0.51483949208940893438 0.00000000100000000000 0.37959730603246927272 0.00569534661659499338 
