0.00000000099999999997 0.00000000099999999997 0.99999999800000005656 
0.99999999800000005656 0.00000000099999999999 0.00000000099999999999 
0.00000000099999999999 0.99999997516463279279 0.00000002383536724296 
0.86813136404488022713 0.13101265187684107971 0.00085598407827876895 
0.00000000105793843941 0.99372705204012079516 0.00627294690194077267 
0.00000000099999999996 0.00000000099999999996 0.99999999799999994554 
0.00000000099999999995 0.00000000099999999995 0.99999999799999994554 
0.00000000099999999998 0.99999999800000005656 0.00000000099999999998 
0.00000000597763685021 0.99999999302236319831 0.00000000099999999999 
0.00000000099999999998 0.99999999799999994554 0.00000000099999999998 
0.00000000099999999999 0.99999999800000005656 0.00000000099999999999 
0.00000000099999999999 0.99999999799999994554 0.00000000099999999999 
0.01058507744929948653 0.93180219496234872878 0.05761272758835175867 
0.99999999800000005656 0.00000000099999999998 0.00000000099999999998 
0.90074378876256389059 0.09922389023746000514 0.00003232099997600862 
0.99999999800000005656 0.00000000099999999994 0.00000000099999999994 
0.00000000099999999998 0.00000000099999999998 0.99999999800000005656 
0.03446949619017657118 0.96553050280982333220 0.00000000099999999999 
0.99999999799999994554 0.00000000099999999996 0.00000000099999999996 
0.00000000099999999999 0.59654655026136160778 0.40345344873863842050 
0.99999999799999994554 0.00000000099999999994 0.00000000099999999994 
0.00000000099999999999 0.85493015596953492174 0.14506984303046518980 
0.06442102000623317615 0.89601523641146874066 0.03956374358229819421 
0.00002473407895398553 0.99997526492104604756 0.00000000099999999999 
0.00000000099999999999 0.82907324033048546141 0.17092675866951467789 
0.00575971048404799041 0.97267001741387970615 0.02157027210207224446 
0.00000000701863591303 0.99999999198136402256 0.00000000099999999999 
0.02045057021936886460 0.89584296052586798176 0.08370646925476307731 
0.00006160633645020380 0.83476615271817533603 0.16517224094537449886 
0.01282721806167159105 0.79609909691317770619 0.19107368502515070796 
0.00000000099999999999 0.80082520417280034231 0.19917479482719963046 
0.00000000100000000000 0.82407963426485864034 0.17592036473514149897 
0.04214985343628671610 0.95785014556371317340 0.00000000099999999999 
0.00000000099999999999 0.98751916882335233350 0.01248083017664766703 
0.00022350113992502242 0.97522019509870805365 0.02455630376136697796 
0.03201347125551500666 0.90651563160401649188 0.06147089714046852227 
0.00000000099999999999 0.99999999800000005656 0.00000000099999999999 
0.00000000100000000000 0.99965503273350797553 0.00034496626649214805 
0.00000000099999999999 0.97183909168690685298 0.02816090731309311285 
0.00000000099999999996 0.00000000099999999996 0.99999999799999994554 
0.00000000099999999995 0.00000000099999999995 0.99999999800000005656 
0.99999999800000005656 0.00000000099999999993 0.00000000099999999993 
0.99999999800000005656 0.00000000099999999998 0.00000000099999999998 
0.99999999799999994554 0.00000000099999999989 0.00000000099999999989 
0.99999999800000005656 0.00000000099999999995 0.00000000099999999995 
0.99999999799999994554 0.00000000099999999990 0.00000000099999999990 
0.99999999799999994554 0.00000000099999999991 0.00000000099999999991 
0.00000000099999999999 0.03556573899651810367 0.96443426000348198013 
0.00000000099999999998 0.79512462100320280278 0.20487537799679716999 
0.00000000099999999998 0.99999999799999994554 0.00000000099999999998 
0.00000000099999999997 0.99999999800000005656 0.00000000099999999997 
0.00000000099999999999 0.80081998954419886250 0.19918000945580127681 
0.00000000099999999998 0.99999999800000005656 0.00000000099999999998 
0.00000000266257409993 0.99999999633742586713 0.00000000099999999999 
0.00000000099999999995 0.00000000099999999995 0.99999999799999994554 
0.01687067001063309243 0.96777439038645640679 0.01535493960291037067 
0.02404095341360093854 0.91261218852398762191 0.06334685806241144301 
0.99999999800000005656 0.00000000099999999995 0.00000000099999999995 
0.00000000099999999998 0.00000000099999999998 0.99999999799999994554 
0.99999999800000005656 0.00000000099999999994 0.00000000099999999994 
0.00000000099999999999 0.49786521622238688600 0.50213478277761314228 
0.99999999799999994554 0.00000000099999999995 0.00000000099999999995 
0.00000000099999999994 0.00000000099999999994 0.99999999800000005656 
0.00001967653838624567 0.99997924198346754832 0.00000108147814626196 
0.00000000099999999997 0.00000000099999999997 0.99999999799999994554 
0.00000000099999999998 0.99999999800000005656 0.00000000099999999998 
0.00000000099999999999 0.11426218865087452159 0.88573781034912535404 
0.00000000099999999994 0.00000000099999999994 0.99999999800000005656 
0.00000000099999999995 0.00000000099999999995 0.99999999800000005656 
0.00000000099999999999 0.99946630205378106382 0.00053369694621898008 
0.00000000099999999995 0.00000000099999999995 0.99999999799999994554 
0.00000000099999999995 0.00000000099999999995 0.99999999799999994554 
0.01534444271011556511 0.87036406370217223039 0.11429149358771222011 
0.03269206677628442442 0.90568525879096417608 0.06162267443275133705 
0.03243765117824299465 0.96280249340415624548 0.00475985541760079803 
0.13424315862447344649 0.86575475850842820158 0.00000208286709836133 
0.52125403762220556825 0.41068328221362920827 0.06806268016416527900 
0.00000000099999999998 0.99999999800000005656 0.00000000099999999998 
0.00000000099999999999 0.97129007858031313205 0.02870992041968683378 
0.00846372990429901037 0.12892340753287720445 0.86261286256282387885 
0.00000000099999999999 0.99680214968449321056 0.00319784931550666897 
0.00000000099999999998 0.99999999799999994554 0.00000000099999999998 
0.06379863891331048753 0.93620135880275112683 0.00000000228393832623 
0.00000000100000000000 0.00054695005690979950 0.99945304894309028310 
0.00000000099999999998 0.99999999800000005656 0.00000000099999999998 
0.00000000099999999999 0.27135800419210737155 0.72864199480789249019 
0.00168189057614384781 0.68660276631980887707 0.31171534310404713786 
0.00032843837664644370 0.96805276221956004790 0.03161879940379360571 
0.00000000099999999995 0.00000000099999999995 0.99999999800000005656 
0.00000000100000000000 0.96319392550251126117 0.03680607349748876017 
0.04237637167858251952 0.95761819440932127723 0.00000543391209612555 
0.00000000099999999999 0.97172615091938341347 0.02827384808061655583 
0.00880881084470161099 0.99119090293565403904 0.00000028621964432460 
0.00192625618756425568 0.99807374281243566028 0.00000000099999999999 
0.00000000099999999998 0.99999999800000005656 0.00000000099999999998 
0.00003470714453736813 0.99994488320677643589 0.00002040964868626299 
0.11039677854260054879 0.88960316644653159024 0.00000005501086783797 
