0.99999999699999997382 0.00000000099999999996 0.00000000099999999996 0.00000000099999999996 
0.00000000099999999998 0.99999999699999997382 0.00000000099999999998 0.00000000099999999998 
0.00000000099999999998 0.00000000099999999998 0.99999999699999986280 0.00000000099999999998 
0.00002348348805152244 0.86960219551972661733 0.13032880630210016970 0.00004551469012173832 
0.00064504784308740614 0.00000000100000000000 0.91216531967548486470 0.08718963148142779007 
0.99999999699999997382 0.00000000099999999995 0.00000000099999999995 0.00000000099999999995 
0.99999999699999997382 0.00000000099999999993 0.00000000099999999993 0.00000000099999999993 
0.00000000099999999998 0.00000000099999999998 0.96595114234390100361 0.03404885565609896275 
0.00000000099999999999 0.00000000099999999999 0.99999997106770677213 0.00000002693229312299 
0.00000000099999999998 0.00000000099999999998 0.94985787626100670611 0.05014212173899331576 
0.00000000099999999998 0.00000000099999999998 0.96021488908583207955 0.03978510891416779660 
0.00000000099999999999 0.00000000099999999999 0.99993897614139770624 0.00006102185860223926 
0.06010254037340711369 0.02332718988473980043 0.89112749398566648562 0.02544277575618668699 
0.00000000099999999997 0.99999999700000008485 0.00000000099999999997 0.00000000099999999997 
0.00000001077742800495 0.90066569008528274409 0.06415975097525036808 0.03517454816203884754 
0.00000000099999999991 0.99999999699999997382 0.00000000099999999991 0.00000000099999999991 
0.99999999699999997382 0.00000000099999999997 0.00000000099999999997 0.00000000099999999997 
0.00000000099999999999 0.03153347852327536421 0.93822941876244381199 0.03023710171428076882 
0.00000000099999999995 0.99999999700000008485 0.00000000099999999995 0.00000000099999999995 
0.40692107807600763625 0.00000000099999999998 0.59307891992399230929 0.00000000099999999998 
0.00000000099999999992 0.99999999699999997382 0.00000000099999999992 0.00000000099999999992 
0.00000000099999999993 0.00000000099999999993 0.00000000099999999993 0.99999999700000008485 
0.02717152061686617034 0.06282302162451412764 0.78116168586191603307 0.12884377189670373487 
0.00000000099999999999 0.00001305799878215057 0.95386473208022592996 0.04612220892099202357 
0.00000000099999999991 0.00000000099999999991 0.00000000099999999991 0.99999999699999997382 
0.02366839596618233732 0.00037846774265942420 0.97356117617115922602 0.00239196011999905046 
0.00000000099999999998 0.00000000099999999998 0.99999999699999997382 0.00000000099999999998 
0.00000000099999999999 0.00061545791225186273 0.49630058089281353650 0.50308396019493450968 
0.00000000099999999992 0.00000000099999999992 0.00000000099999999992 0.99999999699999997382 
0.00000000099999999993 0.00000000099999999993 0.00000000099999999993 0.99999999700000008485 
0.00000000099999999991 0.00000000099999999991 0.00000000099999999991 0.99999999700000008485 
0.00000000099999999993 0.00000000099999999993 0.00000000099999999993 0.99999999700000008485 
0.00000000099999999999 0.04092833637469534686 0.95907031167801615190 0.00000135094728851333 
0.00282179913220201306 0.00000000099999999998 0.99717819886779801575 0.00000000099999999998 
0.02258101144265678428 0.00000000099999999999 0.97741898655734316126 0.00000000099999999999 
0.05053239495213613514 0.02852392059563501128 0.84051661402856070460 0.08042707042366817327 
0.00000000099999999999 0.00000000099999999999 0.99999863483021822486 0.00000136316978166520 
0.00000151331450870235 0.00000000100000000000 0.97265688284164253385 0.02734160284384891046 
0.02814735751950805942 0.00000000099999999999 0.94821183229686789584 0.02364080918362412853 
0.99999999700000008485 0.00000000099999999995 0.00000000099999999995 0.00000000099999999995 
0.99999999700000008485 0.00000000099999999993 0.00000000099999999993 0.00000000099999999993 
0.00000000099999999990 0.99999999699999997382 0.00000000099999999990 0.00000000099999999990 
0.00000000099999999997 0.99999999699999997382 0.00000000099999999997 0.00000000099999999997 
0.00000000099999999983 0.99999999700000008485 0.00000000099999999983 0.00000000099999999983 
0.00000000099999999993 0.99999999699999997382 0.00000000099999999993 0.00000000099999999993 
0.00000000099999999985 0.99999999700000008485 0.00000000099999999985 0.00000000099999999985 
0.00000000099999999987 0.99999999700000008485 0.00000000099999999987 0.00000000099999999987 
0.95824342966150988232 0.00000000099999999998 0.04175656833849012567 0.00000000099999999998 
0.00000000099999999987 0.00000000099999999987 0.00000000099999999987 0.99999999700000008485 
0.00000000099999999997 0.00000000099999999997 0.99999999699999986280 0.00000000099999999997 
0.00000000099999999996 0.00000000099999999996 0.99999999699999986280 0.00000000099999999996 
0.00000000099999999989 0.00000000099999999989 0.00000000099999999989 0.99999999700000008485 
0.00000000099999999998 0.00000000099999999998 0.95936185290019959648 0.04063814509980029355 
0.00000000099999999998 0.00000000099999999998 0.99999982893221539548 0.00000016906778443939 
0.99999999700000008485 0.00000000099999999993 0.00000000099999999993 0.00000000099999999993 
0.01261373552402956025 0.01663187159455514069 0.91705435342855801117 0.05370003945285736768 
0.05171017387042806113 0.02697330866304608471 0.83761567845740048099 0.08370083900912544950 
0.00000000099999999993 0.99999999699999997382 0.00000000099999999993 0.00000000099999999993 
0.99999999699999997382 0.00000000099999999997 0.00000000099999999997 0.00000000099999999997 
0.00000000099999999991 0.99999999700000008485 0.00000000099999999991 0.00000000099999999991 
0.50633936803792078951 0.00000000099999999999 0.49365899755342018684 0.00000163340865906811 
0.00000000099999999992 0.99999999700000008485 0.00000000099999999992 0.00000000099999999992 
0.99999999699999997382 0.00000000099999999991 0.00000000099999999991 0.00000000099999999991 
0.00000000099999999999 0.00000000099999999999 0.99050093861623000890 0.00949905938376989674 
0.99999999699999997382 0.00000000099999999995 0.00000000099999999995 0.00000000099999999995 
0.00000000099999999998 0.00000000099999999998 0.99136848093825247208 0.00863151706174740234 
0.84872940807065000435 0.00000000099999999999 0.00000000099999999999 0.15127058992934996895 
0.99999999699999997382 0.00000000099999999993 0.00000000099999999993 0.00000000099999999993 
0.99999999699999997382 0.00000000099999999994 0.00000000099999999994 0.00000000099999999994 
0.00067610930446054427 0.00000000099999999998 0.98575875807810098284 0.01356513161743848513 
0.99999999700000008485 0.00000000099999999994 0.00000000099999999994 0.00000000099999999994 
0.99999999699999997382 0.00000000099999999994 0.00000000099999999994 0.00000000099999999994 
0.10128527262711187196 0.01699438665787321445 0.78250312637910068858 0.09921721433591425277 
0.05896555946399933967 0.02727393407499431599 0.89566872819889509216 0.01809177826211130075 
0.00024814091668437456 0.02842424596892743557 0.89688112233776395854 0.07444649077662411629 
0.00000061001824355623 0.12782408667901537513 0.87121440502489855273 0.00096089827784248531 
0.07018675715028792339 0.51692924360220104951 0.41208610658641814384 0.00079789266109276291 
0.00000000099999999997 0.00000000099999999997 0.99999999699999997382 0.00000000099999999997 
0.02912396310486272538 0.00000000099999999999 0.97087595591412456653 0.00000007998101277623 
0.84773118980024564362 0.00986677119117284999 0.06264907351912070432 0.07975296548946081421 
0.00001546040521605816 0.00000000099999999999 0.91805416554381691352 0.08193037305096705081 
0.00000000099999999998 0.00000000099999999998 0.96079853686267302493 0.03920146113732697613 
0.00000000099999999999 0.05482615091615390679 0.94517384708384610814 0.00000000099999999999 
0.99999620553144241697 0.00000000099999999999 0.00000379246855764919 0.00000000099999999999 
0.00000000099999999998 0.00000000099999999998 0.99849901909863902905 0.00150097890136087898 
0.71999405002011618304 0.00000000099999999999 0.23190034430224065742 0.04810560467764309761 
0.30358041357828063900 0.00001348965377954946 0.60986149000070932757 0.08654460676723041423 
0.01168212835329107517 0.00002861207005836581 0.67267291492031944244 0.31561634465633126023 
0.99999999700000008485 0.00000000099999999994 0.00000000099999999994 0.00000000099999999994 
0.01097041240874228711 0.00000000100000000000 0.85580366347549141626 0.13322592311576630930 
0.00000000590999410914 0.03178770111567967571 0.96378599360090844161 0.00442629937341785466 
0.01127003759895482682 0.00000000099999999999 0.82342571174030221304 0.16530424966074294679 
0.00000000099999999999 0.01071397001754504502 0.97173826009360719791 0.01754776888884775760 
0.00000000099999999997 0.00000000099999999997 0.99999999699999997382 0.00000000099999999997 
0.00000000099999999998 0.00000000099999999998 0.99486638592851295293 0.00513361207148698914 
0.00000000099999999999 0.00000000099999999999 0.99999999699999986280 0.00000000099999999999 
0.00000000100000000000 0.10533687387676911318 0.85900907068321319393 0.03565405444001771423 
