0.00000000099999999995 0.00000000099999999995 0.47091818475729491089 0.00000000099999999995 0.00000000099999999995 0.52908181124270492468 
0.00000000099999999996 0.99999999500000014141 0.00000000099999999996 0.00000000099999999996 0.00000000099999999996 0.00000000099999999996 
0.00000000099999999998 0.00000000099999999998 0.00000000391850009903 0.99999999208149992214 0.00000000099999999998 0.00000000099999999998 
0.01564941948314769321 0.87030953234720431766 0.00000000100000000000 0.11404032227565745472 0.00000072185907276086 0.00000000303491790521 
0.00000000099999999999 0.00000000099999999999 0.00000141805020553734 0.91083825496471526595 0.08628891207755225168 0.00287141290752696487 
0.00000000099999999987 0.00000000099999999987 0.99999999500000003039 0.00000000099999999987 0.00000000099999999987 0.00000000099999999987 
0.00000000099999999987 0.00000000099999999987 0.99999999499999991937 0.00000000099999999987 0.00000000099999999987 0.00000000099999999987 
0.00000000099999999997 0.00000000099999999997 0.00000000099999999997 0.96977045462467104109 0.03022954137532888816 0.00000000099999999997 
0.00000000099999999998 0.00000000099999999998 0.00000000099999999998 0.99999999499999991937 0.00000000099999999998 0.00000000099999999998 
0.00000020912950080714 0.00000000099999999998 0.00000000099999999998 0.95400070326987396196 0.04599908460062511473 0.00000000099999999998 
0.00000010407710250731 0.00000000099999999998 0.00000000099999999998 0.95793957313401778553 0.04206031978887950912 0.00000000099999999998 
0.00000000099999999998 0.00000000099999999998 0.00000000099999999998 0.99999998535394407639 0.00000001064605576741 0.00000000099999999998 
0.06105358115650631745 0.02237089968314466895 0.02589117476747626254 0.85800089191938977429 0.03268265354075464840 0.00000079893272850478 
0.00000000099999999995 0.99999999500000014141 0.00000000099999999995 0.00000000099999999995 0.00000000099999999995 0.00000000099999999995 
0.00136381100845837672 0.90104256529953652421 0.00000000100000000000 0.06078673092417869600 0.03680689076782640845 0.00000000100000000000 
0.00000000099999999983 0.99999999500000003039 0.00000000099999999983 0.00000000099999999983 0.00000000099999999983 0.00000000099999999983 
0.00000000099999999991 0.00000000099999999991 0.99999999500000003039 0.00000000099999999991 0.00000000099999999991 0.00000000099999999991 
0.00000000099999999997 0.03161203499759485808 0.00000000099999999997 0.93936879377092186161 0.02901916823148335128 0.00000000099999999997 
0.00000000099999999990 0.99999999500000003039 0.00000000099999999990 0.00000000099999999990 0.00000000099999999990 0.00000000099999999990 
0.99999999500000003039 0.00000000099999999960 0.00000000099999999960 0.00000000099999999960 0.00000000099999999960 0.00000000099999999960 
0.00000000099999999985 0.99999999500000014141 0.00000000099999999985 0.00000000099999999985 0.00000000099999999985 0.00000000099999999985 
0.00000000099999999989 0.00000000099999999989 0.00000000099999999989 0.00000000099999999989 0.99999999500000003039 0.00000000099999999989 
0.01970860788069036043 0.06177706309259839434 0.00000000378124231319 0.76489732916933717011 0.12381384422368825471 0.02980315185244349074 
0.04075499122655366901 0.00000013238130780188 0.00000000099999999998 0.91583370046594592129 0.04341117392619250198 0.00000000099999999998 
0.00000000099999999984 0.00000000099999999984 0.00000000099999999984 0.00000000099999999984 0.99999999500000003039 0.00000000099999999984 
0.04770686313098197046 0.00000171586759972403 0.00000000100000000000 0.94320645874001618481 0.00065502886197160248 0.00842993239943072049 
0.00000000099999999997 0.00000000099999999997 0.00000000099999999997 0.99999999499999991937 0.00000000099999999997 0.00000000099999999997 
0.00000000099999999998 0.00010202190505868199 0.00000000099999999998 0.49709053567201588741 0.50280743942292549509 0.00000000099999999998 
0.00000000099999999985 0.00000000099999999985 0.00000000099999999985 0.00000000099999999985 0.99999999499999991937 0.00000000099999999985 
0.00000000099999999988 0.00000000099999999988 0.00000000099999999988 0.00000000099999999988 0.99999999499999991937 0.00000000099999999988 
0.00000000099999999987 0.00000000099999999987 0.00000000099999999987 0.00000000099999999987 0.99999999499999991937 0.00000000099999999987 
0.00000000099999999989 0.00000000099999999989 0.00000000099999999989 0.00000000099999999989 0.99999999500000003039 0.00000000099999999989 
0.00000000099999999996 0.03860373604830592831 0.00000000099999999996 0.96139625995169419870 0.00000000099999999996 0.00000000099999999996 
0.00000000099999999997 0.00000000099999999997 0.00000007750998959380 0.98508653843573212860 0.00000000099999999997 0.01491338105427846700 
0.00000000099999999999 0.00000000099999999999 0.00000000099999999999 0.96061841847652029713 0.00000000099999999999 0.03938157752347971191 
0.00000000100000000000 0.02758765257686254455 0.05546734678898814636 0.83650164949969718631 0.08044333744529642838 0.00000001268915578628 
0.00000000099999999998 0.00000000099999999998 0.00000000099999999998 0.99999999500000003039 0.00000000099999999998 0.00000000099999999998 
0.00000000099999999999 0.00000000099999999999 0.00000001493297593413 0.96281655254781006725 0.03231318603661444133 0.00487024448259958283 
0.02041023600847607575 0.00000000099999999999 0.00000000099999999999 0.93352961513828036644 0.01715188526791697893 0.02890826158532642728 
0.00000000099999999992 0.00000000099999999992 0.43337192363893406455 0.00000000099999999992 0.00000000099999999992 0.56662807236106593756 
0.00000000099999999985 0.00000000099999999985 0.99999999499999991937 0.00000000099999999985 0.00000000099999999985 0.00000000099999999985 
0.00000000099999999981 0.99999999500000014141 0.00000000099999999981 0.00000000099999999981 0.00000000099999999981 0.00000000099999999981 
0.00000000099999999995 0.99999999500000003039 0.00000000099999999995 0.00000000099999999995 0.00000000099999999995 0.00000000099999999995 
0.00000000099999999972 0.99999999500000014141 0.00000000099999999972 0.00000000099999999972 0.00000000099999999972 0.00000000099999999972 
0.00000000099999999987 0.99999999500000014141 0.00000000099999999987 0.00000000099999999987 0.00000000099999999987 0.00000000099999999987 
0.00000000099999999973 0.99999999500000014141 0.00000000099999999973 0.00000000099999999973 0.00000000099999999973 0.00000000099999999973 
0.00000000099999999977 0.99999999500000003039 0.00000000099999999977 0.00000000099999999977 0.00000000099999999977 0.00000000099999999977 
0.00000000099999999992 0.00000000099999999992 0.99999999499999991937 0.00000000099999999992 0.00000000099999999992 0.00000000099999999992 
0.00000000099999999979 0.00000000099999999979 0.00000000099999999979 0.00000000099999999979 0.99999999499999991937 0.00000000099999999979 
0.00000000099999999996 0.00000000099999999996 0.00000000099999999996 0.99999999500000003039 0.00000000099999999996 0.00000000099999999996 
0.00000000099999999995 0.00000000099999999995 0.00000000099999999995 0.99999999500000003039 0.00000000099999999995 0.00000000099999999995 
0.00000000099999999983 0.00000000099999999983 0.00000000099999999983 0.00000000099999999983 0.99999999499999991937 0.00000000099999999983 
0.00000000099999999995 0.00000000099999999995 0.00000000099999999995 0.97079246061849622240 0.02920753538150382481 0.00000000099999999995 
0.00000000099999999996 0.00000000099999999996 0.00000000099999999996 0.99999999500000003039 0.00000000099999999996 0.00000000099999999996 
0.00000000099999999979 0.00000000099999999979 0.00000000099999999979 0.00000000099999999979 0.00000000099999999979 0.99999999500000003039 
0.04397569319667182092 0.01515783948680355861 0.00000007559147314215 0.89115191610278132739 0.04971447462227007036 0.00000000099999999999 
0.00000023274744978438 0.02261769692204657761 0.07108812921279937524 0.82778837081391920538 0.07850556930378498055 0.00000000099999999999 
0.00000000099999999987 0.99999999500000014141 0.00000000099999999987 0.00000000099999999987 0.00000000099999999987 0.00000000099999999987 
0.00000000099999999990 0.00000000099999999990 0.99999999500000003039 0.00000000099999999990 0.00000000099999999990 0.00000000099999999990 
0.00000000099999999985 0.99999999500000014141 0.00000000099999999985 0.00000000099999999985 0.00000000099999999985 0.00000000099999999985 
0.99999999500000014141 0.00000000099999999961 0.00000000099999999961 0.00000000099999999961 0.00000000099999999961 0.00000000099999999961 
0.00000000099999999986 0.99999999500000014141 0.00000000099999999986 0.00000000099999999986 0.00000000099999999986 0.00000000099999999986 
0.00000000099999999983 0.00000000099999999983 0.99999999499999991937 0.00000000099999999983 0.00000000099999999983 0.00000000099999999983 
0.00000391364127975837 0.00000000099999999999 0.00000566158312057680 0.99730240266569669672 0.00268802010990298445 0.00000000099999999999 
0.00000000099999999995 0.00000000099999999995 0.67563377325264639683 0.00000000099999999995 0.00000000099999999995 0.32436622274735354976 
0.00000000099999999997 0.00000000099999999997 0.00000000099999999997 0.99304873414624905692 0.00695126185375081161 0.00000000099999999997 
0.08117964085842802047 0.00000000099999999998 0.20950160610622844959 0.00000000099999999998 0.11583969138760040474 0.59347905964774305687 
0.00000000099999999984 0.00000000099999999984 0.99999999499999991937 0.00000000099999999984 0.00000000099999999984 0.00000000099999999984 
0.00000000099999999980 0.00000000099999999980 0.00000000099999999980 0.00000000099999999980 0.00000000099999999980 0.99999999499999991937 
0.00000007577172874353 0.00000000099999999998 0.00000000099999999998 0.96735739310488089160 0.00019736797331905287 0.03244516115007127499 
0.00000000099999999991 0.00000000099999999991 0.44728411489774611010 0.00000000099999999991 0.00000000099999999991 0.55271588110225378099 
0.00000000099999999981 0.00000000099999999981 0.00000000099999999981 0.00000000099999999981 0.00000000099999999981 0.99999999499999991937 
0.05846451239828560908 0.01758786032365418361 0.07809230601799535543 0.74637189996006625403 0.09948327539376236595 0.00000014590623631133 
0.01740920294962503695 0.02555636206986637224 0.00059935032686520484 0.89077293088436071411 0.00841638089249734794 0.05724577287678539461 
0.03865858751420837847 0.02576965893379933037 0.00000001983931425875 0.86858871913817492505 0.06698301357450314741 0.00000000100000000000 
0.02612315546660284871 0.12639172074152876801 0.00000000100000000000 0.84748228430944427814 0.00000283748242401921 0.00000000100000000000 
0.00017668375726058238 0.51626330212906457184 0.00000000100000000000 0.39601367477502269487 0.00000219952043001740 0.08754413881822212251 
0.02907345622030246476 0.00000000099999999996 0.00000000099999999996 0.97092653977969756163 0.00000000099999999996 0.00000000099999999996 
0.02603244826436951903 0.00000000099999999998 0.03360741881361846428 0.94036012992201201133 0.00000000099999999998 0.00000000099999999998 
0.09885711902202184986 0.00000000100000000000 0.35310706646160877620 0.00000000100000000000 0.06392116209270555516 0.48411465042366391698 
0.00000000099999999999 0.00000000099999999999 0.01301689147642544862 0.90736660048197714801 0.07961650504159731301 0.00000000099999999999 
0.00000000099999999997 0.00000000099999999997 0.00000000099999999997 0.96649372205625594390 0.03350627394374406515 0.00000000099999999997 
0.00000000099999999998 0.05555397038407863114 0.00000000099999999998 0.94444602561592139178 0.00000000099999999998 0.00000000099999999998 
0.00000145703969466121 0.00000000099999999999 0.00089477840199349485 0.00000000099999999999 0.00000000099999999999 0.99910376155831182032 
0.00000042259116459393 0.00000000099999999997 0.00000000099999999997 0.99999928203123444881 0.00000029237760092459 0.00000000099999999997 
0.00000000099999999992 0.00000000099999999992 0.00000000099999999992 0.00000000099999999992 0.00000000099999999992 0.99999999499999991937 
0.07473267333517559508 0.00000003262209132322 0.00000003722242238116 0.47808623273988665181 0.04062483490894000515 0.40655618917148400593 
0.07048778502530698986 0.00000024791757870314 0.00007936650251912260 0.60975349505149123441 0.31958752309654847590 0.00009158240655541290 
0.00000000099999999981 0.00000000099999999981 0.00000000099999999981 0.00000000099999999981 0.00000000099999999981 0.99999999500000003039 
0.00000200622758818651 0.00000000099999999999 0.00000000099999999999 0.82030098124146533234 0.11819112058250096087 0.06150588994844541357 
0.03086340142204373541 0.02975985067478533960 0.00000000100000000000 0.93868390282111979772 0.00069284308205107953 0.00000000100000000000 
0.07581871195392034246 0.00000000099999999999 0.00000000099999999999 0.76380869381280924735 0.16037259123327046728 0.00000000099999999999 
0.00000000099999999998 0.00819626201726287099 0.00000000099999999998 0.96586431677093143033 0.00410368778946551896 0.02183573142234018771 
0.00000000099999999996 0.00000000099999999996 0.00000000099999999996 0.99999999499999991937 0.00000000099999999996 0.00000000099999999996 
0.00000000099999999997 0.00000000099999999997 0.00000000099999999997 0.99972093188918431661 0.00027906411081564348 0.00000000099999999997 
0.02689958900942608644 0.00000000099999999999 0.00000000099999999999 0.97310040699057398506 0.00000000099999999999 0.00000000099999999999 
0.04038633016901189976 0.10436925802700569577 0.00000000099999999999 0.82509965110696414925 0.03014475869701821117 0.00000000099999999999 
