0.00000000099999999994 0.00000000099999999994 0.99999999500000003039 0.00000000099999999994 0.00000000099999999994 0.00000000099999999994 
0.00000000099999999989 0.00000000099999999989 0.00000000099999999989 0.00000000099999999989 0.99999999500000003039 0.00000000099999999989 
0.00000000099999999996 0.47937287889630214588 0.00000000099999999996 0.00000000099999999996 0.00000000099999999996 0.52062711710369780072 
0.00000000099999999999 0.10243757343875979637 0.00000000099999999999 0.89755925226150656826 0.00000317129973368319 0.00000000099999999999 
0.07528913475094457797 0.61966241965927570945 0.00000000099999999999 0.00000000099999999999 0.00000000099999999999 0.30504844258977986682 
0.00000000099999999991 0.00000000099999999991 0.99999999500000003039 0.00000000099999999991 0.00000000099999999991 0.00000000099999999991 
0.00000000099999999988 0.00000000099999999988 0.99999999500000003039 0.00000000099999999988 0.00000000099999999988 0.00000000099999999988 
0.00000000099999999990 0.99999999500000014141 0.00000000099999999990 0.00000000099999999990 0.00000000099999999990 0.00000000099999999990 
0.00000000099999999997 0.49761138350495204286 0.00000000099999999997 0.00000000099999999997 0.00000000099999999997 0.50238861249504784823 
0.01292266526253045555 0.74029502192230345337 0.00000000099999999997 0.00000000099999999997 0.00000000099999999997 0.24678230981516618980 
0.01986104312819320789 0.41182432139389041348 0.00000000099999999997 0.00000000099999999997 0.00000000099999999997 0.56831463247791624838 
0.00000000099999999995 0.99999999500000003039 0.00000000099999999995 0.00000000099999999995 0.00000000099999999995 0.00000000099999999995 
0.00981529132407759144 0.51761870417464272975 0.05200334778171389338 0.00000000100000000000 0.02198328957918126159 0.39857936614038447232 
0.00000000099999999989 0.00000000099999999989 0.00000000099999999989 0.00000000099999999989 0.99999999500000003039 0.00000000099999999989 
0.00000000099999999997 0.00000000099999999997 0.00000000099999999997 0.00000000099999999997 0.99999999499999991937 0.00000000099999999997 
0.00000000099999999977 0.00000000099999999977 0.00000000099999999977 0.00000000099999999977 0.99999999499999991937 0.00000000099999999977 
0.00000000099999999994 0.00000000099999999994 0.99999999500000003039 0.00000000099999999994 0.00000000099999999994 0.00000000099999999994 
0.01829794700991689907 0.48005788436960705745 0.00000000099999999998 0.02972371987526017945 0.00000000099999999998 0.47192044674521582692 
0.00000000099999999982 0.00000000099999999982 0.00000000099999999982 0.00000000099999999982 0.99999999500000003039 0.00000000099999999982 
0.00000000099999999994 0.59886260986805073259 0.40113738613194926952 0.00000000099999999994 0.00000000099999999994 0.00000000099999999994 
0.00000000099999999979 0.00000000099999999979 0.00000000099999999979 0.00000000099999999979 0.99999999500000003039 0.00000000099999999979 
0.99999999500000003039 0.00000000099999999989 0.00000000099999999989 0.00000000099999999989 0.00000000099999999989 0.00000000099999999989 
0.12414184655280390002 0.42855621777494257163 0.01854770253309206279 0.06050457022727237510 0.00000000100000000000 0.36824966191188923670 
0.03345088962067179622 0.57302147985496409976 0.00000000099999999998 0.00000000099999999998 0.01056160101931878474 0.38296602750504527002 
0.99999999500000003039 0.00000000099999999984 0.00000000099999999984 0.00000000099999999984 0.00000000099999999984 0.00000000099999999984 
0.00000000099999999992 0.00000000099999999992 0.00000000099999999992 0.00000000099999999992 0.00000000099999999992 0.99999999499999991937 
0.00000000099999999997 0.60932561187530442925 0.00000000099999999997 0.00000000099999999997 0.00000000099999999997 0.39067438412469568387 
0.48782115512795876100 0.51217884087204135213 0.00000000099999999998 0.00000000099999999998 0.00000000099999999998 0.00000000099999999998 
0.99999999500000014141 0.00000000099999999986 0.00000000099999999986 0.00000000099999999986 0.00000000099999999986 0.00000000099999999986 
0.99999999500000003039 0.00000000099999999988 0.00000000099999999988 0.00000000099999999988 0.00000000099999999988 0.00000000099999999988 
0.99999999500000014141 0.00000000099999999985 0.00000000099999999985 0.00000000099999999985 0.00000000099999999985 0.00000000099999999985 
0.99999999500000014141 0.00000000099999999988 0.00000000099999999988 0.00000000099999999988 0.00000000099999999988 0.00000000099999999988 
0.00000000099999999998 0.59303907218094609188 0.00000000099999999998 0.00000000099999999998 0.04077997946908664545 0.36618094534996742384 
0.00000000099999999996 0.50987988772364623014 0.00000000099999999996 0.00000000099999999996 0.00000000099999999996 0.49012010827635399401 
0.00000000099999999999 0.48595753238153888143 0.00489189522998410408 0.00000000099999999999 0.00000000099999999999 0.50915056938847702561 
0.02998651157965261452 0.96247924625560121736 0.00753423916474621307 0.00000000099999999999 0.00000000099999999999 0.00000000099999999999 
0.00000000099999999994 0.99999999500000003039 0.00000000099999999994 0.00000000099999999994 0.00000000099999999994 0.00000000099999999994 
0.00000000099999999991 0.00000000099999999991 0.00000000099999999991 0.00000000099999999991 0.00000000099999999991 0.99999999499999991937 
0.02217039732396813151 0.33004354858945189610 0.00048893452050663877 0.00000000099999999998 0.00000000099999999998 0.64729711756607333228 
0.00000000099999999992 0.00000000099999999992 0.99999999499999991937 0.00000000099999999992 0.00000000099999999992 0.00000000099999999992 
0.00000000099999999989 0.00000000099999999989 0.99999999499999991937 0.00000000099999999989 0.00000000099999999989 0.00000000099999999989 
0.00000000099999999979 0.00000000099999999979 0.00000000099999999979 0.99999999499999991937 0.00000000099999999979 0.00000000099999999979 
0.00000000099999999996 0.00000000099999999996 0.00000000099999999996 0.61428232444121089184 0.38571767155878911026 0.00000000099999999996 
0.00000000099999999972 0.00000000099999999972 0.00000000099999999972 0.99999999500000003039 0.00000000099999999972 0.00000000099999999972 
0.00000000099999999982 0.00000000099999999982 0.00000000099999999982 0.99999999499999991937 0.00000000099999999982 0.00000000099999999982 
0.00000000099999999972 0.00000000099999999972 0.00000000099999999972 0.99999999500000003039 0.00000000099999999972 0.00000000099999999972 
0.00000000099999999974 0.00000000099999999974 0.00000000099999999974 0.99999999500000003039 0.00000000099999999974 0.00000000099999999974 
0.00000000099999999996 0.00000000099999999996 0.93038981986400370872 0.00000000099999999996 0.00000000099999999996 0.06961017613599640441 
0.99999999500000003039 0.00000000099999999977 0.00000000099999999977 0.00000000099999999977 0.00000000099999999977 0.00000000099999999977 
0.00000000099999999985 0.00000000099999999985 0.00000000099999999985 0.00000000099999999985 0.00000000099999999985 0.99999999500000003039 
0.00000000099999999994 0.48807261390018175096 0.00000000099999999994 0.00000000099999999994 0.00000000099999999994 0.51192738209981814013 
0.99999999500000003039 0.00000000099999999982 0.00000000099999999982 0.00000000099999999982 0.00000000099999999982 0.00000000099999999982 
0.00000000099999999991 0.99999999500000014141 0.00000000099999999991 0.00000000099999999991 0.00000000099999999991 0.00000000099999999991 
0.00000000099999999989 0.00000000099999999989 0.00000000099999999989 0.00000000099999999989 0.00000000099999999989 0.99999999499999991937 
0.00000000099999999989 0.00000000099999999989 0.99999999500000003039 0.00000000099999999989 0.00000000099999999989 0.00000000099999999989 
0.03904934699304004470 0.71957931133156616266 0.00000000100000000000 0.00000000100000000000 0.01970011559979654645 0.22167122407559741726 
0.08119896262640974305 0.37488682669627287902 0.04246601552910370808 0.00000000100000000000 0.02879119034179903822 0.47265700380641462175 
0.00000000099999999985 0.00000000099999999985 0.00000000099999999985 0.99999999499999991937 0.00000000099999999985 0.00000000099999999985 
0.00000000099999999995 0.00000000099999999995 0.99999999500000003039 0.00000000099999999995 0.00000000099999999995 0.00000000099999999995 
0.00000000099999999976 0.00000000099999999976 0.00000000099999999976 0.00000000099999999976 0.99999999500000003039 0.00000000099999999976 
0.00000000099999999994 0.50689482785949702137 0.49310516814050298073 0.00000000099999999994 0.00000000099999999994 0.00000000099999999994 
0.00000000099999999981 0.00000000099999999981 0.00000000099999999981 0.00000000099999999981 0.99999999500000003039 0.00000000099999999981 
0.00000000099999999985 0.00000000099999999985 0.99999999499999991937 0.00000000099999999985 0.00000000099999999985 0.00000000099999999985 
0.00000000099999999998 0.67679423693843265841 0.00000000099999999998 0.00000000099999999998 0.00000000099999999998 0.32320575906156751023 
0.00000000099999999992 0.00000000099999999992 0.99999999500000003039 0.00000000099999999992 0.00000000099999999992 0.00000000099999999992 
0.00000000099999999996 0.65914305708529263850 0.00000000099999999996 0.00000000099999999996 0.00000000099999999996 0.34085693891470741912 
0.15344852504024197870 0.00000000099999999997 0.84655147095975791238 0.00000000099999999997 0.00000000099999999997 0.00000000099999999997 
0.00000000099999999987 0.00000000099999999987 0.99999999499999991937 0.00000000099999999987 0.00000000099999999987 0.00000000099999999987 
0.00000000099999999989 0.00000000099999999989 0.99999999500000003039 0.00000000099999999989 0.00000000099999999989 0.00000000099999999989 
0.00000000099999999988 0.00000000099999999988 0.00000000099999999988 0.00000000099999999988 0.00000000099999999988 0.99999999499999991937 
0.00000000099999999989 0.00000000099999999989 0.99999999499999991937 0.00000000099999999989 0.00000000099999999989 0.00000000099999999989 
0.00000000099999999989 0.00000000099999999989 0.99999999499999991937 0.00000000099999999989 0.00000000099999999989 0.00000000099999999989 
0.09103631208025438071 0.46873181525708895734 0.09894116113608307506 0.01525566420493846415 0.00000000100000000000 0.32603504632163510246 
0.00000000099999999998 0.96699460227204203644 0.02728825286446863105 0.00000000099999999998 0.00571714186348933930 0.00000000099999999998 
0.04693528721535190906 0.94953619899938224158 0.00000000099999999999 0.00000000099999999999 0.00352851078526587522 0.00000000099999999999 
0.00000000099999999999 0.63136314066599930062 0.00000000099999999999 0.13280203525582717772 0.00000000099999999999 0.23583482107817357876 
0.00000000658344655831 0.31215163223774178292 0.04507022512163425670 0.53041962130352815485 0.00000000100000000000 0.11235851375364933058 
0.00000000099999999994 0.46894435060879019472 0.00000000099999999994 0.00000000099999999994 0.00000000099999999994 0.53105564539120964085 
0.00000000099999999994 0.99999999500000014141 0.00000000099999999994 0.00000000099999999994 0.00000000099999999994 0.00000000099999999994 
0.06420632095243428150 0.09002421949618852337 0.82922920910499875458 0.01654024844637842079 0.00000000099999999999 0.00000000099999999999 
0.06885963210441774229 0.50199862363325131742 0.00000000099999999998 0.00000000099999999998 0.00000000099999999998 0.42914174126233095574 
0.02767876872328844245 0.49663142456354431031 0.00000000099999999997 0.00000000099999999997 0.00000000099999999997 0.47568980371316726963 
0.00000000099999999998 0.94920151361810745083 0.00000000099999999998 0.05079848238189265536 0.00000000099999999998 0.00000000099999999998 
0.00000000099999999999 0.00000000099999999999 0.99999999500000003039 0.00000000099999999999 0.00000000099999999999 0.00000000099999999999 
0.00000000099999999992 0.99999999500000014141 0.00000000099999999992 0.00000000099999999992 0.00000000099999999992 0.00000000099999999992 
0.04737695017274582560 0.00000000099999999997 0.71337352771611672875 0.00000000099999999997 0.00000000099999999997 0.23924951911113745417 
0.08029839979820130313 0.58224390446328844195 0.31487454832172007135 0.00000013376283988687 0.00000000100000000000 0.02258301265395011928 
0.28585988750604218733 0.71156419371311618871 0.00249082415652574418 0.00000000100000000000 0.00000000100000000000 0.00008509262431599347 
0.00000000099999999989 0.00000000099999999989 0.99999999499999991937 0.00000000099999999989 0.00000000099999999989 0.00000000099999999989 
0.10545631417999665191 0.89454365223755227809 0.00000000099999999999 0.00000000099999999999 0.00000000099999999999 0.00000003058245109279 
0.00001483996406214045 0.43801579416264158073 0.00000000100000000000 0.00000000100000000000 0.03656152706540365116 0.52540783680789260313 
0.16119960983765196927 0.59766805629577002268 0.00000080309246157091 0.00000000099999999999 0.00000000099999999999 0.24113152877411647701 
0.01272490217508552048 0.36069419938759761379 0.00000000099999999998 0.00000000099999999998 0.00000000099999999998 0.62658089543731687598 
0.00000000099999999986 0.00000000099999999986 0.00000000099999999986 0.00000000099999999986 0.00000000099999999986 0.99999999499999991937 
0.00000000099999999996 0.56849233716634428593 0.00000000099999999996 0.00000000099999999996 0.00000000099999999996 0.43150765883365582720 
0.00000000099999999998 0.68453281247973418733 0.00000000099999999998 0.00000000099999999998 0.00000000099999999998 0.31546718352026592580 
0.00000000177467769942 0.88914830653725185350 0.00000000100000000000 0.00000023962759769998 0.11085145006047281147 0.00000000100000000000 
