0.00000000099999999995 0.00000000099999999995 0.00000000099999999995 0.99999999499999991937 0.00000000099999999995 0.00000000099999999995 
0.00000000099999999996 0.00000000099999999996 0.00000000099999999996 0.00000000099999999996 0.99999999499999991937 0.00000000099999999996 
0.99977475329247877944 0.00000000099999999998 0.00022524270752140318 0.00000000099999999998 0.00000000099999999998 0.00000000099999999998 
0.06031526004922945633 0.07442446545387847168 0.00000000099999999999 0.00000000099999999999 0.86470510822114343696 0.00055516427574858122 
0.87577222456797898520 0.12405950994194173131 0.00000000099999999999 0.00016826249007935044 0.00000000099999999999 0.00000000099999999999 
0.00000000099999999992 0.00000000099999999992 0.00000000099999999992 0.99999999499999991937 0.00000000099999999992 0.00000000099999999992 
0.00000000099999999990 0.00000000099999999990 0.00000000099999999990 0.99999999499999991937 0.00000000099999999990 0.00000000099999999990 
0.92888654911632628774 0.07111344688367376987 0.00000000099999999997 0.00000000099999999997 0.00000000099999999997 0.00000000099999999997 
0.96559592486736123274 0.00000000099999999998 0.03440407113263881794 0.00000000099999999998 0.00000000099999999998 0.00000000099999999998 
0.90369160949056914767 0.09630838650943093771 0.00000000099999999997 0.00000000099999999997 0.00000000099999999997 0.00000000099999999997 
0.92342053285487757375 0.07657946314512246999 0.00000000099999999998 0.00000000099999999998 0.00000000099999999998 0.00000000099999999998 
0.95118115003079584113 0.04881884596920416791 0.00000000099999999997 0.00000000099999999997 0.00000000099999999997 0.00000000099999999997 
0.82540007879561327897 0.00000000100000000000 0.09147802573984958885 0.00463356487714402035 0.01138640852264431909 0.06710192106474881235 
0.00000000099999999994 0.00000000099999999994 0.00000000099999999994 0.00000000099999999994 0.99999999499999991937 0.00000000099999999994 
0.02642238598733532076 0.06533370425268744675 0.00000000100000000000 0.00000000100000000000 0.90743890650359471106 0.00080500125638245689 
0.00000000099999999983 0.00000000099999999983 0.00000000099999999983 0.00000000099999999983 0.99999999500000003039 0.00000000099999999983 
0.00000000099999999995 0.00000000099999999995 0.00000000099999999995 0.99999999500000003039 0.00000000099999999995 0.00000000099999999995 
0.91843810344386100919 0.05146897768971773340 0.00000000099999999998 0.00000000099999999998 0.03009291586642113756 0.00000000099999999998 
0.00000000099999999991 0.00000000099999999991 0.00000000099999999991 0.00000000099999999991 0.99999999499999991937 0.00000000099999999991 
0.00000000099999999960 0.00000000099999999960 0.00000000099999999960 0.00000000099999999960 0.00000000099999999960 0.99999999499999991937 
0.00000000099999999986 0.00000000099999999986 0.00000000099999999986 0.00000000099999999986 0.99999999499999991937 0.00000000099999999986 
0.00000000099999999990 0.68574283225090137961 0.31425716374909867801 0.00000000099999999990 0.00000000099999999990 0.00000000099999999990 
0.75503023166781335629 0.00063325033451705069 0.14788943219659397843 0.00022644999295007756 0.06470950128556186842 0.03151113452256348868 
0.89865126227150382565 0.00000000099999999999 0.06272359273602935714 0.00000000099999999999 0.00000004509091562675 0.03862509790155123357 
0.00000000099999999977 0.00000000099999999977 0.99999999500000003039 0.00000000099999999977 0.00000000099999999977 0.00000000099999999977 
0.89948185674207503659 0.05416155154186119008 0.00000000099999999999 0.00000000099999999999 0.00000006634786227756 0.04635652336820157010 
0.99999999500000014141 0.00000000099999999997 0.00000000099999999997 0.00000000099999999997 0.00000000099999999997 0.00000000099999999997 
0.00000000099999999989 0.99999999500000003039 0.00000000099999999989 0.00000000099999999989 0.00000000099999999989 0.00000000099999999989 
0.00000000099999999976 0.99999999500000003039 0.00000000099999999976 0.00000000099999999976 0.00000000099999999976 0.00000000099999999976 
0.00000000099999999979 0.99999999500000014141 0.00000000099999999979 0.00000000099999999979 0.00000000099999999979 0.00000000099999999979 
0.00000000099999999977 0.99999999500000014141 0.00000000099999999977 0.00000000099999999977 0.00000000099999999977 0.00000000099999999977 
0.00000000099999999982 0.00000000099999999982 0.99999999499999991937 0.00000000099999999982 0.00000000099999999982 0.00000000099999999982 
0.92767760474477733990 0.03114474503139735492 0.00000000099999999997 0.00000000099999999997 0.04117764722382528247 0.00000000099999999997 
0.99258409044193940396 0.00000000099999999997 0.00000000099999999997 0.00741590555806076641 0.00000000099999999997 0.00000000099999999997 
0.93693839247250820801 0.00000000099999999998 0.04246599217129095466 0.02059561235620082503 0.00000000099999999998 0.00000000099999999998 
0.81520080947874928867 0.06565580271808316160 0.04001447393833081762 0.05036055823950007920 0.02876835462533667773 0.00000000100000000000 
0.99720359035859218455 0.00000000136727631794 0.00279640527413155216 0.00000000099999999999 0.00000000099999999999 0.00000000099999999999 
0.90937647700819757013 0.09062351899180251524 0.00000000099999999998 0.00000000099999999998 0.00000000099999999998 0.00000000099999999998 
0.90186716666562083411 0.00000072551267971300 0.05750611328450121185 0.01922014999957498416 0.00000000099999999999 0.02140584353762322797 
0.00000000099999999992 0.00000000099999999992 0.00000000099999999992 0.99999999500000003039 0.00000000099999999992 0.00000000099999999992 
0.00000000099999999989 0.00000000099999999989 0.00000000099999999989 0.99999999499999991937 0.00000000099999999989 0.00000000099999999989 
0.00000000099999999982 0.00000000099999999982 0.00000000099999999982 0.00000000099999999982 0.99999999499999991937 0.00000000099999999982 
0.00000000099999999994 0.00000000099999999994 0.00000000099999999994 0.00000000099999999994 0.99999999499999991937 0.00000000099999999994 
0.00000000099999999972 0.00000000099999999972 0.00000000099999999972 0.00000000099999999972 0.99999999500000003039 0.00000000099999999972 
0.00000000099999999988 0.00000000099999999988 0.00000000099999999988 0.00000000099999999988 0.99999999499999991937 0.00000000099999999988 
0.00000000099999999973 0.00000000099999999973 0.00000000099999999973 0.00000000099999999973 0.99999999500000003039 0.00000000099999999973 
0.00000000099999999977 0.00000000099999999977 0.00000000099999999977 0.00000000099999999977 0.99999999500000003039 0.00000000099999999977 
0.04227557612509832974 0.00000000099999999997 0.00000000099999999997 0.95772441987490164461 0.00000000099999999997 0.00000000099999999997 
0.00000000099999999970 0.00000000099999999970 0.99999999500000003039 0.00000000099999999970 0.00000000099999999970 0.00000000099999999970 
0.99999999146611384671 0.00000000099999999996 0.00000000453388614617 0.00000000099999999996 0.00000000099999999996 0.00000000099999999996 
0.99691956436864626045 0.00000000099999999996 0.00308043163135392987 0.00000000099999999996 0.00000000099999999996 0.00000000099999999996 
0.00000000099999999973 0.00000000099999999973 0.99999999500000003039 0.00000000099999999973 0.00000000099999999973 0.00000000099999999973 
0.94433899099858520376 0.05566098578248201978 0.00000002021893280639 0.00000000099999999996 0.00000000099999999996 0.00000000099999999996 
0.97696436784982076951 0.00000000099999999996 0.02303562815017938872 0.00000000099999999996 0.00000000099999999996 0.00000000099999999996 
0.00000000099999999990 0.00000000099999999990 0.00000000099999999990 0.99999999500000003039 0.00000000099999999990 0.00000000099999999990 
0.87655575641519156704 0.00004663309524383649 0.06985945871995409562 0.00000000100000000000 0.01170404821424228872 0.04183410255536824246 
0.82577834722856535699 0.00000080668282721457 0.09663428549598002126 0.05416461339119479912 0.02342193365543196806 0.00000001354600050478 
0.00000000099999999988 0.00000000099999999988 0.00000000099999999988 0.00000000099999999988 0.99999999499999991937 0.00000000099999999988 
0.00000000099999999997 0.00315263917212414702 0.00000000099999999997 0.95104689641839701419 0.00000000099999999997 0.04580046140947874322 
0.00000000099999999985 0.00000000099999999985 0.00000000099999999985 0.00000000099999999985 0.99999999500000003039 0.00000000099999999985 
0.00000000099999999959 0.00000000099999999959 0.00000000099999999959 0.00000000099999999959 0.00000000099999999959 0.99999999500000003039 
0.00000000099999999986 0.00000000099999999986 0.00000000099999999986 0.00000000099999999986 0.99999999500000003039 0.00000000099999999986 
0.00000000099999999987 0.00000000099999999987 0.00000000099999999987 0.99999999500000003039 0.00000000099999999987 0.00000000099999999987 
0.96477665754039032553 0.03522332896934222274 0.00000000099999999999 0.00000000099999999999 0.00000000099999999999 0.00000001049026765030 
0.00000000099999999994 0.00000000099999999994 0.00000000099999999994 0.99999999499999991937 0.00000000099999999994 0.00000000099999999994 
0.93790436751580263941 0.06209562848419740433 0.00000000099999999997 0.00000000099999999997 0.00000000099999999997 0.00000000099999999997 
0.00000000099999999998 0.00000000099999999998 0.13575041716916161350 0.78538952409540319088 0.00000000099999999998 0.07886005573543511393 
0.00000000099999999989 0.00000000099999999989 0.00000000099999999989 0.99999999500000003039 0.00000000099999999989 0.00000000099999999989 
0.00000000099999999990 0.00000000099999999990 0.00000000099999999990 0.99999999499999991937 0.00000000099999999990 0.00000000099999999990 
0.95736374372259669396 0.03795219208845844461 0.00000000099999999998 0.00000003097134114440 0.00000000099999999998 0.00468403121760378825 
0.00000000099999999990 0.00000000099999999990 0.00000000099999999990 0.99999999500000003039 0.00000000099999999990 0.00000000099999999990 
0.00000000099999999991 0.00000000099999999991 0.00000000099999999991 0.99999999500000003039 0.00000000099999999991 0.00000000099999999991 
0.72867508392124280547 0.06190425982546306910 0.05742530605003559607 0.07233176672346450231 0.01880199275577866883 0.06086159072401516046 
0.85896946306995514142 0.00000000099999999999 0.05172989858857201390 0.05008858475755383066 0.02553542546354914747 0.01367662712037004402 
0.80132125154757749552 0.13814627687610298024 0.00000000099999999999 0.00000000099999999999 0.02301289668861484367 0.03751957288770486898 
0.80383998749515517268 0.04734639183675174584 0.00000000099999999999 0.00000000099999999999 0.12634316826354535790 0.02247045040454779402 
0.38940792539168089803 0.00000187395737164415 0.01764754952889788231 0.06599405199614914730 0.51720154654246630610 0.00974705258343419069 
0.97139937962010636241 0.00000000099999999996 0.00000000099999999996 0.00000000099999999996 0.00000000099999999996 0.02860061637989379929 
0.94265124173958492193 0.00057985557476581090 0.00852153494972347596 0.01902825750328729359 0.00000000099999999999 0.02921910923263855084 
0.00000000099999999999 0.08386896202089941244 0.00000000099999999999 0.78409345483636794238 0.00000000099999999999 0.13203758014273273003 
0.90320568248724641958 0.00000000099999999999 0.09679431351275372131 0.00000000099999999999 0.00000000099999999999 0.00000000099999999999 
0.91724903937072832516 0.08275072639827039944 0.00000023123100137060 0.00000000099999999997 0.00000000099999999997 0.00000000099999999997 
0.94434089406848187309 0.00000000099999999998 0.00000000099999999998 0.00000000099999999998 0.05565910193151817065 0.00000000099999999998 
0.00000000117015294352 0.00000000099999999999 0.00000013051586175612 0.99602110438853519447 0.00000000099999999999 0.00397876192545014440 
0.94884301644417545774 0.05115694709956296327 0.00000000099999999998 0.00000000099999999998 0.00000000099999999998 0.00000003345626167347 
0.17638357593456679973 0.11336937820639828023 0.00000000099999999996 0.71024704285903483836 0.00000000099999999996 0.00000000099999999996 
0.35003273497511250278 0.26798829473208568563 0.00040022986660968169 0.15140233340295625175 0.00000000669738850361 0.23017640032584743559 
0.55835023016914453464 0.30279122261136737215 0.05948792385172514685 0.00000635693124232710 0.00000001048530268695 0.07936425595121800181 
0.00000000099999999990 0.00000000099999999990 0.00000000099999999990 0.99999999500000003039 0.00000000099999999990 0.00000000099999999990 
0.77726215662689635000 0.22236529973645480229 0.00018071329429963267 0.00000566905017449025 0.00000000100000000000 0.00018616029217467331 
0.81875417414400997185 0.12816310662531474329 0.00000000099999999999 0.00000000099999999999 0.02722285796418769804 0.02585985926648763991 
0.72190303476799178029 0.20180302249516629542 0.00000000099999999999 0.00000000099999999999 0.00000000099999999999 0.07629393973684207853 
0.93304921744365176828 0.06090757725612987172 0.00000000099999999999 0.00000000099999999999 0.00604320230021837806 0.00000000099999999999 
0.99999999500000003039 0.00000000099999999995 0.00000000099999999995 0.00000000099999999995 0.00000000099999999995 0.00000000099999999995 
0.94273753206144228489 0.05726246393855766864 0.00000000099999999997 0.00000000099999999997 0.00000000099999999997 0.00000000099999999997 
0.97550653725839009400 0.00000000099999999998 0.00000000099999999998 0.00000000099999999998 0.00000000099999999998 0.02449345874160992198 
0.78305658331457628218 0.07301540836318277938 0.00000004833589246454 0.00000000100000000000 0.10371176957237229765 0.04021618941397628322 
