0.00000000099999999992 0.00000000099999999992 0.99999999399999994765 0.00000000099999999992 0.00000000099999999992 0.00000000099999999992 0.00000000099999999992 
0.00000000099999999986 0.99999999400000016969 0.00000000099999999986 0.00000000099999999986 0.00000000099999999986 0.00000000099999999986 0.00000000099999999986 
0.62132553717946725769 0.00000000099999999996 0.00000000099999999996 0.00000000099999999996 0.00000000099999999996 0.37867445782053277270 0.00000000099999999996 
0.12583967288248013028 0.22095579346379351504 0.00000000099999999999 0.00000000099999999999 0.65320452965372632903 0.00000000099999999999 0.00000000099999999999 
0.99999999400000005867 0.00000000099999999995 0.00000000099999999995 0.00000000099999999995 0.00000000099999999995 0.00000000099999999995 0.00000000099999999995 
0.00000000099999999989 0.00000000099999999989 0.99999999399999994765 0.00000000099999999989 0.00000000099999999989 0.00000000099999999989 0.00000000099999999989 
0.00000000099999999986 0.00000000099999999986 0.99999999399999994765 0.00000000099999999986 0.00000000099999999986 0.00000000099999999986 0.00000000099999999986 
0.99999999400000016969 0.00000000099999999989 0.00000000099999999989 0.00000000099999999989 0.00000000099999999989 0.00000000099999999989 0.00000000099999999989 
0.52701102603929916857 0.00000000099999999997 0.00000000099999999997 0.00000000099999999997 0.00000000099999999997 0.47298896896070102835 0.00000000099999999997 
0.99999999400000005867 0.00000000099999999993 0.00000000099999999993 0.00000000099999999993 0.00000000099999999993 0.00000000099999999993 0.00000000099999999993 
0.99999999400000016969 0.00000000099999999990 0.00000000099999999990 0.00000000099999999990 0.00000000099999999990 0.00000000099999999990 0.00000000099999999990 
0.99999999400000016969 0.00000000099999999992 0.00000000099999999992 0.00000000099999999992 0.00000000099999999992 0.00000000099999999992 0.00000000099999999992 
0.50782898517725871823 0.02616893960228891189 0.00737419241857201289 0.00741844403889870083 0.00000000100000000000 0.39358552346676473066 0.05762391429621700062 
0.00000000099999999993 0.69181112766361285704 0.00000000099999999993 0.00000000099999999993 0.30818886733638733988 0.00000000099999999993 0.00000000099999999993 
0.00000000099999999997 0.00000000099999999997 0.00000000099999999997 0.00000000099999999997 0.99999999400000005867 0.00000000099999999997 0.00000000099999999997 
0.00000000099999999972 0.00000000099999999972 0.00000000099999999972 0.00000000099999999972 0.99999999400000005867 0.00000000099999999972 0.00000000099999999972 
0.00000000099999999993 0.00000000099999999993 0.99999999400000005867 0.00000000099999999993 0.00000000099999999993 0.00000000099999999993 0.00000000099999999993 
0.00000000099999999991 0.00000000099999999991 0.00000000099999999991 0.00000000099999999991 0.00000000099999999991 0.99999999400000005867 0.00000000099999999991 
0.00000000099999999991 0.43219018559362543108 0.00000000099999999991 0.00000000099999999991 0.56780980940637448828 0.00000000099999999991 0.00000000099999999991 
0.00000000099999999950 0.00000000099999999950 0.00000000099999999950 0.00000000099999999950 0.00000000099999999950 0.00000000099999999950 0.99999999400000005867 
0.00000000099999999972 0.99999999400000005867 0.00000000099999999972 0.00000000099999999972 0.00000000099999999972 0.00000000099999999972 0.00000000099999999972 
0.00000000099999999987 0.00000000099999999987 0.00000000099999999987 0.99999999399999994765 0.00000000099999999987 0.00000000099999999987 0.00000000099999999987 
0.43892890683213070524 0.00000000837635526664 0.00523113067734010204 0.12097161649039672726 0.05973618940092819546 0.34625754473697273328 0.02887460348587635867 
0.50936234613698028184 0.00000000099999999999 0.00000000099999999999 0.03462213136774655586 0.00000000099999999999 0.41859427637704327285 0.03742124311822983551 
0.00000000099999999981 0.00000000099999999981 0.00000000099999999981 0.99999999399999994765 0.00000000099999999981 0.00000000099999999981 0.00000000099999999981 
0.00000000099999999994 0.00000000099999999994 0.00000000099999999994 0.00000000099999999994 0.00000000099999999994 0.99999999400000005867 0.00000000099999999994 
0.42535776016709597735 0.00000000099999999996 0.00000000099999999996 0.00000000099999999996 0.00000000099999999996 0.57464223483290388650 0.00000000099999999996 
0.52282847644508922968 0.00000000099999999997 0.00000000099999999997 0.47717151855491074519 0.00000000099999999997 0.00000000099999999997 0.00000000099999999997 
0.00000000099999999983 0.00000000099999999983 0.00000000099999999983 0.99999999399999994765 0.00000000099999999983 0.00000000099999999983 0.00000000099999999983 
0.00000000099999999985 0.00000000099999999985 0.00000000099999999985 0.99999999399999994765 0.00000000099999999985 0.00000000099999999985 0.00000000099999999985 
0.00000000099999999982 0.00000000099999999982 0.00000000099999999982 0.99999999400000005867 0.00000000099999999982 0.00000000099999999982 0.00000000099999999982 
0.00000000099999999985 0.00000000099999999985 0.00000000099999999985 0.99999999399999994765 0.00000000099999999985 0.00000000099999999985 0.00000000099999999985 
0.64561775322881842509 0.00000000099999999996 0.00000000099999999996 0.00000000099999999996 0.03733195338409485420 0.31705028938708668118 0.00000000099999999996 
0.00000000099999999991 0.00000000099999999991 0.00000000099999999991 0.00000000099999999991 0.00000000099999999991 0.99999999399999994765 0.00000000099999999991 
0.49889612424562712611 0.00000000099999999998 0.01466876459443244504 0.00000000099999999998 0.00000000099999999998 0.48643510715994053850 0.00000000099999999998 
0.99999999400000016969 0.00000000099999999996 0.00000000099999999996 0.00000000099999999996 0.00000000099999999996 0.00000000099999999996 0.00000000099999999996 
0.66647310265270010010 0.00000000099999999996 0.00000000099999999996 0.00000000099999999996 0.00000000099999999996 0.33352689234729981926 0.00000000099999999996 
0.00000000099999999991 0.00000000099999999991 0.00000000099999999991 0.00000000099999999991 0.00000000099999999991 0.99999999400000005867 0.00000000099999999991 
0.47954798913148871664 0.00000000099999999998 0.01912064205344929033 0.01287946349802506982 0.00000000099999999998 0.46874379391731696431 0.01970810939972008485 
0.00000000099999999989 0.00000000099999999989 0.99999999400000005867 0.00000000099999999989 0.00000000099999999989 0.00000000099999999989 0.00000000099999999989 
0.00000000099999999986 0.00000000099999999986 0.99999999399999994765 0.00000000099999999986 0.00000000099999999986 0.00000000099999999986 0.00000000099999999986 
0.00000000099999999970 0.00000000099999999970 0.00000000099999999970 0.00000000099999999970 0.99999999400000005867 0.00000000099999999970 0.00000000099999999970 
0.00000000099999999993 0.61415577319176406501 0.00000000099999999993 0.00000000099999999993 0.38584422180823602089 0.00000000099999999993 0.00000000099999999993 
0.00000000099999999961 0.99999999400000005867 0.00000000099999999961 0.00000000099999999961 0.00000000099999999961 0.00000000099999999961 0.00000000099999999961 
0.00000000099999999976 0.00000000099999999976 0.00000000099999999976 0.00000000099999999976 0.99999999400000005867 0.00000000099999999976 0.00000000099999999976 
0.00000000099999999961 0.00000000099999999961 0.00000000099999999961 0.00000000099999999961 0.99999999400000005867 0.00000000099999999961 0.00000000099999999961 
0.00000000099999999967 0.00000000099999999967 0.00000000099999999967 0.00000000099999999967 0.99999999399999994765 0.00000000099999999967 0.00000000099999999967 
0.04435594909162685062 0.00000000099999999996 0.95564404590837326303 0.00000000099999999996 0.00000000099999999996 0.00000000099999999996 0.00000000099999999996 
0.00000000099999999974 0.00000000099999999974 0.00000000099999999974 0.99999999400000005867 0.00000000099999999974 0.00000000099999999974 0.00000000099999999974 
0.00000000099999999987 0.00000000099999999987 0.00000000099999999987 0.00000000099999999987 0.00000000099999999987 0.99999999399999994765 0.00000000099999999987 
0.00000000099999999987 0.00000000099999999987 0.00000000099999999987 0.00000000099999999987 0.00000000099999999987 0.99999999400000005867 0.00000000099999999987 
0.00000000099999999979 0.00000000099999999979 0.00000000099999999979 0.99999999400000005867 0.00000000099999999979 0.00000000099999999979 0.00000000099999999979 
0.99999999400000016969 0.00000000099999999988 0.00000000099999999988 0.00000000099999999988 0.00000000099999999988 0.00000000099999999988 0.00000000099999999988 
0.00000000099999999989 0.00000000099999999989 0.00000000099999999989 0.00000000099999999989 0.00000000099999999989 0.99999999400000005867 0.00000000099999999989 
0.00000000099999999987 0.00000000099999999987 0.99999999400000005867 0.00000000099999999987 0.00000000099999999987 0.00000000099999999987 0.00000000099999999987 
0.53970366943822967176 0.02348287625234915174 0.00000000099999999999 0.03533700779691180405 0.00000000099999999999 0.35470965834445233877 0.04676678616805718391 
0.36876467787791789021 0.02954138878702366328 0.04898632501339438700 0.07992933891258660606 0.00000000100000000000 0.47271505796742557814 0.00006321044165207080 
0.00000000099999999976 0.99999999400000005867 0.00000000099999999976 0.00000000099999999976 0.00000000099999999976 0.00000000099999999976 0.00000000099999999976 
0.00000000099999999995 0.00000000099999999995 0.95074323079346989562 0.00000000099999999995 0.00000000099999999995 0.00000000099999999995 0.04925676420653008619 
0.00000000099999999969 0.99999999400000016969 0.00000000099999999969 0.00000000099999999969 0.00000000099999999969 0.00000000099999999969 0.00000000099999999969 
0.00000000099999999949 0.00000000099999999949 0.00000000099999999949 0.00000000099999999949 0.00000000099999999949 0.00000000099999999949 0.99999999399999994765 
0.00000000099999999976 0.99999999400000016969 0.00000000099999999976 0.00000000099999999976 0.00000000099999999976 0.00000000099999999976 0.00000000099999999976 
0.00000000099999999984 0.00000000099999999984 0.99999999400000005867 0.00000000099999999984 0.00000000099999999984 0.00000000099999999984 0.00000000099999999984 
0.66399588866212821969 0.00000000099999999998 0.00000000099999999998 0.00000000099999999998 0.00000000099999999998 0.33600410633787186621 0.00000000099999999998 
0.00000000099999999992 0.00000000099999999992 0.99999999400000005867 0.00000000099999999992 0.00000000099999999992 0.00000000099999999992 0.00000000099999999992 
0.99999999400000005867 0.00000000099999999989 0.00000000099999999989 0.00000000099999999989 0.00000000099999999989 0.00000000099999999989 0.00000000099999999989 
0.00000000099999999997 0.00000000099999999997 0.78611660745697387043 0.13225219972637558552 0.00000000099999999997 0.00000000099999999997 0.08163118881665061555 
0.00000000099999999985 0.00000000099999999985 0.99999999399999994765 0.00000000099999999985 0.00000000099999999985 0.00000000099999999985 0.00000000099999999985 
0.00000000099999999986 0.00000000099999999986 0.99999999399999994765 0.00000000099999999986 0.00000000099999999986 0.00000000099999999986 0.00000000099999999986 
0.00000000099999999990 0.00000000099999999990 0.00000000099999999990 0.00000000099999999990 0.00000000099999999990 0.99999999400000005867 0.00000000099999999990 
0.00000000099999999988 0.00000000099999999988 0.99999999400000005867 0.00000000099999999988 0.00000000099999999988 0.00000000099999999988 0.00000000099999999988 
0.00000000099999999987 0.00000000099999999987 0.99999999399999994765 0.00000000099999999987 0.00000000099999999987 0.00000000099999999987 0.00000000099999999987 
0.33221719050484654900 0.00000000100000000000 0.06921637940766901809 0.09455154568334517284 0.01770600804367050002 0.42230977906257166632 0.06399909629789708732 
0.60723649625393372187 0.02221804553167348525 0.05067549842061273152 0.00883794974826755328 0.00091789989147939520 0.29100803868409597097 0.01910607146993730313 
0.53194730953335078727 0.00000000100000000000 0.00000000100000000000 0.05740293747473685509 0.02606188842238143719 0.35186147013918323001 0.03272639243034775047 
0.52318939340628278778 0.13245187354216203524 0.00000000099999999999 0.00000000099999999999 0.00000000099999999999 0.34317223727036016978 0.00118649278119526314 
0.19368243749608152204 0.00000000099999999999 0.02517676532040108092 0.00000007479228478338 0.56128886169340630463 0.21347796795353521371 0.00637389174429124281 
0.99999999400000005867 0.00000000099999999992 0.00000000099999999992 0.00000000099999999992 0.00000000099999999992 0.00000000099999999992 0.00000000099999999992 
0.62831527455954150341 0.00000000099999999997 0.00000000857695953476 0.00000000099999999997 0.00000000099999999997 0.34040844588069102405 0.03127626798280801201 
0.00000932667884091325 0.00000000099999999999 0.78222041013884402449 0.06529845452972288244 0.00000000099999999999 0.00000000099999999999 0.15247180565259232932 
0.59819550199601378981 0.00000000099999999998 0.00000000099999999998 0.06131175531190247857 0.00000000099999999998 0.34049273869208368515 0.00000000099999999998 
0.38874641791308867100 0.00000000099999999996 0.00000000099999999996 0.02532341884227771317 0.00000000099999999996 0.58593015924463343058 0.00000000099999999996 
0.95663406304576537043 0.04320519988198032874 0.00000000099999999998 0.00000000099999999998 0.00015686624896773626 0.00000386782328668457 0.00000000099999999998 
0.00000000099999999999 0.00000000099999999999 0.99957174657388625505 0.00000000099999999999 0.00000000099999999999 0.00000001791206779163 0.00042823151404594096 
0.00000000099999999988 0.00000000099999999988 0.00000000099999999988 0.00000000099999999988 0.00000000099999999988 0.99999999399999994765 0.00000000099999999988 
0.00000011464648779518 0.00000000099999999996 0.72540019616039352890 0.03519384251057996321 0.00000000099999999996 0.23940584368253869929 0.00000000099999999996 
0.43294413147159621635 0.00000000100000000000 0.19386676736790409148 0.11435093704073523435 0.00000002192463536694 0.04950797618956140345 0.20933016500556775319 
0.56488518566440015789 0.00000000100000000000 0.00000012550907840218 0.29017410102039048470 0.00000427260781788488 0.09262568394746735490 0.05231063025084577850 
0.00000000099999999987 0.00000000099999999987 0.99999999400000005867 0.00000000099999999987 0.00000000099999999987 0.00000000099999999987 0.00000000099999999987 
0.71895764680407270308 0.00000000099999999999 0.00003554220912327908 0.10564448901967443684 0.00000000099999999999 0.17536231896712947687 0.00000000099999999999 
0.33817151517763521795 0.00000000099999999999 0.00000000099999999999 0.00000076771486112797 0.05929319055515482745 0.55900969471623895846 0.04352482983610976575 
0.38451032723827838211 0.00000000099999999998 0.00000000099999999998 0.14883038035833726087 0.00000000099999999998 0.38741819573457536574 0.07924109366880886796 
0.44910538325298743345 0.00000000099999999999 0.00000000099999999999 0.00131208265252887144 0.00367622732339319700 0.54590630377109028437 0.00000000099999999999 
0.00000000099999999990 0.00000000099999999990 0.00000000099999999990 0.00000000099999999990 0.00000000099999999990 0.99999999400000005867 0.00000000099999999990 
0.39333906843806681897 0.00000000099999999996 0.00000000099999999996 0.00000000099999999996 0.00000000099999999996 0.60666092656193304489 0.00000000099999999996 
0.54796439427835319513 0.00000000099999999998 0.00000000099999999998 0.00000000099999999998 0.00000000099999999998 0.42792218464783232657 0.02411341707381454980 
0.53526130648029213166 0.11569846246696506575 0.00000000099999999999 0.01524549888863229070 0.00000000099999999999 0.29697700622308709217 0.03681772394102350576 
