0.99999999400000016969 0.00000000099999999993 0.00000000099999999993 0.00000000099999999993 0.00000000099999999993 0.00000000099999999993 0.00000000099999999993 
0.00000000099999999985 0.99999999400000005867 0.00000000099999999985 0.00000000099999999985 0.00000000099999999985 0.00000000099999999985 0.00000000099999999985 
0.00000000099999999994 0.00000000099999999994 0.62328593972304202619 0.37671405527695783766 0.00000000099999999994 0.00000000099999999994 0.00000000099999999994 
0.00000000099999999997 0.99999999400000016969 0.00000000099999999997 0.00000000099999999997 0.00000000099999999997 0.00000000099999999997 0.00000000099999999997 
0.00000000099999999998 0.00000000099999999998 0.52928941552743091759 0.40357112453450622036 0.00000000099999999998 0.00000000099999999998 0.06713945593806300294 
0.99999999400000016969 0.00000000099999999990 0.00000000099999999990 0.00000000099999999990 0.00000000099999999990 0.00000000099999999990 0.00000000099999999990 
0.99999999400000005867 0.00000000099999999986 0.00000000099999999986 0.00000000099999999986 0.00000000099999999986 0.00000000099999999986 0.00000000099999999986 
0.00000000099999999982 0.00000000099999999982 0.00000000099999999982 0.00000000099999999982 0.00000000099999999982 0.99999999399999994765 0.00000000099999999982 
0.00000000099999999988 0.00000000099999999988 0.99999999399999994765 0.00000000099999999988 0.00000000099999999988 0.00000000099999999988 0.00000000099999999988 
0.00000000099999999993 0.00000000099999999993 0.00000000099999999993 0.99999999399999994765 0.00000000099999999993 0.00000000099999999993 0.00000000099999999993 
0.00000000099999999986 0.00000000099999999986 0.99999999400000005867 0.00000000099999999986 0.00000000099999999986 0.00000000099999999986 0.00000000099999999986 
0.00000000099999999993 0.00000000099999999993 0.00000000099999999993 0.99999999400000005867 0.00000000099999999993 0.00000000099999999993 0.00000000099999999993 
0.06035697922573129981 0.00000000100000000000 0.43082758812435179019 0.34099321001554822042 0.01290329607905767173 0.13587689386922058299 0.01904203168609050478 
0.00000000099999999988 0.00000000099999999988 0.00000000099999999988 0.00000000099999999988 0.99999999400000005867 0.00000000099999999988 0.00000000099999999988 
0.00000000099999999993 0.99999999400000005867 0.00000000099999999993 0.00000000099999999993 0.00000000099999999993 0.00000000099999999993 0.00000000099999999993 
0.00000000099999999968 0.99999999400000005867 0.00000000099999999968 0.00000000099999999968 0.00000000099999999968 0.00000000099999999968 0.00000000099999999968 
0.99999999400000016969 0.00000000099999999994 0.00000000099999999994 0.00000000099999999994 0.00000000099999999994 0.00000000099999999994 0.00000000099999999994 
0.00000000099999999984 0.00000000099999999984 0.00000000099999999984 0.00000000099999999984 0.00000000099999999984 0.99999999399999994765 0.00000000099999999984 
0.00000000099999999976 0.99999999400000005867 0.00000000099999999976 0.00000000099999999976 0.00000000099999999976 0.00000000099999999976 0.00000000099999999976 
0.39439153567101792319 0.00000000099999999992 0.00000000099999999992 0.60560845932898199617 0.00000000099999999992 0.00000000099999999992 0.00000000099999999992 
0.00000000099999999986 0.60155494189521807602 0.00000000099999999986 0.00000000099999999986 0.39844505310478200988 0.00000000099999999986 0.00000000099999999986 
0.00000000099999999987 0.00000000099999999987 0.00000000099999999987 0.00000000099999999987 0.00000000099999999987 0.00000000099999999987 0.99999999399999994765 
0.02230997012890660255 0.00000000100000000000 0.30909213777231442366 0.30163467319200076844 0.05913029155340674553 0.18526086328612248466 0.12257206306724899303 
0.00000000099999999992 0.00000000099999999992 0.00000000099999999992 0.99999999399999994765 0.00000000099999999992 0.00000000099999999992 0.00000000099999999992 
0.00000000099999999982 0.00000000099999999982 0.00000000099999999982 0.00000000099999999982 0.00000000099999999982 0.00000000099999999982 0.99999999399999994765 
0.00000000099999999999 0.00000000099999999999 0.37896202999496769737 0.62103796500503216649 0.00000000099999999999 0.00000000099999999999 0.00000000099999999999 
0.00000000099999999992 0.00000000099999999992 0.00000000099999999992 0.99999999399999994765 0.00000000099999999992 0.00000000099999999992 0.00000000099999999992 
0.00000000099999999999 0.00000399048550186203 0.00000000099999999999 0.47395688603285418550 0.00000000099999999999 0.00000000099999999999 0.52603911948164383539 
0.00000000099999999984 0.00000000099999999984 0.00000000099999999984 0.00000000099999999984 0.00000000099999999984 0.00000000099999999984 0.99999999400000005867 
0.00000000099999999986 0.00000000099999999986 0.00000000099999999986 0.00000000099999999986 0.00000000099999999986 0.00000000099999999986 0.99999999400000005867 
0.00000000099999999983 0.00000000099999999983 0.00000000099999999983 0.00000000099999999983 0.00000000099999999983 0.00000000099999999983 0.99999999400000005867 
0.00000000099999999986 0.00000000099999999986 0.00000000099999999986 0.00000000099999999986 0.00000000099999999986 0.00000000099999999986 0.99999999399999994765 
0.00000000099999999997 0.04039761733031480007 0.63102614855799632476 0.32857623011168879401 0.00000000099999999997 0.00000000099999999997 0.00000000099999999997 
0.00000000099999999984 0.00000000099999999984 0.00000000099999999984 0.00000000099999999984 0.00000000099999999984 0.99999999399999994765 0.00000000099999999984 
0.00000000099999999992 0.00000000099999999992 0.99999999400000005867 0.00000000099999999992 0.00000000099999999992 0.00000000099999999992 0.00000000099999999992 
0.04075866420372885324 0.02395611654859381920 0.35722029462204729633 0.39426162219440402668 0.00000000100000000000 0.11091389248739719209 0.07288940894382883728 
0.00000000099999999996 0.00000000099999999996 0.58848425850985808250 0.41151573649014183687 0.00000000099999999996 0.00000000099999999996 0.00000000099999999996 
0.00000000099999999999 0.00000000099999999999 0.26674014708009985419 0.49765036641115412142 0.00000000099999999999 0.22420367426121440291 0.01140580924753155714 
0.00000000099999999996 0.00000000099999999996 0.67387102823526623396 0.00000000099999999996 0.00000000099999999996 0.32612896676473362989 0.00000000099999999996 
0.99999999400000005867 0.00000000099999999990 0.00000000099999999990 0.00000000099999999990 0.00000000099999999990 0.00000000099999999990 0.00000000099999999990 
0.99999999400000005867 0.00000000099999999987 0.00000000099999999987 0.00000000099999999987 0.00000000099999999987 0.00000000099999999987 0.00000000099999999987 
0.00000000099999999984 0.37464918416024961534 0.00000000099999999984 0.00000000099999999984 0.62535081083975030403 0.00000000099999999984 0.00000000099999999984 
0.00000000099999999986 0.00000000099999999986 0.00000000099999999986 0.00000000099999999986 0.99999999399999994765 0.00000000099999999986 0.00000000099999999986 
0.00000000099999999965 0.00000000099999999965 0.00000000099999999965 0.00000000099999999965 0.99999999400000005867 0.00000000099999999965 0.00000000099999999965 
0.00000000099999999987 0.56780668780792764583 0.00000000099999999987 0.00000000099999999987 0.43219330719207260660 0.00000000099999999987 0.00000000099999999987 
0.00000000099999999965 0.00000000099999999965 0.00000000099999999965 0.00000000099999999965 0.99999999399999994765 0.00000000099999999965 0.00000000099999999965 
0.00000000099999999969 0.00000000099999999969 0.00000000099999999969 0.00000000099999999969 0.99999999400000005867 0.00000000099999999969 0.00000000099999999969 
0.94114135683109323427 0.00000000099999999997 0.00000000099999999997 0.00000036654385913803 0.00000000099999999997 0.05885827262504757934 0.00000000099999999997 
0.00000000099999999974 0.00000000099999999974 0.00000000099999999974 0.00000000099999999974 0.00000000099999999974 0.00000000099999999974 0.99999999400000005867 
0.00000000099999999985 0.00000000099999999985 0.99999999399999994765 0.00000000099999999985 0.00000000099999999985 0.00000000099999999985 0.00000000099999999985 
0.00000000099999999992 0.00000000099999999992 0.00000000099999999992 0.47509608390702906533 0.00000000099999999992 0.52490391109297085404 0.00000000099999999992 
0.00000000099999999979 0.00000000099999999979 0.00000000099999999979 0.00000000099999999979 0.00000000099999999979 0.00000000099999999979 0.99999999400000005867 
0.00000000099999999987 0.00000000099999999987 0.00000000099999999987 0.99999999400000005867 0.00000000099999999987 0.00000000099999999987 0.00000000099999999987 
0.00000000099999999984 0.00000000099999999984 0.00000000099999999984 0.00000000099999999984 0.00000000099999999984 0.99999999400000005867 0.00000000099999999984 
0.99999999400000016969 0.00000000099999999987 0.00000000099999999987 0.00000000099999999987 0.00000000099999999987 0.00000000099999999987 0.00000000099999999987 
0.00514937309430695510 0.01975528047278340971 0.29606916437911356965 0.32422003579609853796 0.00000000100000000000 0.30677846576568085224 0.04802767949201680597 
0.05053340402292732375 0.02625774390886408474 0.27608992986535035863 0.30502168249575806191 0.00000000100000000000 0.26341478623697039962 0.07868245247012985166 
0.00000000099999999972 0.99999999400000016969 0.00000000099999999972 0.00000000099999999972 0.00000000099999999972 0.00000000099999999972 0.00000000099999999972 
0.99999999400000016969 0.00000000099999999994 0.00000000099999999994 0.00000000099999999994 0.00000000099999999994 0.00000000099999999994 0.00000000099999999994 
0.00000000099999999976 0.00000000099999999976 0.00000000099999999976 0.00000000099999999976 0.99999999400000005867 0.00000000099999999976 0.00000000099999999976 
0.48066522664433458667 0.00000000099999999990 0.00000000099999999990 0.51933476835566538821 0.00000000099999999990 0.00000000099999999990 0.00000000099999999990 
0.00000000099999999976 0.99999999400000005867 0.00000000099999999976 0.00000000099999999976 0.00000000099999999976 0.00000000099999999976 0.00000000099999999976 
0.99999999400000016969 0.00000000099999999983 0.00000000099999999983 0.00000000099999999983 0.00000000099999999983 0.00000000099999999983 0.00000000099999999983 
0.00000000099999999991 0.00000000099999999991 0.99999999399999994765 0.00000000099999999991 0.00000000099999999991 0.00000000099999999991 0.00000000099999999991 
0.99999999400000016969 0.00000000099999999991 0.00000000099999999991 0.00000000099999999991 0.00000000099999999991 0.00000000099999999991 0.00000000099999999991 
0.00000000099999999986 0.00000000099999999986 0.99999999399999994765 0.00000000099999999986 0.00000000099999999986 0.00000000099999999986 0.00000000099999999986 
0.84645760029994165929 0.00000000099999999997 0.00000009591651001772 0.00000000099999999997 0.00000000099999999997 0.00000000099999999997 0.15354229978354846931 
0.99999999400000005867 0.00000000099999999985 0.00000000099999999985 0.00000000099999999985 0.00000000099999999985 0.00000000099999999985 0.00000000099999999985 
0.99999999400000016969 0.00000000099999999987 0.00000000099999999987 0.00000000099999999987 0.00000000099999999987 0.00000000099999999987 0.00000000099999999987 
0.00000000099999999989 0.00000000099999999989 0.00000000099999999989 0.00000000099999999989 0.00000000099999999989 0.99999999400000005867 0.00000000099999999989 
0.99999999400000005867 0.00000000099999999987 0.00000000099999999987 0.00000000099999999987 0.00000000099999999987 0.00000000099999999987 0.00000000099999999987 
0.99999999400000016969 0.00000000099999999988 0.00000000099999999988 0.00000000099999999988 0.00000000099999999988 0.00000000099999999988 0.00000000099999999988 
0.09720524175225220276 0.00000000100000000000 0.33193225959283079174 0.32152989784885332991 0.01684413802428934639 0.14450990761562909626 0.08797855416614518143 
0.04863317584752901296 0.02740603157466654088 0.23869401315774768646 0.51445867060402272752 0.00000000100000000000 0.16505229087060344084 0.00575581694543051813 
0.00000000099999999999 0.00000000099999999999 0.32414090864534395031 0.37789990749461571662 0.02951200839678137441 0.19929267603147882149 0.06915449743178013475 
0.00000000099999999999 0.00000000099999999999 0.29759332023896145625 0.44633536945545732033 0.12710573456297999395 0.12896557274260112003 0.00000000099999999999 
0.04448297055557824675 0.00000000099999999999 0.06064995320343535834 0.28469353436327010654 0.53010458935565196725 0.08006762559330676821 0.00000132592875753056 
0.00000000099999999994 0.00000000099999999994 0.30471316096810463492 0.31102333333258158632 0.00000000099999999994 0.38426350169931378087 0.00000000099999999994 
0.00000000099999999991 0.00000000099999999991 0.00000000099999999991 0.99999999400000005867 0.00000000099999999991 0.00000000099999999991 0.00000000099999999991 
0.82490501762391443830 0.00000000099999999999 0.00000000099999999999 0.13370374896030695622 0.00000064688044646047 0.00000000099999999999 0.04139058353533239809 
0.00000000099999999998 0.00000000099999999998 0.47420335402969099325 0.21522697151877637212 0.00000000099999999998 0.25987053581156133175 0.05069913563997123507 
0.00000000099999999993 0.00000000099999999993 0.00000000099999999993 0.99999999400000005867 0.00000000099999999993 0.00000000099999999993 0.00000000099999999993 
0.00000000099999999999 0.05773591435526358173 0.33535865133519410231 0.44671185171088723109 0.00000000163352499212 0.16019357896513006234 0.00000000099999999999 
0.99993394736764640296 0.00000000099999999999 0.00006604763235369466 0.00000000099999999999 0.00000000099999999999 0.00000000099999999999 0.00000000099999999999 
0.00000000099999999992 0.00000000099999999992 0.00000000099999999992 0.71465282344670022496 0.00000000099999999992 0.28534717155329969440 0.00000000099999999992 
0.72574528658180426088 0.00000000099999999995 0.00000000099999999995 0.00000000099999999995 0.00000000099999999995 0.27425470841819571399 0.00000000099999999995 
0.31585123425841454825 0.00000000100000000000 0.02036380002099025255 0.63057664378616917755 0.00000006830262213242 0.00031756687843603206 0.03289068575336798889 
0.00007865327708296075 0.00000000100000000000 0.00000000396821145604 0.69709937744129379933 0.00000000100000000000 0.00001235386621576236 0.30280960944719603756 
0.99999999400000005867 0.00000000099999999988 0.00000000099999999988 0.00000000099999999988 0.00000000099999999988 0.00000000099999999988 0.00000000099999999988 
0.00000000099999999999 0.00000000099999999999 0.22743355517678098821 0.50126149675431563857 0.00000000099999999999 0.14197357883129196887 0.12933136623761129491 
0.00000000099999999998 0.00000000099999999998 0.00000000099999999998 0.00000000099999999998 0.00000000099999999998 0.99999999400000005867 0.00000000099999999998 
0.00000000099999999997 0.00000000099999999997 0.00000000099999999997 0.84413954965775017669 0.00000000099999999997 0.00000000099999999997 0.15586044534224985370 
0.00000000099999999985 0.00000000099999999985 0.00000000099999999985 0.00000000099999999985 0.00000000099999999985 0.99999999400000005867 0.00000000099999999985 
0.00000000099999999988 0.00000000099999999988 0.99999999399999994765 0.00000000099999999988 0.00000000099999999988 0.00000000099999999988 0.00000000099999999988 
0.00000000099999999995 0.00000000099999999995 0.00000000099999999995 0.52127785250297087316 0.00000000099999999995 0.47872214249702921274 0.00000000099999999995 
0.00000000099999999995 0.00000000099999999995 0.00000000099999999995 0.99999999399999994765 0.00000000099999999995 0.00000000099999999995 0.00000000099999999995 
0.00000000099999999999 0.13254365237976947767 0.22270393927393816735 0.55901338833639491188 0.00000000099999999999 0.08440418528223177230 0.00133483272766574904 
