0.00000000099999999997 0.00000000099999999997 0.99999999800000005656 
0.99999999800000005656 0.00000000099999999999 0.00000000099999999999 
0.00000000099999999999 0.99999999190484512024 0.00000000709515501595 
0.86817389033775782536 0.13118161761992103154 0.00064449204232117736 
0.00000000100000000000 0.99396493557329923529 0.00603506342670067936 
0.00000000099999999996 0.00000000099999999996 0.99999999800000005656 
0.00000000099999999995 0.00000000099999999995 0.99999999799999994554 
0.00000000099999999998 0.99999999800000005656 0.00000000099999999998 
0.00000000136196113996 0.99999999763803881780 0.00000000099999999999 
0.00000000099999999998 0.99999999800000005656 0.00000000099999999998 
0.00000000099999999999 0.99999999799999994554 0.00000000099999999999 
0.00000000099999999999 0.99999999799999994554 0.00000000099999999999 
0.01049638683788849114 0.93192034212867325138 0.05758327103343819503 
0.99999999799999994554 0.00000000099999999998 0.00000000099999999998 
0.90074448521213523744 0.09924225384179757858 0.00001326094606720029 
0.99999999800000005656 0.00000000099999999994 0.00000000099999999994 
0.00000000099999999998 0.00000000099999999998 0.99999999800000005656 
0.03446683326751621285 0.96553316573248371135 0.00000000099999999999 
0.99999999800000005656 0.00000000099999999996 0.00000000099999999996 
0.00000000099999999999 0.59657287492709587529 0.40342712407290426402 
0.99999999800000005656 0.00000000099999999994 0.00000000099999999994 
0.00000000099999999999 0.85498232203428381482 0.14501767696571624122 
0.06441821219963884959 0.89605488428908774967 0.03952690351127339380 
0.00001248874504355983 0.99998751025495646871 0.00000000099999999999 
0.00000000099999999999 0.82911401106059123833 0.17088598793940876219 
0.00572386680235756513 0.97278825537919011435 0.02148787781845228409 
0.00000000164131373301 0.99999999735868616568 0.00000000099999999999 
0.02044736851829548341 0.89587482167713006209 0.08367780980457456552 
0.00003660543875275944 0.83482835856600356994 0.16513503599524381737 
0.01282332791890383218 0.79613806364832973017 0.19103860843276651571 
0.00000000099999999999 0.80086661476742337928 0.19913338423257662124 
0.00000000100000000000 0.82412080522536046434 0.17587919377463948067 
0.04214101375589879989 0.95785898524410117982 0.00000000099999999999 
0.00000000099999999999 0.98759170639315041473 0.01240829260684955457 
0.00016155724418772174 0.97533631596045433643 0.02450212679535785851 
0.03200782244107892166 0.90656037137891531952 0.06143180618000580739 
0.00000000099999999999 0.99999999799999994554 0.00000000099999999999 
0.00000000100000000000 0.99976062556370703938 0.00023937343629305805 
0.00000000099999999999 0.97185506780272890026 0.02814493119727115231 
0.00000000099999999996 0.00000000099999999996 0.99999999799999994554 
0.00000000099999999995 0.00000000099999999995 0.99999999800000005656 
0.99999999799999994554 0.00000000099999999993 0.00000000099999999993 
0.99999999799999994554 0.00000000099999999998 0.00000000099999999998 
0.99999999799999994554 0.00000000099999999989 0.00000000099999999989 
0.99999999799999994554 0.00000000099999999995 0.00000000099999999995 
0.99999999800000005656 0.00000000099999999990 0.00000000099999999990 
0.99999999799999994554 0.00000000099999999991 0.00000000099999999991 
0.00000000099999999999 0.03554866260119878690 0.96445133639880131771 
0.00000000099999999998 0.79516692834685165359 0.20483307065314840245 
0.00000000099999999998 0.99999999800000005656 0.00000000099999999998 
0.00000000099999999997 0.99999999800000005656 0.00000000099999999997 
0.00000000099999999999 0.80085707989239751647 0.19914291910760267834 
0.00000000099999999998 0.99999999800000005656 0.00000000099999999998 
0.00000000099999999999 0.99999999799999994554 0.00000000099999999999 
0.00000000099999999995 0.00000000099999999995 0.99999999799999994554 
0.01686895532430549363 0.96782877712814918691 0.01530226754754523619 
0.02403445528721447413 0.91264453236013198811 0.06332101235265355510 
0.99999999800000005656 0.00000000099999999995 0.00000000099999999995 
0.00000000099999999998 0.00000000099999999998 0.99999999799999994554 
0.99999999800000005656 0.00000000099999999994 0.00000000099999999994 
0.00000000099999999999 0.49788781575702373283 0.50211218324297623994 
0.99999999800000005656 0.00000000099999999995 0.00000000099999999995 
0.00000000099999999994 0.00000000099999999994 0.99999999799999994554 
0.00000950158811010381 0.99999007278389029363 0.00000042562799967888 
0.00000000099999999997 0.00000000099999999997 0.99999999799999994554 
0.00000000099999999998 0.99999999800000005656 0.00000000099999999998 
0.00000000099999999999 0.11427226656933067717 0.88572773243066926785 
0.00000000099999999994 0.00000000099999999994 0.99999999800000005656 
0.00000000099999999995 0.00000000099999999995 0.99999999800000005656 
0.00000000099999999999 0.99961093961255087503 0.00038905938744907399 
0.00000000099999999995 0.00000000099999999995 0.99999999800000005656 
0.00000000099999999995 0.00000000099999999995 0.99999999799999994554 
0.01533828790666577103 0.87039474626272106406 0.11426696583061310419 
0.03268408420168807116 0.90572767256419994819 0.06158824323411186963 
0.03246518454937345755 0.96310090484471111427 0.00443391060591536226 
0.13423560207940699041 0.86576358461387636911 0.00000081330671660882 
0.52125214400598085529 0.41071611490249892995 0.06803174109152015925 
0.00000000099999999998 0.99999999799999994554 0.00000000099999999998 
0.00000000099999999999 0.97131975812548043692 0.02868024087451952198 
0.00842926541463180981 0.12896987448502805762 0.86260086010034020543 
0.00000000099999999999 0.99714110959828716751 0.00285888940171301082 
0.00000000099999999998 0.99999999799999994554 0.00000000099999999998 
0.06379096985894114336 0.93620902914105885717 0.00000000100000000000 
0.00000000100000000000 0.00013222467063281945 0.99986777432936713161 
0.00000000099999999998 0.99999999800000005656 0.00000000099999999998 
0.00000000099999999999 0.27137086079385530635 0.72862913820614461091 
0.00202182568256774591 0.68838555307558313423 0.30959262124184927512 
0.00020006088948944868 0.96957786428925485378 0.03022207482125559286 
0.00000000099999999995 0.00000000099999999995 0.99999999800000005656 
0.00000000100000000000 0.96359177206897272949 0.03640822693102716695 
0.04236538966173133969 0.95763260274988115661 0.00000200758838753353 
0.00000000099999999999 0.97176975592505321355 0.02823024307494675575 
0.00879359652949582987 0.99120640247050417759 0.00000000100000000000 
0.00184348260093919036 0.99815651639906088910 0.00000000099999999999 
0.00000000099999999998 0.99999999800000005656 0.00000000099999999998 
0.00001746114883345072 0.99997296547038505565 0.00000957338078146941 
0.11039128369277828590 0.88960869987375801315 0.00000001643346379633 
