0.00000000099999999985 0.99999999300000008695 0.00000000099999999985 0.00000000099999999985 0.00000000099999999985 0.00000000099999999985 0.00000000099999999985 0.00000000099999999985 
0.00000000099999999995 0.00000000099999999995 0.99999999299999997593 0.00000000099999999995 0.00000000099999999995 0.00000000099999999995 0.00000000099999999995 0.00000000099999999995 
0.00000000099999999987 0.00000000099999999987 0.00000000099999999987 0.00000000099999999987 0.00000000099999999987 0.99999999299999997593 0.00000000099999999987 0.00000000099999999987 
0.14340275649950912085 0.00000000099999999999 0.85659723609191296134 0.00000000099999999999 0.00000000099999999999 0.00000000099999999999 0.00000000099999999999 0.00000000240857812995 
0.22021091112488258568 0.00000000099999999999 0.00000000099999999999 0.00000000099999999999 0.08033388184934070475 0.20822541868742783233 0.00000000099999999999 0.49122978433834896261 
0.00000000099999999983 0.99999999300000019797 0.00000000099999999983 0.00000000099999999983 0.00000000099999999983 0.00000000099999999983 0.00000000099999999983 0.00000000099999999983 
0.00000000099999999979 0.99999999300000008695 0.00000000099999999979 0.00000000099999999979 0.00000000099999999979 0.00000000099999999979 0.00000000099999999979 0.00000000099999999979 
0.00000000099999999983 0.00000000099999999983 0.00000000099999999983 0.00000000099999999983 0.00000000099999999983 0.00000000099999999983 0.00000000099999999983 0.99999999300000008695 
0.22180032524927145721 0.00000000099999999997 0.00000000099999999997 0.00000000099999999997 0.00000000099999999997 0.24407759155328836997 0.00000000099999999997 0.53412207819744028647 
0.00000000099999999993 0.00000000099999999993 0.00000000099999999993 0.00000000099999999993 0.00000000099999999993 0.00000000099999999993 0.00000000099999999993 0.99999999299999997593 
0.00000000099999999984 0.00000000099999999984 0.00000000099999999984 0.00000000099999999984 0.00000000099999999984 0.99999999299999997593 0.00000000099999999984 0.00000000099999999984 
0.42713605384640113138 0.00000000099999999997 0.00000000099999999997 0.00000000099999999997 0.00000000099999999997 0.33234136121964291677 0.00000000099999999997 0.24052257993395576019 
0.00000000100000000000 0.08561878264245487147 0.00000000100000000000 0.00024027797745080392 0.03056322863648095259 0.64695766550528843730 0.00000000100000000000 0.23662004223832486249 
0.00000000099999999993 0.00000000099999999993 0.99999999299999997593 0.00000000099999999993 0.00000000099999999993 0.00000000099999999993 0.00000000099999999993 0.00000000099999999993 
0.11810418367709042686 0.00000000099999999998 0.88189581032290964568 0.00000000099999999998 0.00000000099999999998 0.00000000099999999998 0.00000000099999999998 0.00000000099999999998 
0.00000000099999999979 0.00000000099999999979 0.99999999299999997593 0.00000000099999999979 0.00000000099999999979 0.00000000099999999979 0.00000000099999999979 0.00000000099999999979 
0.00000000099999999994 0.40177440166554684309 0.00000000099999999994 0.00000000099999999994 0.00000000099999999994 0.00000000099999999994 0.59822559233445304905 0.00000000099999999994 
0.00000000099999999987 0.00000000099999999987 0.00000000099999999987 0.00000000099999999987 0.00000000099999999987 0.00000000099999999987 0.00000000099999999987 0.99999999299999997593 
0.00000000099999999987 0.00000000099999999987 0.99999999299999997593 0.00000000099999999987 0.00000000099999999987 0.00000000099999999987 0.00000000099999999987 0.00000000099999999987 
0.00000000099999999991 0.43873530017566386707 0.00000000099999999991 0.00000000099999999991 0.00000000099999999991 0.00000000099999999991 0.00000000099999999991 0.56126469382433585853 
0.00000000099999999981 0.00000000099999999981 0.99999999300000008695 0.00000000099999999981 0.00000000099999999981 0.00000000099999999981 0.00000000099999999981 0.00000000099999999981 
0.00000000099999999973 0.00000000099999999973 0.00000000099999999973 0.00000000099999999973 0.99999999300000008695 0.00000000099999999973 0.00000000099999999973 0.00000000099999999973 
0.31949983210552507229 0.02744793896365842895 0.05728081582169285146 0.12168360203818855136 0.00000000100000000000 0.14321595406549822438 0.00000000100000000000 0.33087185500543692118 
0.42207051512782312042 0.00000000099999999995 0.00000000099999999995 0.00000000670875505075 0.00000000099999999995 0.57792947316342180297 0.00000000099999999995 0.00000000099999999995 
0.00000000099999999975 0.00000000099999999975 0.00000000099999999975 0.99999999300000008695 0.00000000099999999975 0.00000000099999999975 0.00000000099999999975 0.00000000099999999975 
0.43373059664600166485 0.00000000099999999998 0.00000000099999999998 0.00000000099999999998 0.03517482860812672085 0.53109456974587143652 0.00000000099999999998 0.00000000099999999998 
0.49673275711695846768 0.00000000099999999996 0.00000000099999999996 0.00000000099999999996 0.00000000099999999996 0.19999764874732192665 0.00000000099999999996 0.30326958913571960830 
0.40834045661934287308 0.00000000099999999994 0.00000000099999999994 0.00000000099999999994 0.59165953738065701906 0.00000000099999999994 0.00000000099999999994 0.00000000099999999994 
0.00000000099999999958 0.00000000099999999958 0.00000000099999999958 0.00000000099999999958 0.99999999300000008695 0.00000000099999999958 0.00000000099999999958 0.00000000099999999958 
0.00000000099999999977 0.00000000099999999977 0.00000000099999999977 0.99999999299999997593 0.00000000099999999977 0.00000000099999999977 0.00000000099999999977 0.00000000099999999977 
0.00000000099999999978 0.00000000099999999978 0.00000000099999999978 0.99999999300000008695 0.00000000099999999978 0.00000000099999999978 0.00000000099999999978 0.00000000099999999978 
0.00000000099999999960 0.00000000099999999960 0.00000000099999999960 0.00000000099999999960 0.99999999300000008695 0.00000000099999999960 0.00000000099999999960 0.00000000099999999960 
0.23548892360049858419 0.00000000099999999997 0.03697932092646967484 0.00000000099999999997 0.00000000099999999997 0.39305762943969296819 0.00000000099999999997 0.33447412203333881653 
0.00000000099999999988 0.00000000099999999988 0.00000000099999999988 0.00000000099999999988 0.00000000099999999988 0.00000000099999999988 0.00000000099999999988 0.99999999299999997593 
0.35705419232172430632 0.00000000099999999998 0.00000000099999999998 0.00000000099999999998 0.00000000099999999998 0.28793431354315468518 0.02658944891846695344 0.32842204121665391492 
0.57649682238910682219 0.00000000099999999998 0.00000000099999999998 0.06581245929955850671 0.00000000099999999998 0.00000000099999999998 0.03577711025781508264 0.32191360405351965301 
0.39423914171306401188 0.00000000099999999995 0.00000000099999999995 0.00000000099999999995 0.00000000099999999995 0.00000000099999999995 0.00000000099999999995 0.60576085228693588025 
0.99999999300000019797 0.00000000099999999989 0.00000000099999999989 0.00000000099999999989 0.00000000099999999989 0.00000000099999999989 0.00000000099999999989 0.00000000099999999989 
0.00000000099999999991 0.00000000099999999991 0.00000000099999999991 0.00000000099999999991 0.00000000099999999991 0.99999999299999997593 0.00000000099999999991 0.00000000099999999991 
0.00000000099999999973 0.00000000099999999973 0.00000000099999999973 0.00000000099999999973 0.00000000099999999973 0.00000000099999999973 0.99999999299999997593 0.00000000099999999973 
0.00000000099999999971 0.00000000099999999971 0.00000000099999999971 0.00000000099999999971 0.00000000099999999971 0.00000000099999999971 0.99999999299999986491 0.00000000099999999971 
0.00000000099999999976 0.00000000099999999976 0.99999999300000008695 0.00000000099999999976 0.00000000099999999976 0.00000000099999999976 0.00000000099999999976 0.00000000099999999976 
0.00000000099999999993 0.00000000099999999993 0.99999999299999997593 0.00000000099999999993 0.00000000099999999993 0.00000000099999999993 0.00000000099999999993 0.00000000099999999993 
0.00000000099999999962 0.00000000099999999962 0.99999999300000008695 0.00000000099999999962 0.00000000099999999962 0.00000000099999999962 0.00000000099999999962 0.00000000099999999962 
0.00000000099999999984 0.00000000099999999984 0.99999999300000008695 0.00000000099999999984 0.00000000099999999984 0.00000000099999999984 0.00000000099999999984 0.00000000099999999984 
0.00000000099999999965 0.00000000099999999965 0.99999999300000008695 0.00000000099999999965 0.00000000099999999965 0.00000000099999999965 0.00000000099999999965 0.00000000099999999965 
0.00000000099999999970 0.00000000099999999970 0.99999999300000008695 0.00000000099999999970 0.00000000099999999970 0.00000000099999999970 0.00000000099999999970 0.00000000099999999970 
0.02761995380916417581 0.70605028825997806496 0.00000000099999999997 0.00000000099999999997 0.00000000099999999997 0.00000000099999999997 0.26632975293085775492 0.00000000099999999997 
0.00000000099999999963 0.00000000099999999963 0.00000000099999999963 0.99999999300000008695 0.00000000099999999963 0.00000000099999999963 0.00000000099999999963 0.00000000099999999963 
0.00000000099999999981 0.00000000099999999981 0.00000000099999999981 0.00000000099999999981 0.00000000099999999981 0.99999999300000008695 0.00000000099999999981 0.00000000099999999981 
0.00000000099999999984 0.00000000099999999984 0.00000000099999999984 0.00000000099999999984 0.00000000099999999984 0.99999999300000008695 0.00000000099999999984 0.00000000099999999984 
0.00000000099999999970 0.00000000099999999970 0.00000000099999999970 0.99999999300000008695 0.00000000099999999970 0.00000000099999999970 0.00000000099999999970 0.00000000099999999970 
0.99999999300000019797 0.00000000099999999985 0.00000000099999999985 0.00000000099999999985 0.00000000099999999985 0.00000000099999999985 0.00000000099999999985 0.00000000099999999985 
0.00000000099999999994 0.00000000099999999994 0.00000000099999999994 0.00000000099999999994 0.00000000099999999994 0.43970058482732410354 0.00000000099999999994 0.56029940917267595513 
0.00000000099999999972 0.00000000099999999972 0.00000000099999999972 0.00000000099999999972 0.00000000099999999972 0.00000000099999999972 0.99999999299999986491 0.00000000099999999972 
0.31219853537164488078 0.00000000100000000000 0.01519984539368896687 0.04934197176420683506 0.00000000100000000000 0.17830232067282159036 0.00000000100000000000 0.44495732379763769382 
0.00000000099999999994 0.00000000099999999994 0.00000000099999999994 0.00000000099999999994 0.00000000099999999994 0.99999999299999997593 0.00000000099999999994 0.00000000099999999994 
0.00000000099999999984 0.00000000099999999984 0.99999999300000008695 0.00000000099999999984 0.00000000099999999984 0.00000000099999999984 0.00000000099999999984 0.00000000099999999984 
0.00000000099999999994 0.68770572662233919736 0.00000000099999999994 0.00000000099999999994 0.00000000099999999994 0.00000000099999999994 0.31229426737766080580 0.00000000099999999994 
0.00000000099999999980 0.00000000099999999980 0.99999999300000008695 0.00000000099999999980 0.00000000099999999980 0.00000000099999999980 0.00000000099999999980 0.00000000099999999980 
0.00000000099999999990 0.51099001727089299330 0.00000000099999999990 0.00000000099999999990 0.00000000099999999990 0.00000000099999999990 0.00000000099999999990 0.48900997672910728742 
0.00000000099999999982 0.00000000099999999982 0.99999999299999997593 0.00000000099999999982 0.00000000099999999982 0.00000000099999999982 0.00000000099999999982 0.00000000099999999982 
0.00000000099999999969 0.00000000099999999969 0.00000000099999999969 0.00000000099999999969 0.00000000099999999969 0.00000000099999999969 0.99999999299999997593 0.00000000099999999969 
0.00000000099999999995 0.00000000099999999995 0.00000000099999999995 0.00000000099999999995 0.00000000099999999995 0.30590911809933413190 0.00000000099999999995 0.69409087590066576023 
0.00000000099999999987 0.99999999300000019797 0.00000000099999999987 0.00000000099999999987 0.00000000099999999987 0.00000000099999999987 0.00000000099999999987 0.00000000099999999987 
0.00000000099999999986 0.00000000099999999986 0.00000000099999999986 0.00000000099999999986 0.00000000099999999986 0.00000000099999999986 0.00000000099999999986 0.99999999299999997593 
0.00000000099999999997 0.56900769833460707048 0.00000000099999999997 0.00000000099999999997 0.15244366541479734134 0.00000000099999999997 0.27854863125059564632 0.00000000099999999997 
0.00000000099999999979 0.99999999300000019797 0.00000000099999999979 0.00000000099999999979 0.00000000099999999979 0.00000000099999999979 0.00000000099999999979 0.00000000099999999979 
0.00000000099999999988 0.43786574234997016619 0.00000000099999999988 0.00000000099999999988 0.00000000099999999988 0.00000000099999999988 0.56213425165002961492 0.00000000099999999988 
0.99999999300000019797 0.00000000099999999989 0.00000000099999999989 0.00000000099999999989 0.00000000099999999989 0.00000000099999999989 0.00000000099999999989 0.00000000099999999989 
0.00000000099999999981 0.99999999300000008695 0.00000000099999999981 0.00000000099999999981 0.00000000099999999981 0.00000000099999999981 0.00000000099999999981 0.00000000099999999981 
0.00000000099999999975 0.00000000099999999975 0.00000000099999999975 0.00000000099999999975 0.00000000099999999975 0.00000000099999999975 0.99999999299999986491 0.00000000099999999975 
0.26914693952201268479 0.06248575949921741923 0.01307556075469225830 0.04360246745495163084 0.04465510254316435584 0.19187182571071720316 0.04075908244949360409 0.33440326206575099466 
0.32582971134235111377 0.00000000099999999999 0.02105949010509210878 0.02567873953962944780 0.00000000099999999999 0.26314464242979512809 0.05515467872977068003 0.30913273585336153992 
0.35356569987621655482 0.00000000099999999999 0.00255171433580487312 0.00000000099999999999 0.08611222934999480938 0.00000000099999999999 0.00000000099999999999 0.55777035243798367414 
0.41994428230702074423 0.00000000099999999999 0.12342546486057293098 0.00000000099999999999 0.02745335698079672676 0.16020515686623890139 0.00000000099999999999 0.26897173598537071904 
0.13019003310910964855 0.08192124122215763138 0.51598756764761743998 0.00000000099999999999 0.03085032134148200933 0.20370842583562781547 0.00000000099999999999 0.03734240884400565758 
0.00000003393334554115 0.00000000099999999993 0.00000000099999999993 0.00000000099999999993 0.00000000099999999993 0.50004623241909962328 0.00000000099999999993 0.49995372864755488473 
0.99999999300000008695 0.00000000099999999991 0.00000000099999999991 0.00000000099999999991 0.00000000099999999991 0.00000000099999999991 0.00000000099999999991 0.00000000099999999991 
0.04811499986338290541 0.68428704126325079482 0.00000000099999999999 0.09022608281567810751 0.00000000099999999999 0.00000000099999999999 0.17737187205768828457 0.00000000099999999999 
0.16700358447699020781 0.00000000099999999998 0.00000000099999999998 0.08131413449976432339 0.00000000099999999998 0.41033650698128326662 0.00000000099999999998 0.34134577004196237082 
0.99999999300000008695 0.00000000099999999990 0.00000000099999999990 0.00000000099999999990 0.00000000099999999990 0.00000000099999999990 0.00000000099999999990 0.00000000099999999990 
0.26843941154088524215 0.00000000099999999998 0.05917866928618809724 0.00000000099999999998 0.00000000099999999998 0.43235247140442900626 0.00000000099999999998 0.24002944376849755237 
0.00000000099999999998 0.00000000099999999998 0.00000000099999999998 0.00000000099999999998 0.00000000099999999998 0.00000000099999999998 0.99999999299999986491 0.00000000099999999998 
0.99999999300000019797 0.00000000099999999983 0.00000000099999999983 0.00000000099999999983 0.00000000099999999983 0.00000000099999999983 0.00000000099999999983 0.00000000099999999983 
0.00001130343123436004 0.39984000476193382045 0.00000000099999999998 0.05651993811009500823 0.00000000099999999998 0.00000000099999999998 0.32986895716350267405 0.21375979353323401599 
0.59556379991664631923 0.35692547188643375389 0.00000000100000000000 0.03715296734494562964 0.01035745108065340599 0.00000000878112342835 0.00000000100000000000 0.00000029899019754897 
0.74809883713290870055 0.00000000099999999999 0.00000000099999999999 0.06080037059531596955 0.19110078727177537417 0.00000000099999999999 0.00000000099999999999 0.00000000099999999999 
0.00000000099999999980 0.99999999300000019797 0.00000000099999999980 0.00000000099999999980 0.00000000099999999980 0.00000000099999999980 0.00000000099999999980 0.00000000099999999980 
0.84695459035772491241 0.00000000099999999998 0.00000000099999999998 0.00000000099999999998 0.15304540364227511851 0.00000000099999999998 0.00000000099999999998 0.00000000099999999998 
0.99999999300000008695 0.00000000099999999998 0.00000000099999999998 0.00000000099999999998 0.00000000099999999998 0.00000000099999999998 0.00000000099999999998 0.00000000099999999998 
0.82637712014951991701 0.00000000099999999998 0.00000000099999999998 0.17362287385048022492 0.00000000099999999998 0.00000000099999999998 0.00000000099999999998 0.00000000099999999998 
0.00000000099999999988 0.00000000099999999988 0.00000000099999999988 0.00000000099999999988 0.00000000099999999988 0.00000000099999999988 0.00000000099999999988 0.99999999300000008695 
0.00000000099999999982 0.00000000099999999982 0.00000000099999999982 0.00000000099999999982 0.00000000099999999982 0.99999999300000008695 0.00000000099999999982 0.00000000099999999982 
0.99999999300000008695 0.00000000099999999988 0.00000000099999999988 0.00000000099999999988 0.00000000099999999988 0.00000000099999999988 0.00000000099999999988 0.00000000099999999988 
0.99999999300000008695 0.00000000099999999994 0.00000000099999999994 0.00000000099999999994 0.00000000099999999994 0.00000000099999999994 0.00000000099999999994 0.00000000099999999994 
0.30699325237034247316 0.00000000099999999999 0.10170262167739822778 0.03276230038742411477 0.00000000099999999999 0.32028876578777232265 0.00000000099999999999 0.23825305677706290486 
