0.99999999800000005656 0.00000000099999999997 0.00000000099999999997 
0.00000000099999999999 0.00000000099999999999 0.99999999799999994554 
0.00000001167503599101 0.99999998732496397924 0.00000000099999999999 
0.00054739855498435041 0.13125735533919297149 0.86819524610582277102 
0.00610107748513098649 0.99389892151486902705 0.00000000100000000000 
0.99999999799999994554 0.00000000099999999996 0.00000000099999999996 
0.99999999799999994554 0.00000000099999999995 0.00000000099999999995 
0.00000000099999999998 0.99999999799999994554 0.00000000099999999998 
0.00000000185256958192 0.99999999699542319043 0.00000000115200736062 
0.00000000119706968033 0.99999999780293025164 0.00000000099999999999 
0.00000000099999999999 0.99999999800000005656 0.00000000099999999999 
0.00000000200282357198 0.99999999699717645463 0.00000000100000000000 
0.05759032783802514599 0.93195181534565652015 0.01045785681631830437 
0.00000000099999999998 0.00000000099999999998 0.99999999800000005656 
0.00000922865095788510 0.09924624321842784314 0.90074452813061423040 
0.00000000099999999994 0.00000000099999999994 0.99999999799999994554 
0.99999999800000005656 0.00000000099999999998 0.00000000099999999998 
0.00000000099999999999 0.96553812694661866889 0.03446187205338140103 
0.00000000099999999996 0.00000000099999999996 0.99999999800000005656 
0.40343213951549333762 0.59656785948450652413 0.00000000099999999999 
0.00000000099999999994 0.00000000099999999994 0.99999999800000005656 
0.14503365370265805523 0.85496634529734194530 0.00000000099999999999 
0.03952958772627867406 0.89605677851216769536 0.06441363376155358200 
0.00000000099999999999 0.99999358713904906715 0.00000641186095095991 
0.17089654321487449118 0.82910345578512556486 0.00000000099999999999 
0.02151719369266584178 0.97277088809929801450 0.00571191820803621485 
0.00000000099999999999 0.99999999756863300338 0.00000000143136701118 
0.08368439756787870998 0.89587042363237290310 0.02044517879974843896 
0.16514549835564143465 0.83482918790239957207 0.00002531374195904981 
0.19104864372206928347 0.79612991838095070740 0.01282143789697987729 
0.19914648968628492764 0.80085350931371501737 0.00000000099999999999 
0.17589206271932356085 0.82410793628067646743 0.00000000100000000000 
0.00000000099999999999 0.95785836642822597131 0.04214163257177417493 
0.01242695497990261959 0.98757304402009737920 0.00000000099999999999 
0.02452797472079291247 0.97533971698590504751 0.00013230829330207087 
0.06144389025187173975 0.90655195482986949962 0.03200415491825871900 
0.00000000232073484038 0.99999999667926509073 0.00000000099999999999 
0.00025502862197492374 0.99974497037802501076 0.00000000100000000000 
0.02812775262687393363 0.97187224637312596975 0.00000000099999999999 
0.99999999800000005656 0.00000000099999999996 0.00000000099999999996 
0.99999999799999994554 0.00000000099999999995 0.00000000099999999995 
0.00000000099999999993 0.00000000099999999993 0.99999999799999994554 
0.00000000099999999998 0.00000000099999999998 0.99999999799999994554 
0.00000000099999999989 0.00000000099999999989 0.99999999799999994554 
0.00000000099999999995 0.00000000099999999995 0.99999999799999994554 
0.00000000099999999990 0.00000000099999999990 0.99999999800000005656 
0.00000000099999999991 0.00000000099999999991 0.99999999800000005656 
0.96446991441670482104 0.03553008458329513092 0.00000000099999999999 
0.20484439962261713486 0.79515559937738278240 0.00000000099999999998 
0.00000000099999999998 0.99999999800000005656 0.00000000099999999998 
0.00000000099999999997 0.99999999799999994554 0.00000000099999999997 
0.19915005550426848058 0.80084994349573146444 0.00000000099999999999 
0.00000000099999999998 0.99999999800000005656 0.00000000099999999998 
0.00000000099999999999 0.99999999800000005656 0.00000000099999999999 
0.99999999800000005656 0.00000000099999999995 0.00000000099999999995 
0.01532094412329281993 0.96781825326362014295 0.01686080261308718631 
0.06332720556479043417 0.91264011232730668510 0.02403268210790287032 
0.00000000099999999995 0.00000000099999999995 0.99999999799999994554 
0.99999999800000005656 0.00000000099999999998 0.00000000099999999998 
0.00000000099999999994 0.00000000099999999994 0.99999999800000005656 
0.50211670015950193857 0.49788329884049797869 0.00000000099999999999 
0.00000000099999999995 0.00000000099999999995 0.99999999799999994554 
0.99999999799999994554 0.00000000099999999994 0.00000000099999999994 
0.00000003035449804548 0.99999536396358978951 0.00000460568191212141 
0.99999999800000005656 0.00000000099999999997 0.00000000099999999997 
0.00000000099999999998 0.99999999800000005656 0.00000000099999999998 
0.88571920990747188274 0.11428078909252804840 0.00000000099999999999 
0.99999999800000005656 0.00000000099999999994 0.00000000099999999994 
0.99999999799999994554 0.00000000099999999995 0.00000000099999999995 
0.00043231883919542095 0.99956768016080443928 0.00000000099999999999 
0.99999999799999994554 0.00000000099999999995 0.00000000099999999995 
0.99999999799999994554 0.00000000099999999995 0.00000000099999999995 
0.11427142813712193314 0.87039463909898795446 0.01533393276389018005 
0.06159605667701117948 0.90572250404872522989 0.03268143927426360451 
0.00455041303258068089 0.96300067527593169459 0.03244891169148765575 
0.00000018185673368338 0.86576649143062434089 0.13423332671264207039 
0.06803753103582953210 0.41071155480927118431 0.52125091415489943625 
0.00000000313746818125 0.99999999586253185413 0.00000000099999999998 
0.02869199451708552909 0.97130800448291454430 0.00000000099999999999 
0.86260393384162803443 0.12896643372314844922 0.00842963243522364125 
0.00298639775423196942 0.99701360124576809962 0.00000000099999999999 
0.00000000099999999998 0.99999999800000005656 0.00000000099999999998 
0.00000000359234611578 0.93620858490410929775 0.06379141150354465661 
0.99979454169627701710 0.00020545730372293800 0.00000000100000000000 
0.00000000099999999998 0.99999999799999994554 0.00000000099999999998 
0.72862867842722889300 0.27137132057277107977 0.00000000099999999999 
0.30780282486056120828 0.68969524991914354928 0.00250192522029534740 
0.03148650189417833561 0.96836498396072467898 0.00014851414509699606 
0.99999999800000005656 0.00000000099999999995 0.00000000099999999995 
0.03665414766869225932 0.96334585133130767876 0.00000000100000000000 
0.00000087097210769681 0.95763894258427983974 0.04236018644361252972 
0.02823573054299228016 0.97176426845700780710 0.00000000099999999999 
0.00000000155236855993 0.99121319209727598576 0.00878680635035546456 
0.00000000099999999999 0.99818942684282607747 0.00181057215717392870 
0.00000000099999999998 0.99999999800000005656 0.00000000099999999998 
0.00000651214101211169 0.99998428612207956867 0.00000920173690836463 
0.00000001085785086143 0.88961144007809833667 0.11038854906405089207 
