0.00000000099999999994 0.99999999500000014141 0.00000000099999999994 0.00000000099999999994 0.00000000099999999994 0.00000000099999999994 
0.00000000099999999995 0.00000000099999999995 0.99999999499999991937 0.00000000099999999995 0.00000000099999999995 0.00000000099999999995 
0.99999999500000014141 0.00000000099999999998 0.00000000099999999998 0.00000000099999999998 0.00000000099999999998 0.00000000099999999998 
0.12871259732495343719 0.00000000100000000000 0.86854099554451147380 0.00000000100000000000 0.00274640413053517862 0.00000000100000000000 
0.89385191453950607610 0.00000049141217316143 0.00000000099999999999 0.00000000099999999999 0.00000000099999999999 0.10614759104832090231 
0.00000000099999999992 0.99999999500000014141 0.00000000099999999992 0.00000000099999999992 0.00000000099999999992 0.00000000099999999992 
0.00000000099999999990 0.99999999500000014141 0.00000000099999999990 0.00000000099999999990 0.00000000099999999990 0.00000000099999999990 
0.92886803854767496791 0.00000000099999999997 0.00000000099999999997 0.07112767085286589297 0.00000000099999999997 0.00000428759945912422 
0.97696169544112931860 0.00000000099999999999 0.00000000099999999999 0.02291009489746853936 0.00000000099999999999 0.00012820666140225316 
0.89630482509857400952 0.00000000099999999998 0.00000000099999999998 0.00000000099999999998 0.00000000099999999998 0.10369517090142618687 
0.93131999209820104380 0.00000000099999999998 0.00000000099999999998 0.06868000390179909709 0.00000000099999999998 0.00000000099999999998 
0.96771028859010832512 0.00000000099999999998 0.00000000099999999998 0.03228970740989159371 0.00000000099999999998 0.00000000099999999998 
0.82650041158669096397 0.01443797756634372480 0.02396013366300734498 0.05717226590058299002 0.06466796551303048701 0.01326124577034457595 
0.00000000099999999995 0.00000000099999999995 0.99999999500000003039 0.00000000099999999995 0.00000000099999999995 0.00000000099999999995 
0.04184732913964123863 0.00000000100000000000 0.89903028672639384578 0.05912227027145365577 0.00000000784890186595 0.00000010501360931772 
0.00000000099999999984 0.00000000099999999984 0.99999999500000003039 0.00000000099999999984 0.00000000099999999984 0.00000000099999999984 
0.00000000099999999995 0.99999999500000014141 0.00000000099999999995 0.00000000099999999995 0.00000000099999999995 0.00000000099999999995 
0.89425341504359379119 0.00000000099999999997 0.02663646825100796783 0.00000000099999999997 0.00000000099999999997 0.07911011370539833276 
0.00000000099999999990 0.00000000099999999990 0.99999999499999991937 0.00000000099999999990 0.00000000099999999990 0.00000000099999999990 
0.00000000099999999960 0.00000000099999999960 0.00000000099999999960 0.00000000099999999960 0.99999999500000003039 0.00000000099999999960 
0.00000000099999999986 0.00000000099999999986 0.99999999499999991937 0.00000000099999999986 0.00000000099999999986 0.00000000099999999986 
0.00000000099999999985 0.00000000099999999985 0.00000000099999999985 0.99999999499999991937 0.00000000099999999985 0.00000000099999999985 
0.73326450308275925583 0.00000000516700642489 0.06085677194193944706 0.17628090223523631974 0.02959781657305843305 0.00000000100000000000 
0.89401874493253041809 0.00000000099999999999 0.00000000099999999999 0.06572636896231827397 0.04025488310515136503 0.00000000099999999999 
0.00000000099999999979 0.00000000099999999979 0.00000000099999999979 0.99999999499999991937 0.00000000099999999979 0.00000000099999999979 
0.90173504526934356029 0.00000000099999999999 0.00000000099999999999 0.00000000099999999999 0.04969896011207982495 0.04856599161857665103 
0.99999999500000003039 0.00000000099999999997 0.00000000099999999997 0.00000000099999999997 0.00000000099999999997 0.00000000099999999997 
0.00000000099999999986 0.00000000099999999986 0.00000000099999999986 0.00000000099999999986 0.00000000099999999986 0.99999999500000003039 
0.00000000099999999972 0.00000000099999999972 0.00000000099999999972 0.00000000099999999972 0.00000000099999999972 0.99999999500000003039 
0.00000000099999999982 0.00000000099999999982 0.00000000099999999982 0.99999999500000003039 0.00000000099999999982 0.00000000099999999982 
0.00000000099999999980 0.00000000099999999980 0.00000000099999999980 0.99999999499999991937 0.00000000099999999980 0.00000000099999999980 
0.00000000099999999991 0.00000000099999999991 0.00000000099999999991 0.47626258054418602050 0.00000000099999999991 0.52373741545581387058 
0.90869378172740111754 0.00000000099999999997 0.03713894962287719870 0.00000000099999999997 0.00000000099999999997 0.05416726564972182412 
0.99147720545399453673 0.00852279054600542200 0.00000000099999999997 0.00000000099999999997 0.00000000099999999997 0.00000000099999999997 
0.94668190663759232972 0.02528823889611676173 0.00000000099999999999 0.00000000099999999999 0.00000000099999999999 0.02802985146629106972 
0.81607184218626693806 0.04665649076654991567 0.02880351953844425758 0.10846360569260084239 0.00000000100000000000 0.00000454081613809572 
0.96637074399774891553 0.00000000099999999998 0.00000000099999999998 0.00000000099999999998 0.00000000099999999998 0.03362925200225118372 
0.91516079995863675034 0.00000000099999999998 0.00000000099999999998 0.00000000099999999998 0.00000000099999999998 0.08483919604136341830 
0.89447219001521738324 0.01479238003664375134 0.00000000099999999999 0.07217835050923929185 0.01855707743889969952 0.00000000099999999999 
0.00000000099999999992 0.99999999500000003039 0.00000000099999999992 0.00000000099999999992 0.00000000099999999992 0.00000000099999999992 
0.00000000099999999989 0.99999999500000014141 0.00000000099999999989 0.00000000099999999989 0.00000000099999999989 0.00000000099999999989 
0.00000000099999999983 0.00000000099999999983 0.99999999499999991937 0.00000000099999999983 0.00000000099999999983 0.00000000099999999983 
0.00000000099999999994 0.00000000099999999994 0.99999999499999991937 0.00000000099999999994 0.00000000099999999994 0.00000000099999999994 
0.00000000099999999972 0.00000000099999999972 0.99999999500000003039 0.00000000099999999972 0.00000000099999999972 0.00000000099999999972 
0.00000000099999999988 0.00000000099999999988 0.99999999499999991937 0.00000000099999999988 0.00000000099999999988 0.00000000099999999988 
0.00000000099999999973 0.00000000099999999973 0.99999999500000003039 0.00000000099999999973 0.00000000099999999973 0.00000000099999999973 
0.00000000099999999977 0.00000000099999999977 0.99999999500000003039 0.00000000099999999977 0.00000000099999999977 0.00000000099999999977 
0.04209732634455672778 0.95790266965544346167 0.00000000099999999997 0.00000000099999999997 0.00000000099999999997 0.00000000099999999997 
0.00000000099999999963 0.00000000099999999963 0.00000000099999999963 0.00000000099999999963 0.00000000099999999963 0.99999999500000003039 
0.99999999500000003039 0.00000000099999999996 0.00000000099999999996 0.00000000099999999996 0.00000000099999999996 0.00000000099999999996 
0.95168620806798120970 0.00000000099999999995 0.00000000099999999995 0.00000000099999999995 0.00000000099999999995 0.04831378793201885485 
0.00000000099999999973 0.00000000099999999973 0.00000000099999999973 0.99999999500000003039 0.00000000099999999973 0.00000000099999999973 
0.94114563146650354053 0.00000000099999999996 0.00000000099999999996 0.05885436453349641300 0.00000000099999999996 0.00000000099999999996 
0.96586299683125564908 0.00000000099999999996 0.00000000099999999996 0.03413699916874449874 0.00000000099999999996 0.00000000099999999996 
0.00000000099999999990 0.99999999500000014141 0.00000000099999999990 0.00000000099999999990 0.00000000099999999990 0.00000000099999999990 
0.86485352907023715918 0.00000000099999999999 0.01079271403273811963 0.08017227511755087299 0.04418147977947395333 0.00000000099999999999 
0.82301254038122340084 0.05503865191823269915 0.02353299508782755525 0.00000000100000000000 0.00000000575493136276 0.09841580585778507417 
0.00000000099999999988 0.00000000099999999988 0.99999999500000003039 0.00000000099999999988 0.00000000099999999988 0.00000000099999999988 
0.00000000099999999997 0.95198181489625466334 0.00000000099999999997 0.00000000099999999997 0.04801818110374547061 0.00000000099999999997 
0.00000000099999999985 0.00000000099999999985 0.99999999499999991937 0.00000000099999999985 0.00000000099999999985 0.00000000099999999985 
0.00000000099999999959 0.00000000099999999959 0.00000000099999999959 0.00000000099999999959 0.99999999500000003039 0.00000000099999999959 
0.00000000099999999986 0.00000000099999999986 0.99999999500000003039 0.00000000099999999986 0.00000000099999999986 0.00000000099999999986 
0.00000000099999999987 0.99999999500000003039 0.00000000099999999987 0.00000000099999999987 0.00000000099999999987 0.00000000099999999987 
0.95774075316827722570 0.00000000099999999998 0.00000000099999999998 0.04225924283172272783 0.00000000099999999998 0.00000000099999999998 
0.00000000099999999994 0.99999999500000014141 0.00000000099999999994 0.00000000099999999994 0.00000000099999999994 0.00000000099999999994 
0.92211702371737647166 0.00000000099999999996 0.00000000099999999996 0.07788297228262355820 0.00000000099999999996 0.00000000099999999996 
0.00000000099999999998 0.78898320143115974190 0.00000000099999999998 0.12224278269407246045 0.08872853901217649109 0.00004547486259144630 
0.00000000099999999989 0.99999999500000014141 0.00000000099999999989 0.00000000099999999989 0.00000000099999999989 0.00000000099999999989 
0.00000000099999999990 0.99999999500000014141 0.00000000099999999990 0.00000000099999999990 0.00000000099999999990 0.00000000099999999990 
0.95592558341708877556 0.00002360114433577114 0.00000000099999999998 0.04404820634893091835 0.00000260708964459391 0.00000000099999999998 
0.00000000099999999990 0.99999999500000014141 0.00000000099999999990 0.00000000099999999990 0.00000000099999999990 0.00000000099999999990 
0.00000000099999999991 0.99999999500000014141 0.00000000099999999991 0.00000000099999999991 0.00000000099999999991 0.00000000099999999991 
0.72364447535158449298 0.07113255652380442995 0.01897583487055821971 0.08273342486331712597 0.06210576321441498016 0.04140794517632069571 
0.85877431638956214233 0.04720312223806655966 0.02616446764739795150 0.00000000100000000000 0.01853111065030935145 0.04932698207466396090 
0.83860900297649099144 0.00000000100000000000 0.02297335289069228625 0.00000001938540038256 0.03430726080880025508 0.10411036293861598845 
0.81892114407144156463 0.00000000100000000000 0.12692606543305565148 0.00000000100000000000 0.02428769836046553929 0.02986509013503731852 
0.36646493220582576633 0.05584866585610068213 0.51767182363603903017 0.00000000100000000000 0.01840877344912370678 0.04160580385291071798 
0.97082274351225716913 0.00000000099999999996 0.00000000099999999996 0.00000000099999999996 0.02917725248774303073 0.00000000099999999996 
0.88807479967733327086 0.00222622079890832849 0.00000000099999999998 0.00000000099999999998 0.02194084338740652854 0.08775813413635195903 
0.00000000099999999999 0.78188753447573111632 0.00000000099999999999 0.00000000099999999999 0.14852048926937905238 0.06959197325489001329 
0.88585823393465779052 0.00000000099999999998 0.00000000099999999998 0.11414176206534232261 0.00000000099999999998 0.00000000099999999998 
0.92941599271452213227 0.00000000099999999997 0.00000000099999999997 0.05609775227256012797 0.00000000099999999997 0.01448625201291777777 
0.94416334181296135419 0.00000000099999999999 0.05583665418703862016 0.00000000099999999999 0.00000000099999999999 0.00000000099999999999 
0.00000000099999999999 0.99877122254580308347 0.00000000099999999999 0.00000000099999999999 0.00122877345419707021 0.00000000099999999999 
0.95147373041707761221 0.00000000099999999997 0.00000000099999999997 0.04852626558292244541 0.00000000099999999997 0.00000000099999999997 
0.21713613380758836624 0.71829231359387724076 0.00000000099999999997 0.06457154959853447784 0.00000000099999999997 0.00000000099999999997 
0.41749735523493730627 0.16342741915300817990 0.00000000100000000000 0.00085852665400812606 0.20202092644814212408 0.21619577150990426651 
0.55617060622147340698 0.00000000100000000000 0.00000000100000000000 0.37717293776250776505 0.06665645301601891282 0.00000000100000000000 
0.00000000099999999990 0.99999999500000003039 0.00000000099999999990 0.00000000099999999990 0.00000000099999999990 0.00000000099999999990 
0.74797410132115071946 0.00000000099999999999 0.00000000099999999999 0.00000000099999999999 0.00000000099999999999 0.25202589467884944918 
0.89880252752352784995 0.00000000100000000000 0.02768302301711701718 0.03806617568362426207 0.03544827177573088572 0.00000000100000000000 
0.72254184162672063785 0.00000000099999999999 0.00000000099999999999 0.20098605156039073272 0.07647210381288875591 0.00000000099999999999 
0.93612871455126300813 0.00000000099999999999 0.00782846141179907931 0.00000000099999999999 0.00000000099999999999 0.05604282103693803557 
0.99999999500000003039 0.00000000099999999996 0.00000000099999999996 0.00000000099999999996 0.00000000099999999996 0.00000000099999999996 
0.93653571132419566325 0.00000000099999999997 0.00000000099999999997 0.00000000099999999997 0.00000000099999999997 0.06346428467580440824 
0.97119121345501358000 0.00000000099999999999 0.00000000099999999999 0.00000000099999999999 0.02880878254498645333 0.00000000099999999999 
0.76950905418086912313 0.00000000099999999999 0.10513072647883378585 0.08626448885561495417 0.03909572848468220729 0.00000000099999999999 
