0.00000000099999999995 0.99999999500000014141 0.00000000099999999995 0.00000000099999999995 0.00000000099999999995 0.00000000099999999995 
0.00000000099999999996 0.00000000099999999996 0.99999999499999991937 0.00000000099999999996 0.00000000099999999996 0.00000000099999999996 
0.00000000099999999995 0.00000000099999999995 0.00000000099999999995 0.00000000099999999995 0.00000000099999999995 0.99999999499999991937 
0.00000000099999999999 0.00000000099999999999 0.86268167074451196363 0.00000000099999999999 0.00000000099999999999 0.13731832525548820501 
0.51282569043986836466 0.00000000099999999999 0.00000000099999999999 0.00000000099999999999 0.07155175792453365158 0.41562254863559794371 
0.00000000099999999992 0.99999999500000014141 0.00000000099999999992 0.00000000099999999992 0.00000000099999999992 0.00000000099999999992 
0.00000000099999999989 0.99999999500000014141 0.00000000099999999989 0.00000000099999999989 0.00000000099999999989 0.00000000099999999989 
0.99999999500000003039 0.00000000099999999987 0.00000000099999999987 0.00000000099999999987 0.00000000099999999987 0.00000000099999999987 
0.39375730487870713725 0.00000000099999999998 0.00000000099999999998 0.00000000099999999998 0.00000000099999999998 0.60624269112129280934 
0.37391499502867803217 0.00000000099999999998 0.00000000099999999998 0.00000000099999999998 0.03342928147814045597 0.59265572049318138159 
0.00000000099999999996 0.00000000099999999996 0.00000000099999999996 0.00000000099999999996 0.00000000099999999996 0.99999999500000003039 
0.00000000099999999996 0.00000000099999999996 0.00000000099999999996 0.00000000099999999996 0.00000000099999999996 0.99999999500000003039 
0.43161881042464655955 0.01647831108423273086 0.00361816984903885362 0.05172882850939786864 0.02753448930946950438 0.46902139082321447905 
0.00000000099999999995 0.00000000099999999995 0.99999999500000003039 0.00000000099999999995 0.00000000099999999995 0.00000000099999999995 
0.08095762539504378075 0.00000000099999999999 0.89916660967879813438 0.00000000099999999999 0.01987576192615823911 0.00000000099999999999 
0.00000000099999999984 0.00000000099999999984 0.99999999500000003039 0.00000000099999999984 0.00000000099999999984 0.00000000099999999984 
0.00000000099999999995 0.99999999500000003039 0.00000000099999999995 0.00000000099999999995 0.00000000099999999995 0.00000000099999999995 
0.99999999500000014141 0.00000000099999999990 0.00000000099999999990 0.00000000099999999990 0.00000000099999999990 0.00000000099999999990 
0.00000000099999999991 0.00000000099999999991 0.99999999500000003039 0.00000000099999999991 0.00000000099999999991 0.00000000099999999991 
0.00000000099999999961 0.00000000099999999961 0.00000000099999999961 0.99999999499999991937 0.00000000099999999961 0.00000000099999999961 
0.00000000099999999986 0.00000000099999999986 0.99999999500000003039 0.00000000099999999986 0.00000000099999999986 0.00000000099999999986 
0.00000000099999999990 0.00000000099999999990 0.00000000099999999990 0.00000000099999999990 0.99999999500000003039 0.00000000099999999990 
0.12332992387536774459 0.00207157641031023533 0.06207840183905041775 0.02937256389871163026 0.11602346999002717542 0.66712406398653267825 
0.00000000099999999998 0.00000000099999999998 0.00000000099999999998 0.04116463135998575662 0.03905475977953395267 0.91978060586048027147 
0.00000000099999999985 0.00000000099999999985 0.00000000099999999985 0.00000000099999999985 0.99999999500000003039 0.00000000099999999985 
0.00000000099999999998 0.00000000099999999998 0.00000000099999999998 0.04914777825297287489 0.00000000099999999998 0.95085221774702721742 
0.00000000099999999995 0.00000000099999999995 0.00000000099999999995 0.00000000099999999995 0.00000000099999999995 0.99999999500000003039 
0.23544363331497597525 0.00000000099999999999 0.00000000368485180705 0.00000000099999999999 0.50012973752751954670 0.26442662347265272205 
0.00000000099999999986 0.00000000099999999986 0.00000000099999999986 0.00000000099999999986 0.99999999499999991937 0.00000000099999999986 
0.00000000099999999988 0.00000000099999999988 0.00000000099999999988 0.00000000099999999988 0.99999999500000003039 0.00000000099999999988 
0.00000000099999999986 0.00000000099999999986 0.00000000099999999986 0.00000000099999999986 0.99999999500000003039 0.00000000099999999986 
0.00000000099999999989 0.00000000099999999989 0.00000000099999999989 0.00000000099999999989 0.99999999499999991937 0.00000000099999999989 
0.39690264917922651877 0.00000000099999999997 0.03580172629699259618 0.00000000099999999997 0.00000000099999999997 0.56729562152378076867 
0.34024402290513200420 0.00458494805540556830 0.00000000099999999997 0.00000000099999999997 0.00000000099999999997 0.65517102603946220096 
0.00000000099999999996 0.00000000099999999996 0.00000000099999999996 0.00000000099999999996 0.00000000099999999996 0.99999999500000003039 
0.00000000881094874838 0.01891908668707877397 0.01682205010626638964 0.00000000100000000000 0.10004118260382609262 0.86421767079187994387 
0.00000000099999999996 0.00000000099999999996 0.00000000099999999996 0.00000000099999999996 0.00000000099999999996 0.99999999499999991937 
0.99999999500000014141 0.00000000099999999993 0.00000000099999999993 0.00000000099999999993 0.00000000099999999993 0.00000000099999999993 
0.40191729132662235013 0.01564738969551555253 0.00000000099999999999 0.02594219479767428602 0.01107121603834280120 0.54542190714184490830 
0.00000000099999999992 0.99999999500000003039 0.00000000099999999992 0.00000000099999999992 0.00000000099999999992 0.00000000099999999992 
0.00000000099999999989 0.99999999500000003039 0.00000000099999999989 0.00000000099999999989 0.00000000099999999989 0.00000000099999999989 
0.00000000099999999981 0.00000000099999999981 0.99999999499999991937 0.00000000099999999981 0.00000000099999999981 0.00000000099999999981 
0.00000000099999999995 0.00000000099999999995 0.99999999500000003039 0.00000000099999999995 0.00000000099999999995 0.00000000099999999995 
0.00000000099999999972 0.00000000099999999972 0.99999999499999991937 0.00000000099999999972 0.00000000099999999972 0.00000000099999999972 
0.00000000099999999988 0.00000000099999999988 0.99999999500000003039 0.00000000099999999988 0.00000000099999999988 0.00000000099999999988 
0.00000000099999999973 0.00000000099999999973 0.99999999500000003039 0.00000000099999999973 0.00000000099999999973 0.00000000099999999973 
0.00000000099999999978 0.00000000099999999978 0.99999999499999991937 0.00000000099999999978 0.00000000099999999978 0.00000000099999999978 
0.05081957316547715958 0.94918042283452286334 0.00000000099999999997 0.00000000099999999997 0.00000000099999999997 0.00000000099999999997 
0.00000000099999999979 0.00000000099999999979 0.00000000099999999979 0.00000000099999999979 0.99999999499999991937 0.00000000099999999979 
0.99999999500000003039 0.00000000099999999989 0.00000000099999999989 0.00000000099999999989 0.00000000099999999989 0.00000000099999999989 
0.99999999500000014141 0.00000000099999999986 0.00000000099999999986 0.00000000099999999986 0.00000000099999999986 0.00000000099999999986 
0.00000000099999999983 0.00000000099999999983 0.00000000099999999983 0.00000000099999999983 0.99999999500000003039 0.00000000099999999983 
0.00000000099999999994 0.00000000099999999994 0.00000000099999999994 0.00000000099999999994 0.00000000099999999994 0.99999999500000003039 
0.00000000099999999994 0.00000000099999999994 0.00000000099999999994 0.00000000099999999994 0.00000000099999999994 0.99999999500000003039 
0.00000000099999999989 0.99999999500000003039 0.00000000099999999989 0.00000000099999999989 0.00000000099999999989 0.00000000099999999989 
0.30019848062124404597 0.00000000100000000000 0.01441639935985497382 0.04684223177840024510 0.04825453181371403000 0.59028835542678659287 
0.31632269000208068643 0.05343491204562901553 0.02407952768329693280 0.00000132668647728506 0.07935761972883390025 0.52680392385368224328 
0.00000000099999999988 0.00000000099999999988 0.99999999500000003039 0.00000000099999999988 0.00000000099999999988 0.00000000099999999988 
0.00000000099999999996 0.94886529342599845727 0.00000000099999999996 0.05113470257400162811 0.00000000099999999996 0.00000000099999999996 
0.00000000099999999985 0.00000000099999999985 0.99999999499999991937 0.00000000099999999985 0.00000000099999999985 0.00000000099999999985 
0.00000000099999999960 0.00000000099999999960 0.00000000099999999960 0.99999999499999991937 0.00000000099999999960 0.00000000099999999960 
0.00000000099999999986 0.00000000099999999986 0.99999999500000003039 0.00000000099999999986 0.00000000099999999986 0.00000000099999999986 
0.00000000099999999988 0.99999999500000014141 0.00000000099999999988 0.00000000099999999988 0.00000000099999999988 0.00000000099999999988 
0.99999999500000003039 0.00000000099999999993 0.00000000099999999993 0.00000000099999999993 0.00000000099999999993 0.00000000099999999993 
0.00000000099999999994 0.99999999500000014141 0.00000000099999999994 0.00000000099999999994 0.00000000099999999994 0.00000000099999999994 
0.00000000099999999995 0.00000000099999999995 0.00000000099999999995 0.00000000099999999995 0.00000000099999999995 0.99999999499999991937 
0.00000000099999999998 0.78462333307361120660 0.00000000099999999998 0.08480254122122149463 0.13057412270516727260 0.00000000099999999998 
0.00000000099999999988 0.99999999500000003039 0.00000000099999999988 0.00000000099999999988 0.00000000099999999988 0.00000000099999999988 
0.00000000099999999990 0.99999999500000014141 0.00000000099999999990 0.00000000099999999990 0.00000000099999999990 0.00000000099999999990 
0.00000004041256054621 0.00000000099999999997 0.00000000099999999997 0.00000000099999999997 0.00000000099999999997 0.99999995558743948187 
0.00000000099999999990 0.99999999500000014141 0.00000000099999999990 0.00000000099999999990 0.00000000099999999990 0.00000000099999999990 
0.00000000099999999991 0.99999999500000014141 0.00000000099999999991 0.00000000099999999991 0.00000000099999999991 0.00000000099999999991 
0.36942720768069686743 0.06757736227732689949 0.01728485120076319465 0.06659884048089965980 0.09697827752118398648 0.38213346083912946849 
0.39086584767571336263 0.04875129238830615969 0.02199816206821136183 0.02726850896509689162 0.00019672800943429435 0.51091946089323780900 
0.38126269829682324364 0.00000000100000000000 0.01672877446443035709 0.03931427649950564041 0.06256162165829731725 0.50013262808094327561 
0.35244794586866368125 0.00000000100000000000 0.12384628642800186993 0.02445714671442636781 0.00000000100000000000 0.49924861898890798839 
0.00000015805715042938 0.06049972681473930053 0.52422273807726604833 0.01691167886671128204 0.00000000100000000000 0.39836569718413294972 
0.00000000099999999994 0.00000000099999999994 0.00000000099999999994 0.00000000099999999994 0.00000000099999999994 0.99999999499999991937 
0.00000000099999999997 0.00000000099999999997 0.00000000099999999997 0.02345142746202348930 0.00000000099999999997 0.97654856853797655791 
0.00000000099999999999 0.78260849209986282915 0.00000000099999999999 0.15015814135967425758 0.06723336354046278995 0.00000000099999999999 
0.21388518461284311556 0.00000000099999999999 0.00000000099999999999 0.00000000099999999999 0.06764593620566500265 0.71846887618149191113 
0.30562847289775180171 0.00000000099999999997 0.00000000099999999997 0.00000000099999999997 0.02509809150477103692 0.66927343259747695825 
0.21698416845432325073 0.00000000099999999999 0.05375467870019967620 0.00000000099999999999 0.00000000099999999999 0.72926114984547707465 
0.00000005337675101791 0.99999090268920509672 0.00000000099999999999 0.00000904093404395313 0.00000000099999999999 0.00000000099999999999 
0.99999999500000014141 0.00000000099999999987 0.00000000099999999987 0.00000000099999999987 0.00000000099999999987 0.00000000099999999987 
0.25679776293404732446 0.74300200213023770424 0.00000000099999999997 0.00000000099999999997 0.00020023193571487829 0.00000000099999999997 
0.00000061347664146546 0.17354219756699984512 0.00000000100000000000 0.17649151957300554527 0.07785991283971581411 0.57210575554363740647 
0.00000000100000000000 0.00000000100000000000 0.00000000100000000000 0.00987623040518089551 0.29138542445305487538 0.69873834214176433477 
0.00000000099999999990 0.99999999500000014141 0.00000000099999999990 0.00000000099999999990 0.00000000099999999990 0.00000000099999999990 
0.04621001368545017002 0.00000193096459267864 0.00000000099999999999 0.00000000099999999999 0.10688801773954911822 0.84690003561040794189 
0.00000000099999999999 0.00000000099999999999 0.00000000099999999999 0.00000000099999999999 0.00000000099999999999 0.99999999499999991937 
0.36786874304888883547 0.00000000099999999999 0.00000000099999999999 0.07962110683514345144 0.15036543582201525315 0.40214471229395254426 
0.46195608203178017970 0.00000000099999999999 0.00001922168799833635 0.00000000099999999999 0.00000000099999999999 0.53802469328022139994 
0.00000000099999999993 0.00000000099999999993 0.00000000099999999993 0.00000000099999999993 0.00000000099999999993 0.99999999500000003039 
0.44344327602213162720 0.00000000099999999997 0.00000000099999999997 0.00000000099999999997 0.00000000099999999997 0.55655671997786826388 
0.45645649104667912477 0.00000000099999999998 0.00000000099999999998 0.03809285350354953137 0.00000000099999999998 0.50545065244977138708 
0.80140958661711592104 0.00000000100000000000 0.11734867272244298153 0.04343259077341046770 0.03780914788703060303 0.00000000100000000000 
