0.00000000099999999994 0.00000000099999999994 0.00000000099999999994 0.00000000099999999994 0.99999999500000003039 0.00000000099999999994 
0.00000000099999999997 0.57769028667567279278 0.00000000099999999997 0.00000000099999999997 0.00000000099999999997 0.42230970932432726483 
0.00000000099999999996 0.00000000099999999996 0.70295775368096480307 0.29704224231903519904 0.00000000099999999996 0.00000000099999999996 
0.00000000099999999998 0.99999999500000003039 0.00000000099999999998 0.00000000099999999998 0.00000000099999999998 0.00000000099999999998 
0.07297422851011418909 0.00000000099999999999 0.33229796939101013953 0.59472779909887563132 0.00000000099999999999 0.00000000099999999999 
0.00000000099999999991 0.00000000099999999991 0.00000000099999999991 0.00000000099999999991 0.99999999499999991937 0.00000000099999999991 
0.00000000099999999988 0.00000000099999999988 0.00000000099999999988 0.00000000099999999988 0.99999999499999991937 0.00000000099999999988 
0.00000000099999999987 0.00000000099999999987 0.00000000099999999987 0.99999999500000003039 0.00000000099999999987 0.00000000099999999987 
0.00000000099999999997 0.00000000099999999997 0.70573776932766496550 0.29426222667233492558 0.00000000099999999997 0.00000000099999999997 
0.03561656607163017629 0.00000000099999999997 0.56244017117285860508 0.40194325975551120633 0.00000000099999999997 0.00000000099999999997 
0.00000000099999999993 0.00000000099999999993 0.99999999499999991937 0.00000000099999999993 0.00000000099999999993 0.00000000099999999993 
0.00000000099999999995 0.00000000099999999995 0.99999999499999991937 0.00000000099999999995 0.00000000099999999995 0.00000000099999999995 
0.00868269253773929980 0.00000000100000000000 0.97874841165949311161 0.00000006346019709748 0.00715096856791778545 0.00541786277465268386 
0.00000000099999999995 0.33312083285052201953 0.00000000099999999995 0.00000000099999999995 0.00000000099999999995 0.66687916314947781604 
0.00002554336060003496 0.71238942249654368943 0.06172611831570625623 0.00000000100000000000 0.00000000100000000000 0.22585891382714992637 
0.00000000099999999988 0.64471791109845533185 0.00000000099999999988 0.00000000099999999988 0.00000000099999999988 0.35528208490154478127 
0.00000000099999999994 0.00000000099999999994 0.00000000099999999994 0.00000000099999999994 0.99999999500000003039 0.00000000099999999994 
0.00000000099999999989 0.00000000099999999989 0.00000000099999999989 0.99999999499999991937 0.00000000099999999989 0.00000000099999999989 
0.00000000099999999993 0.40755669442283787296 0.00000000099999999993 0.00000000099999999993 0.00000000099999999993 0.59244330157716207363 
0.00000000099999999996 0.00000000099999999996 0.60782114913996743155 0.00000000099999999996 0.39217884686003245953 0.00000000099999999996 
0.00000000099999999980 0.00000000099999999980 0.00000000099999999980 0.00000000099999999980 0.00000000099999999980 0.99999999500000003039 
0.99999999500000003039 0.00000000099999999989 0.00000000099999999989 0.00000000099999999989 0.00000000099999999989 0.00000000099999999989 
0.11520494652796377244 0.00001149034331937797 0.56070734612642525452 0.24895068242567974792 0.01296936218599443504 0.06215617239061745070 
0.00000000099999999994 0.00000000099999999994 0.99999999500000003039 0.00000000099999999994 0.00000000099999999994 0.00000000099999999994 
0.99999999500000003039 0.00000000099999999984 0.00000000099999999984 0.00000000099999999984 0.00000000099999999984 0.00000000099999999984 
0.00000000099999999994 0.00000000099999999994 0.00000000099999999994 0.99999999499999991937 0.00000000099999999994 0.00000000099999999994 
0.00000000099999999997 0.00000000099999999997 0.44213869212529832708 0.55786130387470178604 0.00000000099999999997 0.00000000099999999997 
0.51787479853128870477 0.00000000099999999999 0.00000000099999999999 0.48212519746871135284 0.00000000099999999999 0.00000000099999999999 
0.99999999500000014141 0.00000000099999999986 0.00000000099999999986 0.00000000099999999986 0.00000000099999999986 0.00000000099999999986 
0.99999999500000003039 0.00000000099999999988 0.00000000099999999988 0.00000000099999999988 0.00000000099999999988 0.00000000099999999988 
0.99999999500000014141 0.00000000099999999985 0.00000000099999999985 0.00000000099999999985 0.00000000099999999985 0.00000000099999999985 
0.99999999500000003039 0.00000000099999999987 0.00000000099999999987 0.00000000099999999987 0.00000000099999999987 0.00000000099999999987 
0.00000000099999999997 0.02250946651874579860 0.97749052948125425555 0.00000000099999999997 0.00000000099999999997 0.00000000099999999997 
0.00000000099999999994 0.00000000099999999994 0.99999999500000003039 0.00000000099999999994 0.00000000099999999994 0.00000000099999999994 
0.00000000099999999999 0.00000000099999999999 0.68459185290443524963 0.30791818358424166702 0.00748996051132289672 0.00000000099999999999 
0.06772640508984467678 0.00000000100000000000 0.49621431501875196135 0.36483457106328176511 0.04437068727822927189 0.02685402054989254050 
0.00000000099999999996 0.00000000099999999996 0.42572319894294019527 0.57427679705705980684 0.00000000099999999996 0.00000000099999999996 
0.00000000099999999995 0.00000000099999999995 0.99999999499999991937 0.00000000099999999995 0.00000000099999999995 0.00000000099999999995 
0.01315478813032752367 0.00000000099999999997 0.62761176315120348335 0.33504581472135042119 0.02418763199711855896 0.00000000099999999997 
0.00000000099999999992 0.00000000099999999992 0.00000000099999999992 0.00000000099999999992 0.99999999499999991937 0.00000000099999999992 
0.00000000099999999989 0.00000000099999999989 0.00000000099999999989 0.00000000099999999989 0.99999999499999991937 0.00000000099999999989 
0.00000000099999999976 0.99999999500000014141 0.00000000099999999976 0.00000000099999999976 0.00000000099999999976 0.00000000099999999976 
0.00000000099999999988 0.99999999500000003039 0.00000000099999999988 0.00000000099999999988 0.00000000099999999988 0.00000000099999999988 
0.00000000099999999970 0.00000000099999999970 0.00000000099999999970 0.00000000099999999970 0.00000000099999999970 0.99999999499999991937 
0.00000000099999999978 0.99999999500000014141 0.00000000099999999978 0.00000000099999999978 0.00000000099999999978 0.00000000099999999978 
0.00000000099999999969 0.00000000099999999969 0.00000000099999999969 0.00000000099999999969 0.00000000099999999969 0.99999999499999991937 
0.00000000099999999971 0.99999999500000003039 0.00000000099999999971 0.00000000099999999971 0.00000000099999999971 0.00000000099999999971 
0.00000000099999999997 0.00000000099999999997 0.05498105645034014055 0.00000000099999999997 0.94501893954965976441 0.00000000099999999997 
0.99999999500000003039 0.00000000099999999978 0.00000000099999999978 0.00000000099999999978 0.00000000099999999978 0.00000000099999999978 
0.00000000099999999996 0.00000000099999999996 0.62842480814037304793 0.37157518785962689867 0.00000000099999999996 0.00000000099999999996 
0.00000000099999999994 0.00000000099999999994 0.37659430323261089413 0.62340569276738921900 0.00000000099999999994 0.00000000099999999994 
0.99999999500000014141 0.00000000099999999982 0.00000000099999999982 0.00000000099999999982 0.00000000099999999982 0.00000000099999999982 
0.00000000099999999987 0.00000000099999999987 0.00000000099999999987 0.99999999500000003039 0.00000000099999999987 0.00000000099999999987 
0.00000000099999999997 0.00000000099999999997 0.56962710357929935423 0.43037289242070064788 0.00000000099999999997 0.00000000099999999997 
0.00000000099999999989 0.00000000099999999989 0.00000000099999999989 0.00000000099999999989 0.99999999500000003039 0.00000000099999999989 
0.04511765495274253773 0.00000000100000000000 0.43764998726386228345 0.49610557319294351641 0.00566131162681382093 0.01546547196363783593 
0.08079062471897476005 0.00000000100000000000 0.58590179712948653457 0.25346656886189711244 0.04897351491094430881 0.03086749337869741650 
0.00000000099999999978 0.99999999500000003039 0.00000000099999999978 0.00000000099999999978 0.00000000099999999978 0.00000000099999999978 
0.00000000099999999995 0.00000000099999999995 0.00000000099999999995 0.00000000099999999995 0.99999999500000003039 0.00000000099999999995 
0.00000000099999999977 0.00000000099999999977 0.00000000099999999977 0.00000000099999999977 0.00000000099999999977 0.99999999500000003039 
0.00000000099999999995 0.00000000099999999995 0.51600916599712209898 0.00000000099999999995 0.48399083000287784762 0.00000000099999999995 
0.00000000099999999980 0.00000000099999999980 0.00000000099999999980 0.00000000099999999980 0.00000000099999999980 0.99999999499999991937 
0.00000000099999999985 0.00000000099999999985 0.00000000099999999985 0.00000000099999999985 0.99999999499999991937 0.00000000099999999985 
0.00000000099999999991 0.00000000099999999991 0.00000000099999999991 0.99999999499999991937 0.00000000099999999991 0.00000000099999999991 
0.00000000099999999992 0.00000000099999999992 0.00000000099999999992 0.00000000099999999992 0.99999999499999991937 0.00000000099999999992 
0.00000000099999999987 0.00000000099999999987 0.00000000099999999987 0.99999999499999991937 0.00000000099999999987 0.00000000099999999987 
0.15535768552153098043 0.00000000099999999997 0.00000000099999999997 0.00000000099999999997 0.84464231047846893841 0.00000000099999999997 
0.00000000099999999987 0.00000000099999999987 0.00000000099999999987 0.00000000099999999987 0.99999999499999991937 0.00000000099999999987 
0.00000000099999999989 0.00000000099999999989 0.00000000099999999989 0.00000000099999999989 0.99999999499999991937 0.00000000099999999989 
0.00000000099999999993 0.00000000099999999993 0.99999999499999991937 0.00000000099999999993 0.00000000099999999993 0.00000000099999999993 
0.00000000099999999989 0.00000000099999999989 0.00000000099999999989 0.00000000099999999989 0.99999999500000003039 0.00000000099999999989 
0.00000000099999999989 0.00000000099999999989 0.00000000099999999989 0.00000000099999999989 0.99999999499999991937 0.00000000099999999989 
0.09175025373394113393 0.02379243591374350514 0.48660634516207462719 0.30020379686785736428 0.09764716732238325203 0.00000000100000000000 
0.00030674652536856717 0.02493220346205056795 0.42117083189264264975 0.49586003017536078863 0.05773018694457751621 0.00000000100000000000 
0.06814154027719619700 0.02903367140811213484 0.55342481436938673056 0.34939996378088289397 0.00000000916442215574 0.00000000100000000000 
0.00000000099999999999 0.00000000099999999999 0.44708683788993280883 0.42646094828704078639 0.00000000099999999999 0.12645221082302643412 
0.00000000099999999999 0.00000000099999999999 0.00213654776777981318 0.41989790716088348788 0.03520459142301655964 0.54276095164832016682 
0.00000000099999999995 0.00000000099999999995 0.63559067612252340140 0.36440931987747648968 0.00000000099999999995 0.00000000099999999995 
0.00000000099999999994 0.00000000099999999994 0.99999999499999991937 0.00000000099999999994 0.00000000099999999994 0.00000000099999999994 
0.06229416183627132370 0.02524588537879433534 0.08973266326113636671 0.00000000099999999999 0.82272728752379797879 0.00000000099999999999 
0.04796084044332842022 0.00000000099999999997 0.95203915555667173454 0.00000000099999999997 0.00000000099999999997 0.00000000099999999997 
0.02622966059374521805 0.00000000099999999998 0.61752612432108788809 0.35624421208516687809 0.00000000099999999998 0.00000000099999999998 
0.00000000099999999999 0.06640118292737361150 0.65154992223928076545 0.28204889183334558300 0.00000000099999999999 0.00000000099999999999 
0.00000000099999999999 0.00000000099999999999 0.00000000968057591118 0.00000000099999999999 0.99999998631942399463 0.00000000099999999999 
0.00000000099999999997 0.00000000099999999997 0.60881024264723226924 0.39118975335276767735 0.00000000099999999997 0.00000000099999999997 
0.02293063032754865185 0.00000000099999999997 0.00000000099999999997 0.23424309947225199768 0.74282626720019917510 0.00000000099999999997 
0.08531748522034003634 0.00004908027638417017 0.53922250083066836090 0.09574263549895134506 0.27966829717365598862 0.00000000100000000000 
0.33927586939453263648 0.00000000099999999999 0.66072412515995826432 0.00000000099999999999 0.00000000244550911035 0.00000000099999999999 
0.00000000099999999989 0.00000000099999999989 0.00000000099999999989 0.00000000099999999989 0.99999999499999991937 0.00000000099999999989 
0.12656935495582266604 0.00000000099999999999 0.67712919150179506911 0.19629952634495867470 0.00000192519742345409 0.00000000099999999999 
0.00000000099999999999 0.07047996391248244341 0.92951996419694837837 0.00000006889056913377 0.00000000099999999999 0.00000000099999999999 
0.17165250745865898163 0.00000000099999999998 0.82834748854134099272 0.00000000099999999998 0.00000000099999999998 0.00000000099999999998 
0.00000000099999999990 0.00000000099999999990 0.00000000099999999990 0.99999999500000003039 0.00000000099999999990 0.00000000099999999990 
0.00000000099999999993 0.00000000099999999993 0.99999999499999991937 0.00000000099999999993 0.00000000099999999993 0.00000000099999999993 
0.00000000230739557704 0.00000000099999999997 0.67775264420692260536 0.32224735048568192708 0.00000000099999999997 0.00000000099999999997 
0.00000000099999999997 0.00000000099999999997 0.99999985236077171269 0.00000014363922833421 0.00000000099999999997 0.00000000099999999997 
0.02614816880800833326 0.04649570103600338122 0.62660802914557456322 0.24344396468346168882 0.00000000100000000000 0.05730413532695204787 
