0.00000000099999999997 0.99999999799999994554 0.00000000099999999997 
0.00000000099999999999 0.00000000099999999999 0.99999999800000005656 
0.99999997524085038059 0.00000002375914959831 0.00000000099999999999 
0.13129487017476715316 0.00049866683857596381 0.86820646298665693497 
0.99393382534414931317 0.00606617198405517456 0.00000000267179555107 
0.00000000099999999996 0.99999999800000005656 0.00000000099999999996 
0.00000000099999999995 0.99999999800000005656 0.00000000099999999995 
0.99999999799999994554 0.00000000099999999998 0.00000000099999999998 
0.99999999031684538853 0.00000000099999999999 0.00000000868315461099 
0.99999999799999994554 0.00000000099999999998 0.00000000099999999998 
0.99999999717569909574 0.00000000182430078002 0.00000000099999999999 
0.99999999799999994554 0.00000000099999999999 0.00000000099999999999 
0.93187325162312739657 0.05758990837248840339 0.01053684000438425729 
0.00000000099999999998 0.00000000099999999998 0.99999999800000005656 
0.09921951954482655101 0.00003608380511398215 0.90074439665005934241 
0.00000000099999999994 0.00000000099999999994 0.99999999799999994554 
0.00000000099999999998 0.99999999800000005656 0.00000000099999999998 
0.96553115810926137819 0.00000000099999999999 0.03446884089073865703 
0.00000000099999999996 0.00000000099999999996 0.99999999799999994554 
0.59656239776992447954 0.40343760123007543772 0.00000000099999999999 
0.00000000099999999994 0.00000000099999999994 0.99999999800000005656 
0.85496426952108361963 0.14503572947891635314 0.00000000099999999999 
0.89603360837702761277 0.03954616117979777024 0.06442023044317460312 
0.99998145053031972651 0.00000000099999999999 0.00001854846968039253 
0.82910227617609622008 0.17089772282390361391 0.00000000099999999999 
0.97275549374562320093 0.02150839610278860309 0.00573611015158813093 
0.99999998875113760288 0.00000000099999999999 0.00000001024886231937 
0.89586544635395448655 0.08368625444551856807 0.02044829920052682742 
0.83480370417015303808 0.16514801130139936114 0.00004828452844760678 
0.79612351287016736023 0.19105147123743276838 0.01282501589239989914 
0.80085177632675053072 0.19914822267324935878 0.00000000099999999999 
0.82410624821120659345 0.17589375078879340708 0.00000000100000000000 
0.95785552865361278663 0.00000000099999999999 0.04214447034638722084 
0.98758115068728746788 0.01241884831271252050 0.00000000099999999999 
0.97529869707791860822 0.02451319419393302446 0.00018810872814833642 
0.90654557427204185416 0.06144454380272348915 0.03200988192523464976 
0.99999999799999994554 0.00000000099999999999 0.00000000099999999999 
0.99974369270815444111 0.00025630629184556582 0.00000000100000000000 
0.97184412311452705868 0.02815587588547286899 0.00000000099999999999 
0.00000000099999999996 0.99999999799999994554 0.00000000099999999996 
0.00000000099999999995 0.99999999799999994554 0.00000000099999999995 
0.00000000099999999993 0.00000000099999999993 0.99999999799999994554 
0.00000000099999999998 0.00000000099999999998 0.99999999799999994554 
0.00000000099999999989 0.00000000099999999989 0.99999999800000005656 
0.00000000099999999995 0.00000000099999999995 0.99999999799999994554 
0.00000000099999999990 0.00000000099999999990 0.99999999799999994554 
0.00000000099999999991 0.00000000099999999991 0.99999999799999994554 
0.03555869147835143129 0.96444130752164858311 0.00000000099999999999 
0.79515242561275123467 0.20484757338724882136 0.00000000099999999998 
0.99999999799999994554 0.00000000099999999998 0.00000000099999999998 
0.99999999800000005656 0.00000000099999999997 0.00000000099999999997 
0.80084308562652961605 0.19915691337347032897 0.00000000099999999999 
0.99999999799999994554 0.00000000099999999998 0.00000000099999999998 
0.99999999409436080011 0.00000000099999999999 0.00000000490563923290 
0.00000000099999999995 0.99999999799999994554 0.00000000099999999995 
0.96781329440198660130 0.01531572993493188033 0.01687097566308140562 
0.91263489452453594453 0.06332842052184962933 0.02403668495361445390 
0.00000000099999999995 0.00000000099999999995 0.99999999799999994554 
0.00000000099999999998 0.99999999800000005656 0.00000000099999999998 
0.00000000099999999994 0.00000000099999999994 0.99999999800000005656 
0.49787710503915699745 0.50212289396084286430 0.00000000099999999999 
0.00000000099999999995 0.00000000099999999995 0.99999999799999994554 
0.00000000099999999994 0.99999999800000005656 0.00000000099999999994 
0.99998454076301168669 0.00000066276356099087 0.00001479647342723871 
0.00000000099999999997 0.99999999800000005656 0.00000000099999999997 
0.99999999800000005656 0.00000000099999999998 0.00000000099999999998 
0.11425246001354126546 0.88574753898645874894 0.00000000099999999999 
0.00000000099999999994 0.99999999800000005656 0.00000000099999999994 
0.00000000099999999995 0.99999999799999994554 0.00000000099999999995 
0.99958582809097640265 0.00041417090902341589 0.00000000099999999999 
0.00000000099999999995 0.99999999800000005656 0.00000000099999999995 
0.00000000099999999995 0.99999999799999994554 0.00000000099999999995 
0.87038485742464755113 0.11427378729238424349 0.01534135528296822273 
0.90571343183060137871 0.06159931139389637766 0.03268725677550218117 
0.96307759139435444862 0.00445638674345800231 0.03246602186218752739 
0.86576024586572997155 0.00000127446069162786 0.13423847967357843691 
0.41069905382097865454 0.06804745917901316998 0.52125348700000817548 
0.99999999799999994554 0.00000000099999999998 0.00000000099999999998 
0.97130862804141715472 0.02869137095858286315 0.00000000099999999999 
0.12893562029829641613 0.86261654572646817574 0.00844783397523554171 
0.99710854523811554007 0.00289145376188438240 0.00000000099999999999 
0.99999999800000005656 0.00000000099999999998 0.00000000099999999998 
0.93620451535310722502 0.00000000230073993416 0.06379548234615284308 
0.00045354789161562562 0.99954645110838424849 0.00000000100000000000 
0.99999999782014181715 0.00000000099999999999 0.00000000117985810112 
0.27136611984994923885 0.72863387915005062290 0.00000000099999999999 
0.68509057436546749731 0.31287241064899296017 0.00203701498553954469 
0.96901077678096370072 0.03073327593468480265 0.00025594728435148357 
0.00000000099999999995 0.99999999799999994554 0.00000000099999999995 
0.96288307581557819326 0.03711692318442173094 0.00000000100000000000 
0.95762680371800668055 0.00000374184511140556 0.04236945443688185098 
0.97175214432757883731 0.02824785467242101750 0.00000000099999999999 
0.99120163058827759350 0.00000000100000000000 0.00879836841172242957 
0.99812231463000189446 0.00000000099999999999 0.00187768436999819453 
0.99999999800000005656 0.00000000099999999998 0.00000000099999999998 
0.99996173022633383365 0.00001255865078009632 0.00002571112288610375 
0.88960708578321556761 0.00000003925571826825 0.11039287496106627018 
