0.00000000099999999995 0.00000000099999999995 0.00000000099999999995 0.00000000099999999995 0.00000000099999999995 0.99999999500000003039 
0.99999999500000003039 0.00000000099999999997 0.00000000099999999997 0.00000000099999999997 0.00000000099999999997 0.00000000099999999997 
0.00000000099999999996 0.00000000099999999996 0.42435284867783701346 0.00000000099999999996 0.57564714732216282211 0.00000000099999999996 
0.84015161630095924750 0.00000000099999999999 0.00000000099999999999 0.00000000099999999999 0.15984837969904086563 0.00000000099999999999 
0.00000000099999999997 0.00000000099999999997 0.40212361634642518338 0.00000000099999999997 0.59787637965357465220 0.00000000099999999997 
0.00000000099999999993 0.00000000099999999993 0.00000000099999999993 0.00000000099999999993 0.00000000099999999993 0.99999999500000003039 
0.00000000099999999989 0.00000000099999999989 0.00000000099999999989 0.00000000099999999989 0.00000000099999999989 0.99999999499999991937 
0.00000000099999999986 0.00000000099999999986 0.00000000099999999986 0.00000000099999999986 0.99999999499999991937 0.00000000099999999986 
0.00000000099999999998 0.66207531653730355981 0.33791417203925488977 0.00000000099999999998 0.00001050842344158728 0.00000000099999999998 
0.00000000099999999997 0.48317870555360592499 0.00000000099999999997 0.00000000099999999997 0.51682129044639391058 0.00000000099999999997 
0.00000000099999999996 0.56128526902175313040 0.00000000099999999996 0.00000000099999999996 0.43871472697824692721 0.00000000099999999996 
0.00000000099999999995 0.99999999500000014141 0.00000000099999999995 0.00000000099999999995 0.00000000099999999995 0.00000000099999999995 
0.00032581638838119611 0.44113155337570864045 0.47048122683173543290 0.05926435702830270408 0.00000990778906958209 0.02878713858680238477 
0.99999999500000003039 0.00000000099999999995 0.00000000099999999995 0.00000000099999999995 0.00000000099999999995 0.00000000099999999995 
0.87990382117671583906 0.00000000099999999998 0.00000000099999999998 0.00000000099999999998 0.12009617482328427407 0.00000000099999999998 
0.99999999500000003039 0.00000000099999999986 0.00000000099999999986 0.00000000099999999986 0.00000000099999999986 0.00000000099999999986 
0.00000000099999999996 0.00000000099999999996 0.00000000099999999996 0.00000000099999999996 0.00000000099999999996 0.99999999499999991937 
0.00000000099999999988 0.00000000099999999988 0.99999999499999991937 0.00000000099999999988 0.00000000099999999988 0.00000000099999999988 
0.99999999500000014141 0.00000000099999999992 0.00000000099999999992 0.00000000099999999992 0.00000000099999999992 0.00000000099999999992 
0.00000000099999999992 0.00000000099999999992 0.62036444361764742084 0.00000000099999999992 0.00000000099999999992 0.37963555238235258127 
0.99999999500000014141 0.00000000099999999987 0.00000000099999999987 0.00000000099999999987 0.00000000099999999987 0.00000000099999999987 
0.00000000099999999990 0.00000000099999999990 0.00000000099999999990 0.99999999499999991937 0.00000000099999999990 0.00000000099999999990 
0.05976471716945746387 0.42195140111055529086 0.21284227042164952093 0.12430286355959721534 0.16745578395802418470 0.01368296378071637807 
0.00000000099999999998 0.66819537993237709816 0.00000000099999999998 0.04184883664152013599 0.28995578042610281599 0.00000000099999999998 
0.00000000099999999986 0.00000000099999999986 0.00000000099999999986 0.99999999499999991937 0.00000000099999999986 0.00000000099999999986 
0.00000000100000000000 0.46610403322094628997 0.33403715391714516869 0.00000183664942723762 0.19717530501115085317 0.00268167020133050190 
0.00000000099999999997 0.53107448895567366254 0.46892550704432639508 0.00000000099999999997 0.00000000099999999997 0.00000000099999999997 
0.00000000099999999997 0.00000000099999999997 0.00000000099999999997 0.47068809473764483542 0.52931190126235505566 0.00000000099999999997 
0.00000000099999999987 0.00000000099999999987 0.00000000099999999987 0.99999999499999991937 0.00000000099999999987 0.00000000099999999987 
0.00000000099999999989 0.00000000099999999989 0.00000000099999999989 0.99999999499999991937 0.00000000099999999989 0.00000000099999999989 
0.00000000099999999987 0.00000000099999999987 0.00000000099999999987 0.99999999500000003039 0.00000000099999999987 0.00000000099999999987 
0.00000000099999999990 0.00000000099999999990 0.00000000099999999990 0.99999999499999991937 0.00000000099999999990 0.00000000099999999990 
0.00000000099999999987 0.00000000099999999987 0.00000000099999999987 0.00000000099999999987 0.99999999500000003039 0.00000000099999999987 
0.00000000099999999993 0.99999999500000003039 0.00000000099999999993 0.00000000099999999993 0.00000000099999999993 0.00000000099999999993 
0.00000000099999999994 0.99999999500000014141 0.00000000099999999994 0.00000000099999999994 0.00000000099999999994 0.00000000099999999994 
0.00000000099999999988 0.00000000099999999988 0.00000000099999999988 0.00000000099999999988 0.99999999500000003039 0.00000000099999999988 
0.00000000099999999997 0.64620963390206820343 0.00000000099999999997 0.00000000099999999997 0.35379036209793185419 0.00000000099999999997 
0.00000000099999999998 0.51896841570899487905 0.00000000099999999998 0.00000000099999999998 0.48103158029100523407 0.00000000099999999998 
0.00000000099999999999 0.42877655821231391853 0.29383934353475310575 0.01180622389209818289 0.24348557566396636376 0.02209229769686859440 
0.00000000099999999993 0.00000000099999999993 0.00000000099999999993 0.00000000099999999993 0.00000000099999999993 0.99999999499999991937 
0.00000000099999999990 0.00000000099999999990 0.00000000099999999990 0.00000000099999999990 0.00000000099999999990 0.99999999500000003039 
0.99999999500000014141 0.00000000099999999983 0.00000000099999999983 0.00000000099999999983 0.00000000099999999983 0.00000000099999999983 
0.99999999500000014141 0.00000000099999999995 0.00000000099999999995 0.00000000099999999995 0.00000000099999999995 0.00000000099999999995 
0.99999999500000003039 0.00000000099999999973 0.00000000099999999973 0.00000000099999999973 0.00000000099999999973 0.00000000099999999973 
0.99999999500000003039 0.00000000099999999989 0.00000000099999999989 0.00000000099999999989 0.00000000099999999989 0.00000000099999999989 
0.99999999500000003039 0.00000000099999999975 0.00000000099999999975 0.00000000099999999975 0.00000000099999999975 0.00000000099999999975 
0.99999999500000003039 0.00000000099999999979 0.00000000099999999979 0.00000000099999999979 0.00000000099999999979 0.00000000099999999979 
0.00000000099999999997 0.07953358814483349470 0.00000000099999999997 0.00000000099999999997 0.00000000099999999997 0.92046640785516642413 
0.00000000099999999980 0.00000000099999999980 0.00000000099999999980 0.99999999499999991937 0.00000000099999999980 0.00000000099999999980 
0.00000000099999999988 0.00000000099999999988 0.99999999500000003039 0.00000000099999999988 0.00000000099999999988 0.00000000099999999988 
0.00000000099999999992 0.99999999500000014141 0.00000000099999999992 0.00000000099999999992 0.00000000099999999992 0.00000000099999999992 
0.00000000099999999984 0.00000000099999999984 0.00000000099999999984 0.99999999500000003039 0.00000000099999999984 0.00000000099999999984 
0.00000000099999999986 0.00000000099999999986 0.00000000099999999986 0.00000000099999999986 0.99999999499999991937 0.00000000099999999986 
0.00000000099999999992 0.99999999500000003039 0.00000000099999999992 0.00000000099999999992 0.00000000099999999992 0.00000000099999999992 
0.00000000099999999990 0.00000000099999999990 0.00000000099999999990 0.00000000099999999990 0.00000000099999999990 0.99999999499999991937 
0.01294067003619831478 0.32741900044989091789 0.33198629995885409194 0.04314468293476415167 0.28450934562029234209 0.00000000100000000000 
0.02023878161964148478 0.33109616080916498548 0.20566866318048049322 0.07569298236590842055 0.31912295662875284075 0.04818045539605165378 
0.99999999500000003039 0.00000000099999999989 0.00000000099999999989 0.00000000099999999989 0.00000000099999999989 0.00000000099999999989 
0.00000000099999999996 0.00000000099999999996 0.00000000099999999996 0.00000000099999999996 0.00000000099999999996 0.99999999500000003039 
0.99999999500000014141 0.00000000099999999986 0.00000000099999999986 0.00000000099999999986 0.00000000099999999986 0.00000000099999999986 
0.00000000099999999991 0.00000000099999999991 0.53828609850994191266 0.00000000099999999991 0.00000000099999999991 0.46171389749005814496 
0.99999999500000003039 0.00000000099999999987 0.00000000099999999987 0.00000000099999999987 0.00000000099999999987 0.00000000099999999987 
0.00000000099999999987 0.00000000099999999987 0.00000000099999999987 0.00000000099999999987 0.00000000099999999987 0.99999999500000003039 
0.00000000099999999996 0.00000000099999999996 0.64578271913687779193 0.00000000099999999996 0.35421727686312221017 0.00000000099999999996 
0.00000000099999999993 0.00000000099999999993 0.00000000099999999993 0.00000000099999999993 0.00000000099999999993 0.99999999500000003039 
0.00000000099999999990 0.00000000099999999990 0.99999999500000003039 0.00000000099999999990 0.00000000099999999990 0.00000000099999999990 
0.00000000099999999998 0.00000000099999999998 0.00000000099999999998 0.15676885018367892055 0.00000000099999999998 0.84323114581632097053 
0.00000000099999999988 0.00000000099999999988 0.00000000099999999988 0.00000000099999999988 0.00000000099999999988 0.99999999500000003039 
0.00000000099999999990 0.00000000099999999990 0.00000000099999999990 0.00000000099999999990 0.00000000099999999990 0.99999999500000003039 
0.00000000099999999993 0.99999999500000003039 0.00000000099999999993 0.00000000099999999993 0.00000000099999999993 0.00000000099999999993 
0.00000000099999999990 0.00000000099999999990 0.00000000099999999990 0.00000000099999999990 0.00000000099999999990 0.99999999499999991937 
0.00000000099999999991 0.00000000099999999991 0.00000000099999999991 0.00000000099999999991 0.00000000099999999991 0.99999999499999991937 
0.01038155266391987096 0.30065663090321181894 0.33213098390795914305 0.09121099085500462833 0.16742954149267391672 0.09819030017723065495 
0.01143091899218293302 0.25348098752249326182 0.28212074704071826714 0.00457652713076795239 0.39509410881560358408 0.05329671049823402756 
0.01590052191436588241 0.45993779716729704665 0.12411815713943590012 0.06942322958036301062 0.33062029053616281971 0.00000000366237533102 
0.12374279523989310803 0.46324413848664719451 0.18054180126400898310 0.00000000100000000000 0.23247126300945078481 0.00000000100000000000 
0.51472330947707112259 0.18963487798393396933 0.10261642640425631956 0.00002016858727373721 0.12697172549605398317 0.06603349205141073597 
0.00000000099999999991 0.99999999500000014141 0.00000000099999999991 0.00000000099999999991 0.00000000099999999991 0.00000000099999999991 
0.00000000099999999997 0.62522958738907430387 0.00000000099999999997 0.00000000099999999997 0.37477040861092580926 0.00000000099999999997 
0.00305818142956182197 0.00000402742118626307 0.10317936476196842843 0.05852950720240448351 0.00000000100000000000 0.83522891818487898785 
0.00000000099999999998 0.65156391824380166522 0.28404951773354697453 0.06438656102265152836 0.00000000099999999998 0.00000000099999999998 
0.00000000099999999995 0.99999999500000014141 0.00000000099999999995 0.00000000099999999995 0.00000000099999999995 0.00000000099999999995 
0.01181067522230228040 0.98818932077769772171 0.00000000099999999998 0.00000000099999999998 0.00000000099999999998 0.00000000099999999998 
0.00000000099999999999 0.00000000099999999999 0.00000000099999999999 0.00000000099999999999 0.00003890769186515620 0.99996108830813490442 
0.00000000099999999989 0.00000000099999999989 0.99999999499999991937 0.00000000099999999989 0.00000000099999999989 0.00000000099999999989 
0.00000000099999999997 0.24798395079641169514 0.00000000099999999997 0.04885296477096596340 0.00000000099999999997 0.70316308143262240549 
0.00000000100000000000 0.05961286425993655297 0.52254747411104152111 0.13839830916608814038 0.00887533009627562361 0.27056602136665808267 
0.00000196748750682230 0.67078660392353373076 0.00000000100000000000 0.32518059139370297794 0.00403083519525650365 0.00000000100000000000 
0.00000000099999999991 0.00000000099999999991 0.00000000099999999991 0.00000000099999999991 0.00000000099999999991 0.99999999499999991937 
0.00000000099999999999 0.57355897087701268600 0.14294052940800569540 0.13569398617138211938 0.14309865897766657628 0.00470785356593286537 
0.00000000099999999998 0.00000000099999999998 0.00000000099999999998 0.00000000099999999998 0.99999999500000003039 0.00000000099999999998 
0.00000000099999999999 0.19700210907473728050 0.39522705897137017095 0.16029316709132149232 0.24747766286257108503 0.00000000099999999999 
0.00000000099999999991 0.00000000099999999991 0.99999999500000003039 0.00000000099999999991 0.00000000099999999991 0.00000000099999999991 
0.00000000099999999991 0.99999999500000014141 0.00000000099999999991 0.00000000099999999991 0.00000000099999999991 0.00000000099999999991 
0.00000000099999999996 0.42787420647817253627 0.00000000099999999996 0.00000000099999999996 0.57212578952182724379 0.00000000099999999996 
0.00000000099999999995 0.00000000099999999995 0.00000000099999999995 0.00000000099999999995 0.99999999499999991937 0.00000000099999999995 
0.10420407522680796841 0.39519334060701305500 0.03669930170454897139 0.02132631899194285460 0.44257696246968702969 0.00000000100000000000 
