0.00000000099999999992 0.00000000099999999992 0.00000000099999999992 0.00000000099999999992 0.32239504111673517039 0.67760495288326483276 0.00000000099999999992 0.00000000099999999992 
0.00000000099999999985 0.99999999300000008695 0.00000000099999999985 0.00000000099999999985 0.00000000099999999985 0.00000000099999999985 0.00000000099999999985 0.00000000099999999985 
0.58466532486319311435 0.00000000099999999996 0.00000000099999999996 0.18360095232664094822 0.00000000099999999996 0.00000000099999999996 0.23173371781016599558 0.00000000099999999996 
0.00008130812492958857 0.00000000099999999998 0.00000000099999999998 0.00000000099999999998 0.00000000099999999998 0.00000000099999999998 0.00000000099999999998 0.99991868587507037880 
0.00000000099999999982 0.00000000099999999982 0.00000000099999999982 0.00000000099999999982 0.00000000099999999982 0.00000000099999999982 0.99999999299999997593 0.00000000099999999982 
0.00000000099999999989 0.00000000099999999989 0.00000000099999999989 0.00000000099999999989 0.44717125792170969723 0.55282873607829041696 0.00000000099999999989 0.00000000099999999989 
0.00000000099999999970 0.00000000099999999970 0.00000000099999999970 0.00000000099999999970 0.99999999300000008695 0.00000000099999999970 0.00000000099999999970 0.00000000099999999970 
0.74797443175182432018 0.00000000099999999991 0.00000000099999999991 0.00000000099999999991 0.00000000099999999991 0.00000000099999999991 0.25202556224817568298 0.00000000099999999991 
0.49829522555409477835 0.00000000099999999997 0.00000000099999999997 0.26951358579700379625 0.00000000099999999997 0.00000000099999999997 0.23219118364890137252 0.00000000099999999997 
0.58416735616799830844 0.00000000099999999996 0.00636255876263466021 0.26517003329653060506 0.00000000099999999996 0.00000000099999999996 0.14430004777283642059 0.00000000099999999996 
0.45402287287499054624 0.00000000099999999994 0.00000000099999999994 0.54597712112500951243 0.00000000099999999994 0.00000000099999999994 0.00000000099999999994 0.00000000099999999994 
0.45708789516928804986 0.00000000099999999995 0.00000000099999999995 0.54291209883071189779 0.00000000099999999995 0.00000000099999999995 0.00000000099999999995 0.00000000099999999995 
0.00000000099999999999 0.00000000099999999999 0.00000000099999999999 0.43701706497328135503 0.00000000099999999999 0.00000191799251637122 0.56298101203420225502 0.00000000099999999999 
0.00000000099999999993 0.65955415894273783373 0.00000000099999999993 0.00000000099999999993 0.00000000099999999993 0.00000000099999999993 0.00000000099999999993 0.34044583505726222494 
0.00000000099999999999 0.31264864554936305785 0.00000001187029272232 0.08891063335130437728 0.00000000099999999999 0.00000000099999999999 0.00000000099999999999 0.59844070522903969334 
0.00000000099999999970 0.00000000099999999970 0.00000000099999999970 0.00000000099999999970 0.00000000099999999970 0.00000000099999999970 0.00000000099999999970 0.99999999299999997593 
0.00000000099999999986 0.00000000099999999986 0.00000000099999999986 0.00000000099999999986 0.00000000099999999986 0.99999999300000008695 0.00000000099999999986 0.00000000099999999986 
0.00000000099999999974 0.00000000099999999974 0.00000000099999999974 0.00000000099999999974 0.00000000099999999974 0.00000000099999999974 0.99999999299999986491 0.00000000099999999974 
0.00000000099999999975 0.99999999300000019797 0.00000000099999999975 0.00000000099999999975 0.00000000099999999975 0.00000000099999999975 0.00000000099999999975 0.00000000099999999975 
0.00000000099999999988 0.00000000099999999988 0.00000000099999999988 0.62519412805685725676 0.00000000099999999988 0.37480586594314280191 0.00000000099999999988 0.00000000099999999988 
0.00000000099999999969 0.99999999300000019797 0.00000000099999999969 0.00000000099999999969 0.00000000099999999969 0.00000000099999999969 0.00000000099999999969 0.00000000099999999969 
0.00000000099999999985 0.00000000099999999985 0.99999999300000008695 0.00000000099999999985 0.00000000099999999985 0.00000000099999999985 0.00000000099999999985 0.00000000099999999985 
0.28255603990471456211 0.05592197796319233610 0.09880638450203828305 0.36036804813225092881 0.06064094426317086228 0.00000000099999999999 0.13967944718920216607 0.00202715704543095883 
0.40943296572814358303 0.00000000099999999994 0.00045410545749995795 0.59011292381435664911 0.00000000099999999994 0.00000000099999999994 0.00000000099999999994 0.00000000099999999994 
0.00000000099999999979 0.00000000099999999979 0.99999999300000008695 0.00000000099999999979 0.00000000099999999979 0.00000000099999999979 0.00000000099999999979 0.00000000099999999979 
0.00000000099999999995 0.00000000099999999995 0.00000000099999999995 0.69080772506742349481 0.00000000099999999995 0.00000000099999999995 0.30919226893257656386 0.00000000099999999995 
0.23935130103066909468 0.00000000099999999995 0.00000000099999999995 0.38639488942344057953 0.00000000099999999995 0.00000000099999999995 0.37425380454589024515 0.00000000099999999995 
0.50046311614770411236 0.00000000099999999996 0.49953687785229605733 0.00000000099999999996 0.00000000099999999996 0.00000000099999999996 0.00000000099999999996 0.00000000099999999996 
0.00000000099999999981 0.00000000099999999981 0.99999999300000008695 0.00000000099999999981 0.00000000099999999981 0.00000000099999999981 0.00000000099999999981 0.00000000099999999981 
0.00000000099999999984 0.00000000099999999984 0.99999999300000008695 0.00000000099999999984 0.00000000099999999984 0.00000000099999999984 0.00000000099999999984 0.00000000099999999984 
0.00000000099999999980 0.00000000099999999980 0.99999999299999997593 0.00000000099999999980 0.00000000099999999980 0.00000000099999999980 0.00000000099999999980 0.00000000099999999980 
0.00000000099999999984 0.00000000099999999984 0.99999999299999997593 0.00000000099999999984 0.00000000099999999984 0.00000000099999999984 0.00000000099999999984 0.00000000099999999984 
0.99999999300000008695 0.00000000099999999989 0.00000000099999999989 0.00000000099999999989 0.00000000099999999989 0.00000000099999999989 0.00000000099999999989 0.00000000099999999989 
0.50702001294525333996 0.00000000099999999996 0.00000000099999999996 0.40358824890077310554 0.00000000099999999996 0.00000000099999999996 0.08939173315397368202 0.00000000099999999996 
0.00000000099999999986 0.00000000099999999986 0.00000000099999999986 0.99999999300000008695 0.00000000099999999986 0.00000000099999999986 0.00000000099999999986 0.00000000099999999986 
0.99999999300000008695 0.00000000099999999992 0.00000000099999999992 0.00000000099999999992 0.00000000099999999992 0.00000000099999999992 0.00000000099999999992 0.00000000099999999992 
0.53576391263430600542 0.00000000099999999996 0.00000000099999999996 0.26524035924583116985 0.00000000099999999996 0.00000000099999999996 0.19899572311986285511 0.00000000099999999996 
0.00000000099999999987 0.00000000099999999987 0.00000000099999999987 0.99999999300000008695 0.00000000099999999987 0.00000000099999999987 0.00000000099999999987 0.00000000099999999987 
0.43327706548985067680 0.00000000099999999997 0.00018097993749923114 0.36764254524293177306 0.04723871823391601749 0.00000000099999999997 0.15166068809580246501 0.00000000099999999997 
0.00000000099999999970 0.00000000099999999970 0.00000000099999999970 0.00000000099999999970 0.99999999300000008695 0.00000000099999999970 0.00000000099999999970 0.00000000099999999970 
0.00000000099999999978 0.00000000099999999978 0.00000000099999999978 0.00000000099999999978 0.00000000099999999978 0.99999999299999997593 0.00000000099999999978 0.00000000099999999978 
0.00000000099999999967 0.00000000099999999967 0.00000000099999999967 0.00000000099999999967 0.00000000099999999967 0.00000000099999999967 0.00000000099999999967 0.99999999299999997593 
0.00000000099999999982 0.99999999300000019797 0.00000000099999999982 0.00000000099999999982 0.00000000099999999982 0.00000000099999999982 0.00000000099999999982 0.00000000099999999982 
0.00000000099999999956 0.99999999300000019797 0.00000000099999999956 0.00000000099999999956 0.00000000099999999956 0.00000000099999999956 0.00000000099999999956 0.00000000099999999956 
0.00000000099999999974 0.00000000099999999974 0.00000000099999999974 0.00000000099999999974 0.00000000099999999974 0.00000000099999999974 0.00000000099999999974 0.99999999299999997593 
0.00000000099999999959 0.00000000099999999959 0.00000000099999999959 0.00000000099999999959 0.00000000099999999959 0.00000000099999999959 0.00000000099999999959 0.99999999299999997593 
0.00000000099999999962 0.00000000099999999962 0.00000000099999999962 0.00000000099999999962 0.00000000099999999962 0.00000000099999999962 0.00000000099999999962 0.99999999299999997593 
0.03719864443007461774 0.00000000099999999997 0.00000000099999999997 0.00000000099999999997 0.31337709991422074696 0.64942425065570463794 0.00000000099999999997 0.00000000099999999997 
0.00000000099999999970 0.00000000099999999970 0.99999999300000008695 0.00000000099999999970 0.00000000099999999970 0.00000000099999999970 0.00000000099999999970 0.00000000099999999970 
0.00000000099999999971 0.00000000099999999971 0.00000000099999999971 0.00000000099999999971 0.00000000099999999971 0.00000000099999999971 0.99999999299999997593 0.00000000099999999971 
0.54336421589021077772 0.00000000099999999989 0.00000000099999999989 0.00000000099999999989 0.00000000099999999989 0.00000000099999999989 0.45663577810978922544 0.00000000099999999989 
0.00000000099999999976 0.00000000099999999976 0.99999999299999997593 0.00000000099999999976 0.00000000099999999976 0.00000000099999999976 0.00000000099999999976 0.00000000099999999976 
0.99999999300000008695 0.00000000099999999985 0.00000000099999999985 0.00000000099999999985 0.00000000099999999985 0.00000000099999999985 0.00000000099999999985 0.00000000099999999985 
0.99999999300000008695 0.00000000099999999989 0.00000000099999999989 0.00000000099999999989 0.00000000099999999989 0.00000000099999999989 0.00000000099999999989 0.00000000099999999989 
0.00000000099999999985 0.00000000099999999985 0.00000000099999999985 0.00000000099999999985 0.49138306667205766676 0.50861692732794239191 0.00000000099999999985 0.00000000099999999985 
0.50649355270325180367 0.01991170632647240243 0.03496765704052895440 0.29433203624843279345 0.00000000099999999999 0.01749394687212165247 0.12680109880919232523 0.00000000099999999999 
0.49018725272617658106 0.00000105981523485092 0.06094892046620063730 0.00000007620689724837 0.00000000099999999999 0.07600486137321825486 0.36385687155033397122 0.00900095686193855445 
0.00000000099999999975 0.00000000099999999975 0.00000000099999999975 0.00000000099999999975 0.00000000099999999975 0.00000000099999999975 0.00000000099999999975 0.99999999300000008695 
0.00000000099999999987 0.00000000099999999987 0.00000000099999999987 0.00000000099999999987 0.00000000099999999987 0.99999999299999997593 0.00000000099999999987 0.00000000099999999987 
0.00000000099999999966 0.99999999300000008695 0.00000000099999999966 0.00000000099999999966 0.00000000099999999966 0.00000000099999999966 0.00000000099999999966 0.00000000099999999966 
0.00000000099999999987 0.00000000099999999987 0.00000000099999999987 0.54983097550901938178 0.00000000099999999987 0.45016901849098067689 0.00000000099999999987 0.00000000099999999987 
0.00000000099999999973 0.99999999300000008695 0.00000000099999999973 0.00000000099999999973 0.00000000099999999973 0.00000000099999999973 0.00000000099999999973 0.00000000099999999973 
0.00000000099999999977 0.00000000099999999977 0.00000000099999999977 0.00000000099999999977 0.00000000099999999977 0.99999999300000008695 0.00000000099999999977 0.00000000099999999977 
0.49203954953571010789 0.00000000099999999994 0.00000000099999999994 0.00000000099999999994 0.00000000099999999994 0.00000000099999999994 0.50796044446428967323 0.00000000099999999994 
0.00000000099999999987 0.00000000099999999987 0.00000000099999999987 0.00000000099999999987 0.00000000099999999987 0.99999999299999997593 0.00000000099999999987 0.00000000099999999987 
0.45089884354968828850 0.00000000099999999991 0.00000000099999999991 0.00000000099999999991 0.00000000099999999991 0.00000000099999999991 0.54910115045031160363 0.00000000099999999991 
0.00000000099999999993 0.00000000099999999993 0.00000000099999999993 0.00000000099999999993 0.99999999299999997593 0.00000000099999999993 0.00000000099999999993 0.00000000099999999993 
0.00000000099999999979 0.00000000099999999979 0.00000000099999999979 0.00000000099999999979 0.00000000099999999979 0.99999999299999997593 0.00000000099999999979 0.00000000099999999979 
0.00000000099999999966 0.00000000099999999966 0.00000000099999999966 0.00000000099999999966 0.99999999299999997593 0.00000000099999999966 0.00000000099999999966 0.00000000099999999966 
0.00000000099999999985 0.00000000099999999985 0.00000000099999999985 0.99999999300000008695 0.00000000099999999985 0.00000000099999999985 0.00000000099999999985 0.00000000099999999985 
0.00000000099999999983 0.00000000099999999983 0.00000000099999999983 0.00000000099999999983 0.00000000099999999983 0.99999999299999997593 0.00000000099999999983 0.00000000099999999983 
0.00000000099999999970 0.00000000099999999970 0.00000000099999999970 0.00000000099999999970 0.99999999300000008695 0.00000000099999999970 0.00000000099999999970 0.00000000099999999970 
0.23843061800025763808 0.00000000100000000000 0.08962417973239795999 0.31639797982704120916 0.00783505928726454040 0.08577826971769825226 0.24593098283399364434 0.01600290960134656895 
0.68902576330070142152 0.01039627408743037072 0.00000000099999999999 0.00000082303807166314 0.07940179465749906684 0.00000000099999999999 0.22117534191629739659 0.00000000099999999999 
0.63159641244857456233 0.02229543941921056927 0.06228375528298230740 0.28382438884923272271 0.00000000099999999999 0.00000000099999999999 0.00000000099999999999 0.00000000099999999999 
0.41352912827038168508 0.13297774532168596395 0.00000000099999999999 0.29206020472223720441 0.00000003355803754324 0.00000000099999999999 0.16143288512765754938 0.00000000099999999999 
0.28777297694763359637 0.00000000099999999999 0.00000000099999999999 0.12124282881127759759 0.00000000099999999999 0.04091855349075337184 0.00000000099999999999 0.55006563675033537386 
0.00000000099999999983 0.00000000099999999983 0.00000000099999999983 0.99999999299999997593 0.00000000099999999983 0.00000000099999999983 0.00000000099999999983 0.00000000099999999983 
0.99999999300000019797 0.00000000099999999990 0.00000000099999999990 0.00000000099999999990 0.00000000099999999990 0.00000000099999999990 0.00000000099999999990 0.00000000099999999990 
0.00000000099999999998 0.00000000099999999998 0.01471803877470557846 0.14767612569802707201 0.42174064806190425525 0.41586518346536310853 0.00000000099999999998 0.00000000099999999998 
0.50830444722774370536 0.00000000099999999998 0.05998008593402232025 0.12110226789492355148 0.00000004973201502937 0.00000000099999999998 0.31061314621129548774 0.00000000099999999998 
0.54467264570164242166 0.00000000099999999996 0.00285994117181463713 0.45246740812654312469 0.00000000099999999996 0.00000000099999999996 0.00000000099999999996 0.00000000099999999996 
0.69348621020078538013 0.00000000099999999998 0.00000000099999999998 0.25530729739786062193 0.00000000099999999998 0.00000000099999999998 0.00000000099999999998 0.05120648740135419485 
0.00000000099999999998 0.00000000099999999998 0.00000000099999999998 0.00000000099999999998 0.00000000099999999998 0.99999999299999997593 0.00000000099999999998 0.00000000099999999998 
0.99999999300000019797 0.00000000099999999984 0.00000000099999999984 0.00000000099999999984 0.00000000099999999984 0.00000000099999999984 0.00000000099999999984 0.00000000099999999984 
0.00000000099999999989 0.00000000099999999989 0.00000000099999999989 0.00000000099999999989 0.99999999299999997593 0.00000000099999999989 0.00000000099999999989 0.00000000099999999989 
0.52771204946753280662 0.00000000100000000000 0.00104182060504564048 0.00021491212995630138 0.46866261870691400260 0.00000000100000000000 0.00236849508327774058 0.00000010200727368241 
0.22555878519969926876 0.00000000099999999999 0.27139578117665730250 0.50304542862364354239 0.00000000099999999999 0.00000000099999999999 0.00000000099999999999 0.00000000099999999999 
0.00000000099999999981 0.00000000099999999981 0.00000000099999999981 0.00000000099999999981 0.00000000099999999981 0.99999999300000008695 0.00000000099999999981 0.00000000099999999981 
0.90745981727194546806 0.00000000099999999997 0.00251234212745186751 0.00000000099999999997 0.09002783560060272083 0.00000000099999999997 0.00000000099999999997 0.00000000099999999997 
0.14896532997925238107 0.00000000099999999999 0.00000000099999999999 0.71298223891500633886 0.00000000099999999999 0.00000000099999999999 0.08085624384136251563 0.05719618326437871103 
0.53154382362232055481 0.00000000099999999998 0.16356374885139704500 0.30376276188969958403 0.00000000099999999998 0.00112966163658270941 0.00000000099999999998 0.00000000099999999998 
0.00000000099999999976 0.00000000099999999976 0.00000000099999999976 0.00000000099999999976 0.00000000099999999976 0.00000000099999999976 0.99999999299999986491 0.00000000099999999976 
0.00000000099999999982 0.00000000099999999982 0.00000000099999999982 0.99999999300000008695 0.00000000099999999982 0.00000000099999999982 0.00000000099999999982 0.00000000099999999982 
0.44997987386018806211 0.00000000099999999995 0.00000000099999999995 0.36623742760463762203 0.00000000099999999995 0.00000000099999999995 0.18378269353517423523 0.00000000099999999995 
0.40980816751578924562 0.00000000099999999998 0.00000000099999999998 0.42442634356756625547 0.00000000099999999998 0.00000000099999999998 0.16576548391664441828 0.00000000099999999998 
0.58193225739315668221 0.11218238148798205522 0.01783306803029151635 0.23705756537384461979 0.00000000099999999999 0.00000000099999999999 0.05099472471472517310 0.00000000099999999999 
