0.00000000099999999996 0.99999999700000008485 0.00000000099999999996 0.00000000099999999996 
0.00000000099999999998 0.00000000099999999998 0.00000000099999999998 0.99999999700000008485 
0.99999999699999997382 0.00000000099999999998 0.00000000099999999998 0.00000000099999999998 
0.13022871823748519149 0.00001237116093977620 0.00016871491086926162 0.86959019569070583611 
0.91229404111353173956 0.00040888224225740625 0.08729707564421075594 0.00000000100000000000 
0.00000000099999999995 0.99999999700000008485 0.00000000099999999995 0.00000000099999999995 
0.00000000099999999993 0.99999999700000008485 0.00000000099999999993 0.00000000099999999993 
0.96587669031553780030 0.00000000099999999998 0.03412330768446211055 0.00000000099999999998 
0.99999974830994353692 0.00000000099999999999 0.00000024969005652327 0.00000000099999999999 
0.94982326486999024695 0.00000000099999999998 0.05017673313000963614 0.00000000099999999998 
0.96019079358689995995 0.00000000099999999998 0.03980920441310011049 0.00000000099999999998 
0.99991295751203179698 0.00000000099999999999 0.00008704048796827152 0.00000000099999999999 
0.89112516665310315123 0.05991012539519684904 0.02566355344766537219 0.02330115450403463795 
0.00000000099999999997 0.00000000099999999997 0.00000000099999999997 0.99999999699999997382 
0.06404174155674108304 0.00000002496453643690 0.03530558425250312354 0.90065264922621934840 
0.00000000099999999991 0.00000000099999999991 0.00000000099999999991 0.99999999700000008485 
0.00000000099999999997 0.99999999699999997382 0.00000000099999999997 0.00000000099999999997 
0.93819665490696713128 0.00000000099999999999 0.03028084858404658797 0.03152249550898632291 
0.00000000099999999995 0.00000000099999999995 0.00000000099999999995 0.99999999700000008485 
0.59312372421286185808 0.40687627378713825399 0.00000000099999999998 0.00000000099999999998 
0.00000000099999999992 0.00000000099999999992 0.00000000099999999992 0.99999999699999997382 
0.00000000099999999993 0.00000000099999999993 0.99999999699999997382 0.00000000099999999993 
0.78114320377272628004 0.02712991427864645116 0.12891047847033951235 0.06281640347828766624 
0.95383280019239735648 0.00000000099999999999 0.04616311376110990988 0.00000408504649266311 
0.00000000099999999991 0.00000000099999999991 0.99999999699999997382 0.00000000099999999991 
0.97348940988039411870 0.02354000514649575576 0.00262617128139334965 0.00034441369171669153 
0.99999999700000008485 0.00000000099999999998 0.00000000099999999998 0.00000000099999999998 
0.49627598353883939364 0.00000000099999999999 0.50310498115862645196 0.00061903430253410624 
0.00000000099999999992 0.00000000099999999992 0.99999999699999997382 0.00000000099999999992 
0.00000000099999999993 0.00000000099999999993 0.99999999699999997382 0.00000000099999999993 
0.00000000099999999991 0.00000000099999999991 0.99999999699999986280 0.00000000099999999991 
0.00000000099999999993 0.00000000099999999993 0.99999999699999986280 0.00000000099999999993 
0.95907562168238924549 0.00000000099999999999 0.00000399023023267123 0.04092038708737807950 
0.99997146601709741010 0.00002853198290255754 0.00000000099999999998 0.00000000099999999998 
0.97759001230194264576 0.02240998569805740040 0.00000000099999999999 0.00000000099999999999 
0.84050222864576573656 0.05046369172135534154 0.08050606182800515431 0.02852801780487383698 
0.99999599641211489587 0.00000000099999999999 0.00000400158788501616 0.00000000099999999999 
0.97259631085673059481 0.00000031490301045182 0.02740337324025886312 0.00000000100000000000 
0.94821560061004006581 0.02805786384353083432 0.02372653454642900325 0.00000000099999999999 
0.00000000099999999995 0.99999999700000008485 0.00000000099999999995 0.00000000099999999995 
0.00000000099999999993 0.99999999699999997382 0.00000000099999999993 0.00000000099999999993 
0.00000000099999999990 0.00000000099999999990 0.00000000099999999990 0.99999999700000008485 
0.00000000099999999997 0.00000000099999999997 0.00000000099999999997 0.99999999699999997382 
0.00000000099999999983 0.00000000099999999983 0.00000000099999999983 0.99999999699999997382 
0.00000000099999999993 0.00000000099999999993 0.00000000099999999993 0.99999999700000008485 
0.00000000099999999985 0.00000000099999999985 0.00000000099999999985 0.99999999700000008485 
0.00000000099999999987 0.00000000099999999987 0.00000000099999999987 0.99999999699999997382 
0.04175860840870736918 0.95824138959129256943 0.00000000099999999998 0.00000000099999999998 
0.00000000099999999987 0.00000000099999999987 0.99999999699999986280 0.00000000099999999987 
0.99999999700000008485 0.00000000099999999997 0.00000000099999999997 0.00000000099999999997 
0.99999999700000008485 0.00000000099999999996 0.00000000099999999996 0.00000000099999999996 
0.00000000099999999989 0.00000000099999999989 0.99999999699999997382 0.00000000099999999989 
0.95931469522196644029 0.00000000099999999998 0.04068530277803371342 0.00000000099999999998 
0.99999920806867381717 0.00000000099999999998 0.00000078993132618819 0.00000000099999999998 
0.00000000099999999993 0.99999999699999997382 0.00000000099999999993 0.00000000099999999993 
0.91707296868124921208 0.01253352224726378417 0.05375404746843012033 0.01663946160305681751 
0.83768677376837519244 0.05157298459706734922 0.08376959573645911816 0.02697064589809828813 
0.00000000099999999993 0.00000000099999999993 0.00000000099999999993 0.99999999699999997382 
0.00000000099999999997 0.99999999699999997382 0.00000000099999999997 0.00000000099999999997 
0.00000000099999999991 0.00000000099999999991 0.00000000099999999991 0.99999999700000008485 
0.49369839085376054921 0.50629841835543565320 0.00000318979080374191 0.00000000099999999999 
0.00000000099999999992 0.00000000099999999992 0.00000000099999999992 0.99999999700000008485 
0.00000000099999999991 0.99999999699999997382 0.00000000099999999991 0.00000000099999999991 
0.99035679088233186107 0.00000000099999999999 0.00964320711766817988 0.00000000099999999999 
0.00000000099999999995 0.99999999700000008485 0.00000000099999999995 0.00000000099999999995 
0.99123130799452863204 0.00000000099999999998 0.00876869000547127533 0.00000000099999999998 
0.00000000099999999999 0.84873620037969510488 0.15126379762030489617 0.00000000099999999999 
0.00000000099999999993 0.99999999699999997382 0.00000000099999999993 0.00000000099999999993 
0.00000000099999999994 0.99999999700000008485 0.00000000099999999994 0.00000000099999999994 
0.98593139897946613370 0.00029697027545614398 0.01377162974507775695 0.00000000099999999998 
0.00000000099999999994 0.99999999700000008485 0.00000000099999999994 0.00000000099999999994 
0.00000000099999999994 0.99999999699999997382 0.00000000099999999994 0.00000000099999999994 
0.78251687841279127245 0.10122020586450493351 0.09926673819981028657 0.01699617752289359074 
0.89570337923239329303 0.05882055084189840438 0.01820164194044037939 0.02727442798526783646 
0.89691356764453977757 0.00013531366679177864 0.07452217259692166251 0.02842894609174680121 
0.87109579538231884932 0.00000011286107442583 0.00108727270537767057 0.12781681905122901921 
0.41208426145528759266 0.07003963387237682747 0.00094271871018141850 0.51693338596215410163 
0.99999999700000008485 0.00000000099999999997 0.00000000099999999997 0.00000000099999999997 
0.97092166595860929235 0.02907782254274533448 0.00000051049864537922 0.00000000099999999999 
0.06266832572410754865 0.84772283019034555540 0.07975238238515111600 0.00985646170039585628 
0.91803970725816752552 0.00000464033214981934 0.08195565140968269491 0.00000000099999999999 
0.96076537721631061206 0.00000000099999999998 0.03923462078368934042 0.00000000099999999998 
0.94518172995658966684 0.00000000099999999999 0.00000000099999999999 0.05481826804341029258 
0.00000303590612945321 0.99999696179102248728 0.00000000130284806149 0.00000000100000000000 
0.99832318215418436314 0.00000000099999999998 0.00167681584581558891 0.00000000099999999998 
0.23193251557071245528 0.71995167212878596885 0.04811581130050145150 0.00000000099999999999 
0.60658709853548153923 0.30299439204564787564 0.09034614442895437525 0.00007236498991623006 
0.67305078061329914885 0.01120735340775780298 0.31571588588066767933 0.00002598009827530275 
0.00000000099999999994 0.99999999699999997382 0.00000000099999999994 0.00000000099999999994 
0.85587701271026672689 0.01081506518992698951 0.13330792109980621474 0.00000000100000000000 
0.96343720438493385405 0.00000000256205392112 0.00477976828027588865 0.03178302477273625692 
0.82347263557461380934 0.01115192537412604441 0.16537543805126020402 0.00000000099999999999 
0.97164388187643768724 0.00000000099999999999 0.01764055533464597980 0.01071556178891637338 
0.99999999700000008485 0.00000000099999999997 0.00000000099999999997 0.00000000099999999997 
0.99470167426835898183 0.00000000099999999998 0.00529832373164107907 0.00000000099999999998 
0.99999999700000008485 0.00000000099999999999 0.00000000099999999999 0.00000000099999999999 
0.85890191624280143312 0.00000000100000000000 0.03576072546657703410 0.10533735729062164432 
