0.00000000099999999988 0.00000000099999999988 0.52798858946187077201 0.00000000099999999988 0.00000000099999999988 0.00000000099999999988 0.47201140253812934322 0.00000000099999999988 0.00000000099999999988 0.00000000099999999988 
0.00000000099999999991 0.00000000099999999991 0.00000000099999999991 0.00000000099999999991 0.00000000099999999991 0.00000000099999999991 0.00000000099999999991 0.00000000099999999991 0.46712694340998067721 0.53287304859001927149 
0.00000000099999999989 0.00000000099999999989 0.00000000099999999989 0.00000000099999999989 0.00000000099999999989 0.43640405632917861345 0.00000000099999999989 0.56359593567082133525 0.00000000099999999989 0.00000000099999999989 
0.00000000099999999991 0.00000000099999999991 0.00000000099999999991 0.00000000099999999991 0.00000000099999999991 0.00000000099999999991 0.00000000099999999991 0.00000000099999999991 0.00000000099999999991 0.99999999100000003249 
0.00000000099999999983 0.00000000099999999983 0.00000000099999999983 0.00000000099999999983 0.00000000099999999983 0.99999999100000003249 0.00000000099999999983 0.00000000099999999983 0.00000000099999999983 0.00000000099999999983 
0.00000000099999999978 0.00000000099999999978 0.99999999100000003249 0.00000000099999999978 0.00000000099999999978 0.00000000099999999978 0.00000000099999999978 0.00000000099999999978 0.00000000099999999978 0.00000000099999999978 
0.00000000099999999974 0.00000000099999999974 0.99999999100000014352 0.00000000099999999974 0.00000000099999999974 0.00000000099999999974 0.00000000099999999974 0.00000000099999999974 0.00000000099999999974 0.00000000099999999974 
0.00000000099999999966 0.00000000099999999966 0.00000000099999999966 0.00000000099999999966 0.99999999100000014352 0.00000000099999999966 0.00000000099999999966 0.00000000099999999966 0.00000000099999999966 0.00000000099999999966 
0.00000000099999999972 0.00000000099999999972 0.00000000099999999972 0.99999999100000014352 0.00000000099999999972 0.00000000099999999972 0.00000000099999999972 0.00000000099999999972 0.00000000099999999972 0.00000000099999999972 
0.00000000099999999993 0.00000000099999999993 0.00000000099999999993 0.00000000099999999993 0.00000000099999999993 0.39241858610103219629 0.00000000099999999993 0.60758140589896780792 0.00000000099999999993 0.00000000099999999993 
0.00000000099999999989 0.00000000099999999989 0.00000000099999999989 0.00000000099999999989 0.00000000099999999989 0.44742538126929032316 0.00000000099999999989 0.55257461073070957003 0.00000000099999999989 0.00000000099999999989 
0.00000000099999999981 0.00000000099999999981 0.00000000099999999981 0.00000000099999999981 0.00000000099999999981 0.00000000099999999981 0.00000000099999999981 0.99999999100000003249 0.00000000099999999981 0.00000000099999999981 
0.00000000099999999997 0.00000000099999999997 0.00000000099999999997 0.00000000099999999997 0.31643590799952819870 0.00000002723662655570 0.00000000099999999997 0.68356405776384532302 0.00000000099999999997 0.00000000099999999997 
0.00000000099999999988 0.00000000099999999988 0.00000000099999999988 0.00000000099999999988 0.00000000099999999988 0.00000000099999999988 0.00000000099999999988 0.00000000099999999988 0.52852498707982276116 0.47147500492017718754 
0.00000000099999999980 0.00000000099999999980 0.00000000099999999980 0.00000000099999999980 0.00000000099999999980 0.00000000099999999980 0.00000000099999999980 0.00000000099999999980 0.00000000099999999980 0.99999999100000003249 
0.00000000099999999967 0.00000000099999999967 0.00000000099999999967 0.00000000099999999967 0.00000000099999999967 0.00000000099999999967 0.00000000099999999967 0.00000000099999999967 0.99999999099999992147 0.00000000099999999967 
0.00000000099999999976 0.00000000099999999976 0.00000000099999999976 0.00000000099999999976 0.00000000099999999976 0.00000000099999999976 0.99999999099999992147 0.00000000099999999976 0.00000000099999999976 0.00000000099999999976 
0.00000000099999999988 0.63543161699805450482 0.00000000099999999988 0.00000000099999999988 0.36456837500194572144 0.00000000099999999988 0.00000000099999999988 0.00000000099999999988 0.00000000099999999988 0.00000000099999999988 
0.00000000099999999982 0.00000000099999999982 0.00000000099999999982 0.00000000099999999982 0.00000000099999999982 0.00000000099999999982 0.00000000099999999982 0.00000000099999999982 0.54770114992302254553 0.45229884207697751419 
0.00000000099999999980 0.00000000099999999980 0.00000000099999999980 0.00000000099999999980 0.56811352604170395342 0.00000000099999999980 0.43188646595829610630 0.00000000099999999980 0.00000000099999999980 0.00000000099999999980 
0.00000000099999999969 0.00000000099999999969 0.00000000099999999969 0.00000000099999999969 0.00000000099999999969 0.00000000099999999969 0.00000000099999999969 0.00000000099999999969 0.99999999100000003249 0.00000000099999999969 
0.99999999100000014352 0.00000000099999999982 0.00000000099999999982 0.00000000099999999982 0.00000000099999999982 0.00000000099999999982 0.00000000099999999982 0.00000000099999999982 0.00000000099999999982 0.00000000099999999982 
0.12570136710639731592 0.44938219670865031663 0.00000000099999999999 0.11784038763938219085 0.00000000099999999999 0.00087011734390318946 0.00000000099999999999 0.24807135137144342707 0.05813457583022369618 0.00000000099999999999 
0.00000000099999999974 0.00000000099999999974 0.00000000099999999974 0.00000000099999999974 0.00000000099999999974 0.00000000099999999974 0.00000000099999999974 0.99999999099999992147 0.00000000099999999974 0.00000000099999999974 
0.99999999100000014352 0.00000000099999999975 0.00000000099999999975 0.00000000099999999975 0.00000000099999999975 0.00000000099999999975 0.00000000099999999975 0.00000000099999999975 0.00000000099999999975 0.00000000099999999975 
0.00000000099999999998 0.25905219602503010146 0.00000000099999999998 0.00000000099999999998 0.00000179655958213959 0.39099440232071464019 0.00000000594482343236 0.34995159414984960966 0.00000000099999999998 0.00000000099999999998 
0.00000000099999999982 0.00000000099999999982 0.00000000099999999982 0.00000000099999999982 0.00000000099999999982 0.99999999100000014352 0.00000000099999999982 0.00000000099999999982 0.00000000099999999982 0.00000000099999999982 
0.50503380570477851563 0.00000000099999999998 0.00000000099999999998 0.03428932958199149006 0.23813091511282988288 0.00000000099999999998 0.00000000099999999998 0.22254594360040028111 0.00000000099999999998 0.00000000099999999998 
0.99999999100000014352 0.00000000099999999977 0.00000000099999999977 0.00000000099999999977 0.00000000099999999977 0.00000000099999999977 0.00000000099999999977 0.00000000099999999977 0.00000000099999999977 0.00000000099999999977 
0.99999999100000014352 0.00000000099999999980 0.00000000099999999980 0.00000000099999999980 0.00000000099999999980 0.00000000099999999980 0.00000000099999999980 0.00000000099999999980 0.00000000099999999980 0.00000000099999999980 
0.99999999100000025454 0.00000000099999999976 0.00000000099999999976 0.00000000099999999976 0.00000000099999999976 0.00000000099999999976 0.00000000099999999976 0.00000000099999999976 0.00000000099999999976 0.00000000099999999976 
0.99999999100000025454 0.00000000099999999981 0.00000000099999999981 0.00000000099999999981 0.00000000099999999981 0.00000000099999999981 0.00000000099999999981 0.00000000099999999981 0.00000000099999999981 0.00000000099999999981 
0.00000000099999999980 0.00000000099999999980 0.00000000099999999980 0.00000000099999999980 0.00000000099999999980 0.99999999100000003249 0.00000000099999999980 0.00000000099999999980 0.00000000099999999980 0.00000000099999999980 
0.00000000099999999970 0.00000000099999999970 0.00000000099999999970 0.99999999100000003249 0.00000000099999999970 0.00000000099999999970 0.00000000099999999970 0.00000000099999999970 0.00000000099999999970 0.00000000099999999970 
0.00000000099999999976 0.00000000099999999976 0.00000000099999999976 0.00000000099999999976 0.00000000099999999976 0.00000000099999999976 0.00000000099999999976 0.99999999099999992147 0.00000000099999999976 0.00000000099999999976 
0.00000000099999999981 0.00000000099999999981 0.00000000099999999981 0.00000000099999999981 0.00000000099999999981 0.00000000099999999981 0.00000000099999999981 0.99999999100000003249 0.00000000099999999981 0.00000000099999999981 
0.00000000099999999980 0.99999999100000014352 0.00000000099999999980 0.00000000099999999980 0.00000000099999999980 0.00000000099999999980 0.00000000099999999980 0.00000000099999999980 0.00000000099999999980 0.00000000099999999980 
0.00000000099999999976 0.99999999100000025454 0.00000000099999999976 0.00000000099999999976 0.00000000099999999976 0.00000000099999999976 0.00000000099999999976 0.00000000099999999976 0.00000000099999999976 0.00000000099999999976 
0.00000000099999999979 0.99999999100000025454 0.00000000099999999979 0.00000000099999999979 0.00000000099999999979 0.00000000099999999979 0.00000000099999999979 0.00000000099999999979 0.00000000099999999979 0.00000000099999999979 
0.00000000099999999978 0.00000000099999999978 0.99999999100000003249 0.00000000099999999978 0.00000000099999999978 0.00000000099999999978 0.00000000099999999978 0.00000000099999999978 0.00000000099999999978 0.00000000099999999978 
0.00000000099999999974 0.00000000099999999974 0.99999999100000003249 0.00000000099999999974 0.00000000099999999974 0.00000000099999999974 0.00000000099999999974 0.00000000099999999974 0.00000000099999999974 0.00000000099999999974 
0.00000000099999999963 0.00000000099999999963 0.00000000099999999963 0.00000000099999999963 0.00000000099999999963 0.00000000099999999963 0.00000000099999999963 0.00000000099999999963 0.99999999099999992147 0.00000000099999999963 
0.00000000099999999992 0.00000000099999999992 0.00000000099999999992 0.00000000099999999992 0.00000000099999999992 0.00000000099999999992 0.00000000099999999992 0.00000000099999999992 0.72229280623507874370 0.27770718576492109397 
0.00000000099999999949 0.00000000099999999949 0.00000000099999999949 0.00000000099999999949 0.00000000099999999949 0.00000000099999999949 0.00000000099999999949 0.00000000099999999949 0.99999999099999992147 0.00000000099999999949 
0.00000000099999999975 0.00000000099999999975 0.00000000099999999975 0.00000000099999999975 0.00000000099999999975 0.00000000099999999975 0.00000000099999999975 0.00000000099999999975 0.46987197657615287216 0.53012801542384724307 
0.00000000099999999949 0.00000000099999999949 0.00000000099999999949 0.00000000099999999949 0.00000000099999999949 0.00000000099999999949 0.00000000099999999949 0.00000000099999999949 0.99999999099999992147 0.00000000099999999949 
0.00000000099999999927 0.00000000099999999927 0.00000000099999999927 0.00000000099999999927 0.00000000099999999927 0.00000000099999999927 0.00000000099999999927 0.00000000099999999927 0.00000000099999999927 0.99999999100000003249 
0.00000000099999999990 0.00000000099999999990 0.99999999100000003249 0.00000000099999999990 0.00000000099999999990 0.00000000099999999990 0.00000000099999999990 0.00000000099999999990 0.00000000099999999990 0.00000000099999999990 
0.99999999100000025454 0.00000000099999999963 0.00000000099999999963 0.00000000099999999963 0.00000000099999999963 0.00000000099999999963 0.00000000099999999963 0.00000000099999999963 0.00000000099999999963 0.00000000099999999963 
0.00000000099999999976 0.00000000099999999976 0.00000000099999999976 0.00000000099999999976 0.00000000099999999976 0.99999999100000014352 0.00000000099999999976 0.00000000099999999976 0.00000000099999999976 0.00000000099999999976 
0.00000000099999999965 0.00000000099999999965 0.00000000099999999965 0.00000000099999999965 0.99999999100000014352 0.00000000099999999965 0.00000000099999999965 0.00000000099999999965 0.00000000099999999965 0.00000000099999999965 
0.99999999100000025454 0.00000000099999999971 0.00000000099999999971 0.00000000099999999971 0.00000000099999999971 0.00000000099999999971 0.00000000099999999971 0.00000000099999999971 0.00000000099999999971 0.00000000099999999971 
0.00000000099999999969 0.99999999100000014352 0.00000000099999999969 0.00000000099999999969 0.00000000099999999969 0.00000000099999999969 0.00000000099999999969 0.00000000099999999969 0.00000000099999999969 0.00000000099999999969 
0.00000000099999999968 0.00000000099999999968 0.00000000099999999968 0.99999999100000014352 0.00000000099999999968 0.00000000099999999968 0.00000000099999999968 0.00000000099999999968 0.00000000099999999968 0.00000000099999999968 
0.00000000099999999981 0.00000000099999999981 0.50697025272689966169 0.00000000099999999981 0.00000000099999999981 0.00000000099999999981 0.49302973927310023150 0.00000000099999999981 0.00000000099999999981 0.00000000099999999981 
0.00000000099999999983 0.00000000099999999983 0.00000000099999999983 0.99999999100000014352 0.00000000099999999983 0.00000000099999999983 0.00000000099999999983 0.00000000099999999983 0.00000000099999999983 0.00000000099999999983 
0.08448692893548089000 0.00000000099999999999 0.00000000099999999999 0.00311452093595555694 0.00000000099999999999 0.69693198547669521492 0.04337639665441906517 0.17209016299744911427 0.00000000099999999999 0.00000000099999999999 
0.00000000099999999933 0.00000000099999999933 0.00000000099999999933 0.00000000099999999933 0.00000000099999999933 0.00000000099999999933 0.00000000099999999933 0.00000000099999999933 0.00000000099999999933 0.99999999099999992147 
0.00000000099999999983 0.00000000099999999983 0.99999999100000014352 0.00000000099999999983 0.00000000099999999983 0.00000000099999999983 0.00000000099999999983 0.00000000099999999983 0.00000000099999999983 0.00000000099999999983 
0.00000000099999999968 0.00000000099999999968 0.00000000099999999968 0.00000000099999999968 0.00000000099999999968 0.00000000099999999968 0.00000000099999999968 0.00000000099999999968 0.99999999100000003249 0.00000000099999999968 
0.00000000099999999978 0.00000000099999999978 0.00000000099999999978 0.00000000099999999978 0.51176318736542680821 0.00000000099999999978 0.48823680463457319600 0.00000000099999999978 0.00000000099999999978 0.00000000099999999978 
0.00000000099999999970 0.00000000099999999970 0.00000000099999999970 0.00000000099999999970 0.00000000099999999970 0.00000000099999999970 0.00000000099999999970 0.00000000099999999970 0.99999999100000003249 0.00000000099999999970 
0.00000000099999999970 0.00000000099999999970 0.99999999100000003249 0.00000000099999999970 0.00000000099999999970 0.00000000099999999970 0.00000000099999999970 0.00000000099999999970 0.00000000099999999970 0.00000000099999999970 
0.00000000099999999991 0.00000000099999999991 0.00000000099999999991 0.00000000099999999991 0.28082874619617453904 0.71917124580382552068 0.00000000099999999991 0.00000000099999999991 0.00000000099999999991 0.00000000099999999991 
0.00000000099999999985 0.00000000099999999985 0.35034721104214849863 0.00000000099999999985 0.00000000099999999985 0.00000000099999999985 0.64965278095785139456 0.00000000099999999985 0.00000000099999999985 0.00000000099999999985 
0.00000000099999999977 0.00000000099999999977 0.00000000099999999977 0.00000000099999999977 0.00000000099999999977 0.99999999100000003249 0.00000000099999999977 0.00000000099999999977 0.00000000099999999977 0.00000000099999999977 
0.14670344334630378014 0.00000000099999999996 0.49994233555677702885 0.00000000099999999996 0.00000000099999999996 0.00000000099999999996 0.35335421409691930572 0.00000000099999999996 0.00000000099999999996 0.00000000099999999996 
0.00000000099999999972 0.00000000099999999972 0.99999999100000003249 0.00000000099999999972 0.00000000099999999972 0.00000000099999999972 0.00000000099999999972 0.00000000099999999972 0.00000000099999999972 0.00000000099999999972 
0.00000000099999999974 0.00000000099999999974 0.99999999100000003249 0.00000000099999999974 0.00000000099999999974 0.00000000099999999974 0.00000000099999999974 0.00000000099999999974 0.00000000099999999974 0.00000000099999999974 
0.00000000099999999977 0.99999999100000025454 0.00000000099999999977 0.00000000099999999977 0.00000000099999999977 0.00000000099999999977 0.00000000099999999977 0.00000000099999999977 0.00000000099999999977 0.00000000099999999977 
0.00000000099999999958 0.00000000099999999958 0.00000000099999999958 0.00000000099999999958 0.00000000099999999958 0.00000000099999999958 0.99999999100000003249 0.00000000099999999958 0.00000000099999999958 0.00000000099999999958 
0.00000000099999999981 0.00000000099999999981 0.42465605784521132104 0.00000000099999999981 0.00000000099999999981 0.00000000099999999981 0.57534393415478868317 0.00000000099999999981 0.00000000099999999981 0.00000000099999999981 
0.09489157424968511223 0.04075232851000564621 0.09771079240367407104 0.11691041721667691511 0.17447575114685839881 0.33340561788222305983 0.00000018090267032023 0.12878664966014796711 0.00000000100000000000 0.01306668702805854378 
0.00000028870832964045 0.14814006638157950491 0.05867861321260301605 0.15675313573155677527 0.18266395710308841460 0.23321080285458145598 0.00000000099999999999 0.19300867050180459117 0.00000000099999999999 0.02754446350645664912 
0.06164684427223063312 0.00000000099999999999 0.00000000099999999999 0.37771761627356420510 0.17928694418747959105 0.24272176942062068106 0.00000000099999999999 0.13862682084610492006 0.00000000099999999999 0.00000000099999999999 
0.00000000099999999998 0.00000000099999999998 0.00000000099999999998 0.26395785444405261977 0.17966960277867990992 0.19572739031291744305 0.00000000099999999998 0.23877266531078053524 0.12187248215356955017 0.00000000099999999998 
0.00000000099999999998 0.17763490650613297794 0.00000000099999999998 0.00000000099999999998 0.02930926457608422353 0.04075541984214015728 0.10293529892519684421 0.11751566616742946392 0.53184943998301636991 0.00000000099999999998 
0.00000000099999999992 0.40627984340626366322 0.00000000099999999992 0.09226658418394777239 0.00000000099999999992 0.34804117093979458630 0.00000000099999999992 0.15341239546999393961 0.00000000099999999992 0.00000000099999999992 
0.00000000099999999980 0.00000000099999999980 0.00000000099999999980 0.00000000099999999980 0.00000000099999999980 0.00000000099999999980 0.00000000099999999980 0.99999999100000003249 0.00000000099999999980 0.00000000099999999980 
0.01305078126908205439 0.00000000099999999997 0.44110093635577779514 0.00000000099999999997 0.00000000099999999997 0.00000000099999999997 0.39943623341454181919 0.12991811694948610101 0.00000000099999999997 0.01649392701111221382 
0.00000000099999999995 0.00000000099999999995 0.00000000099999999995 0.62054009312139357668 0.00000000099999999995 0.37945989887860642753 0.00000000099999999995 0.00000000099999999995 0.00000000099999999995 0.00000000099999999995 
0.00000000099999999982 0.00000000099999999982 0.00000000099999999982 0.99999999100000003249 0.00000000099999999982 0.00000000099999999982 0.00000000099999999982 0.00000000099999999982 0.00000000099999999982 0.00000000099999999982 
0.00000000099999999991 0.00000000099999999991 0.00000000099999999991 0.99999999100000014352 0.00000000099999999991 0.00000000099999999991 0.00000000099999999991 0.00000000099999999991 0.00000000099999999991 0.00000000099999999991 
0.00000000099999999996 0.00000000099999999996 0.00000000099999999996 0.00000000099999999996 0.00000000099999999996 0.00000000099999999996 0.99999999099999992147 0.00000000099999999996 0.00000000099999999996 0.00000000099999999996 
0.00000000099999999960 0.00000000099999999960 0.00000000099999999960 0.00000000099999999960 0.99999999100000003249 0.00000000099999999960 0.00000000099999999960 0.00000000099999999960 0.00000000099999999960 0.00000000099999999960 
0.00000000099999999987 0.00000000099999999987 0.00000000099999999987 0.00000000099999999987 0.00000000099999999987 0.00000000099999999987 0.99999999099999992147 0.00000000099999999987 0.00000000099999999987 0.00000000099999999987 
0.06059056278632520692 0.00022606172553352633 0.00000000100000000000 0.17149263477760812169 0.00000633779796246767 0.00255343196048666860 0.43131538431943866607 0.33381558363264529632 0.00000000100000000000 0.00000000100000000000 
0.14111809504710848273 0.00000000099999999998 0.00000000099999999998 0.00000002759848229917 0.00000000099999999998 0.00000000099999999998 0.00000000099999999998 0.85888187035440932693 0.00000000099999999998 0.00000000099999999998 
0.00000000099999999962 0.00000000099999999962 0.00000000099999999962 0.00000000099999999962 0.00000000099999999962 0.00000000099999999962 0.99999999100000003249 0.00000000099999999962 0.00000000099999999962 0.00000000099999999962 
0.10930521974963615384 0.00000000099999999998 0.00000000099999999998 0.41748484807653346573 0.20365740920965413885 0.00000006361436970654 0.00000000099999999998 0.26955245434980662500 0.00000000099999999998 0.00000000099999999998 
0.00000000099999999998 0.00000000099999999998 0.00000000099999999998 0.33538350801431671133 0.00000000099999999998 0.66461648033032949545 0.00000000099999999998 0.00000000099999999998 0.00000000099999999998 0.00000000465535372052 
0.14293625650199381916 0.00000000099999999997 0.00000000099999999997 0.00000000099999999997 0.38806923210768473620 0.00000000099999999997 0.00000000099999999997 0.46899450439032136506 0.00000000099999999997 0.00000000099999999997 
0.00000000099999999989 0.58761932224723867346 0.00000000099999999989 0.00000000099999999989 0.00000000099999999989 0.41238066975276155279 0.00000000099999999989 0.00000000099999999989 0.00000000099999999989 0.00000000099999999989 
0.00000000099999999988 0.37381609382774816375 0.00000000099999999988 0.00000000099999999988 0.00000000099999999988 0.62618389817225184046 0.00000000099999999988 0.00000000099999999988 0.00000000099999999988 0.00000000099999999988 
0.00000000099999999993 0.33465023759826734162 0.00000000099999999993 0.38437561758573002280 0.00000000099999999993 0.00000000099999999993 0.00000000099999999993 0.28097413781600266702 0.00000000099999999993 0.00000000099999999993 
0.00000000099999999994 0.00000000099999999994 0.00000000099999999994 0.30244332042683869100 0.00000000099999999994 0.00000000099999999994 0.00000000099999999994 0.69755667157316125770 0.00000000099999999994 0.00000000099999999994 
0.02255671308771215605 0.00156717988795438681 0.00000000099999999999 0.27398855274744893240 0.30356656933727454994 0.28782690521810011530 0.00000000099999999999 0.00000798602081748387 0.00000000099999999999 0.11048609070069233262 
