0.99999999799999994554 0.00000000099999999997 0.00000000099999999997 
0.00000000099999999999 0.00000000099999999999 0.99999999799999994554 
0.00000001345523296090 0.99999998554476710044 0.00000000099999999999 
0.00067704723880416835 0.13115363981991429165 0.86816931294128152352 
0.00615045003577474082 0.99384954896422517123 0.00000000100000000000 
0.99999999799999994554 0.00000000099999999996 0.00000000099999999996 
0.99999999799999994554 0.00000000099999999995 0.00000000099999999995 
0.00000000099999999998 0.99999999799999994554 0.00000000099999999998 
0.00000000099999999999 0.99999999457339194819 0.00000000442660808848 
0.00000000099999999998 0.99999999800000005656 0.00000000099999999998 
0.00000000099999999999 0.99999999800000005656 0.00000000099999999999 
0.00000000099999999999 0.99999999799999994554 0.00000000099999999999 
0.05759892458062246950 0.93184309562156819595 0.01055797979780934669 
0.00000000099999999998 0.00000000099999999998 0.99999999800000005656 
0.00003095230578626320 0.09922627666805827751 0.90074277102615551982 
0.00000000099999999994 0.00000000099999999994 0.99999999799999994554 
0.99999999800000005656 0.00000000099999999998 0.00000000099999999998 
0.00000000099999999999 0.96553049729247097943 0.03446950170752893783 
0.00000000099999999996 0.00000000099999999996 0.99999999799999994554 
0.40344412540802598865 0.59655587359197392860 0.00000000099999999999 
0.00000000099999999994 0.00000000099999999994 0.99999999800000005656 
0.14505365575669335043 0.85494634324330653907 0.00000000099999999999 
0.03955219992425487024 0.89602704512194786268 0.06442075495379730177 
0.00000000099999999999 0.99997918232955174123 0.00002081667044826676 
0.17091444053458770824 0.82908555846541209799 0.00000000099999999999 
0.02153798363769341209 0.97271374898667861686 0.00574826737562805345 
0.00000000099999999999 0.99999999394947436393 0.00000000505052568244 
0.08369545417579335456 0.89585501319713134460 0.02044953262707540492 
0.16515835318057228709 0.83478795494068147587 0.00005369187874605000 
0.19106401903429509614 0.79610998716245129359 0.01282599380325359119 
0.19916421382440641086 0.80083578517559361742 0.00000000099999999999 
0.17590958649054869167 0.82409041250945114232 0.00000000100000000000 
0.00000000099999999999 0.95785200065995479424 0.04214799834004521323 
0.01245007443557616909 0.98754992456442391990 0.00000000099999999999 
0.02453758928547090934 0.97525715973229865075 0.00020525098223053644 
0.06145747224823882443 0.90653089349370730154 0.03201163425805380464 
0.00000000099999999999 0.99999999799999994554 0.00000000099999999999 
0.00029003831478206516 0.99970996068521789102 0.00000000100000000000 
0.02816810779266133019 0.97183189120733870503 0.00000000099999999999 
0.99999999799999994554 0.00000000099999999996 0.00000000099999999996 
0.99999999800000005656 0.00000000099999999995 0.00000000099999999995 
0.00000000099999999993 0.00000000099999999993 0.99999999800000005656 
0.00000000099999999998 0.00000000099999999998 0.99999999800000005656 
0.00000000099999999989 0.00000000099999999989 0.99999999800000005656 
0.00000000099999999995 0.00000000099999999995 0.99999999799999994554 
0.00000000099999999990 0.00000000099999999990 0.99999999799999994554 
0.00000000099999999991 0.00000000099999999991 0.99999999800000005656 
0.96443645149335399669 0.03556354750664588588 0.00000000099999999999 
0.20486217555019808900 0.79513782344980177275 0.00000000099999999998 
0.00000000099999999998 0.99999999799999994554 0.00000000099999999998 
0.00000000099999999997 0.99999999799999994554 0.00000000099999999997 
0.19916732783507437587 0.80083267116492562465 0.00000000099999999999 
0.00000000099999999998 0.99999999800000005656 0.00000000099999999998 
0.00000000099999999999 0.99999999704317077409 0.00000000195682927533 
0.99999999799999994554 0.00000000099999999995 0.00000000099999999995 
0.01533422616384785830 0.96779503143632750195 0.01687074239982476118 
0.06333837561880874267 0.91262246965240156893 0.02403915472878962248 
0.00000000099999999995 0.00000000099999999995 0.99999999800000005656 
0.99999999800000005656 0.00000000099999999998 0.00000000099999999998 
0.00000000099999999994 0.00000000099999999994 0.99999999800000005656 
0.50212750108524006887 0.49787249791475995941 0.00000000099999999999 
0.00000000099999999995 0.00000000099999999995 0.99999999800000005656 
0.99999999800000005656 0.00000000099999999994 0.00000000099999999994 
0.00000066929203655420 0.99998296992390023341 0.00001636078406315735 
0.99999999799999994554 0.00000000099999999997 0.00000000099999999997 
0.00000000099999999998 0.99999999800000005656 0.00000000099999999998 
0.88573036579276986924 0.11426963320723003414 0.00000000099999999999 
0.99999999799999994554 0.00000000099999999994 0.00000000099999999994 
0.99999999800000005656 0.00000000099999999995 0.00000000099999999995 
0.00046358863251370956 0.99953641036748619442 0.00000000099999999999 
0.99999999799999994554 0.00000000099999999995 0.00000000099999999995 
0.99999999800000005656 0.00000000099999999995 0.00000000099999999995 
0.11428190834834213441 0.87037528341374259533 0.01534280823791515924 
0.06161020859645872927 0.90569989633297343090 0.03268989507056777044 
0.00459558628341793195 0.96295085802989821566 0.03245355568668375351 
0.00000138838580959780 0.86575798856783070523 0.13424062304635972498 
0.06805289007496327647 0.41069359271489624952 0.52125351721014057116 
0.00000000099999999998 0.99999999799999994554 0.00000000099999999998 
0.02870337346066951373 0.97129662553933049374 0.00000000099999999999 
0.86259136662349200630 0.12889271890102102502 0.00851591447548701724 
0.00304719949202262620 0.99695279950797732749 0.00000000099999999999 
0.00000000099999999998 0.99999999799999994554 0.00000000099999999998 
0.00000000112581316990 0.93620337650331375556 0.06379662237087306564 
0.99958122184423237044 0.00041877715576770815 0.00000000100000000000 
0.00000000099999999998 0.99999999799999994554 0.00000000099999999998 
0.72863630355158492957 0.27136369544841487667 0.00000000099999999999 
0.31052490149123590513 0.68792332445274018138 0.00155177405602383652 
0.03185747756963874106 0.96786942411166299038 0.00027309831869818313 
0.99999999799999994554 0.00000000099999999995 0.00000000099999999995 
0.03686614690807402811 0.96313385209192581282 0.00000000100000000000 
0.00000380007535179752 0.95762198598521575121 0.04237421393943241466 
0.02825484892306790591 0.97174515007693207380 0.00000000099999999999 
0.00000000100000000000 0.99119669309318925166 0.00880330590681082693 
0.00000000099999999999 0.99810233668275727403 0.00189766231724276227 
0.00000000099999999998 0.99999999800000005656 0.00000000099999999998 
0.00001375142969156367 0.99995716558577896205 0.00002908298452955646 
0.00000002494715682041 0.88960539335612609513 0.11039458169671706456 
