0.00000000099999999982 0.00000000099999999982 0.99999999299999997593 0.00000000099999999982 0.00000000099999999982 0.00000000099999999982 0.00000000099999999982 0.00000000099999999982 
0.00000000099999999981 0.00000000099999999981 0.00000000099999999981 0.99999999299999997593 0.00000000099999999981 0.00000000099999999981 0.00000000099999999981 0.00000000099999999981 
0.00000000099999999994 0.00000000099999999994 0.00000000099999999994 0.00000000099999999994 0.50505651608074664249 0.00000000099999999994 0.00000000099999999994 0.49494347791925330515 
0.00000000099999999994 0.99999999300000008695 0.00000000099999999994 0.00000000099999999994 0.00000000099999999994 0.00000000099999999994 0.00000000099999999994 0.00000000099999999994 
0.00000000099999999996 0.00000000099999999996 0.00000000099999999996 0.00000000099999999996 0.00000000099999999996 0.00000000099999999996 0.07232243969178257792 0.92767755430821741136 
0.00000000099999999978 0.00000000099999999978 0.99999999300000008695 0.00000000099999999978 0.00000000099999999978 0.00000000099999999978 0.00000000099999999978 0.00000000099999999978 
0.00000000099999999976 0.00000000099999999976 0.99999999299999997593 0.00000000099999999976 0.00000000099999999976 0.00000000099999999976 0.00000000099999999976 0.00000000099999999976 
0.00000000099999999988 0.00000000099999999988 0.00000000099999999988 0.00000000099999999988 0.00000000099999999988 0.00000000099999999988 0.00000000099999999988 0.99999999300000008695 
0.00000000099999999996 0.00000000099999999996 0.00000000099999999996 0.00000000099999999996 0.38692140164865512775 0.00000000099999999996 0.00000000099999999996 0.61307859235134476439 
0.00000000099999999995 0.00000000099999999995 0.00000000099999999995 0.00000000099999999995 0.45958915983171455544 0.00000000099999999995 0.03123223381067203458 0.50917860135761328078 
0.00000000099999999994 0.00000000099999999994 0.00000000099999999994 0.00000000099999999994 0.59449804908941350501 0.00000000099999999994 0.00000000099999999994 0.40550194491058655366 
0.00000000099999999988 0.00000000099999999988 0.00000000099999999988 0.00000000099999999988 0.99999999299999997593 0.00000000099999999988 0.00000000099999999988 0.00000000099999999988 
0.06718288874442220060 0.00000000099999999999 0.00002318603607037585 0.00000000099999999999 0.22895528434563955367 0.03235992301300701091 0.00410834396535754865 0.66737037189550330041 
0.00000000099999999983 0.00000000099999999983 0.00000000099999999983 0.99999999300000008695 0.00000000099999999983 0.00000000099999999983 0.00000000099999999983 0.00000000099999999983 
0.00000000099999999998 0.55219751507982850480 0.00000000099999999998 0.40251485210822035565 0.04528762781195111442 0.00000000099999999998 0.00000000099999999998 0.00000000099999999998 
0.00000000099999999954 0.99999999300000019797 0.00000000099999999954 0.00000000099999999954 0.00000000099999999954 0.00000000099999999954 0.00000000099999999954 0.00000000099999999954 
0.00000000099999999985 0.00000000099999999985 0.99999999299999997593 0.00000000099999999985 0.00000000099999999985 0.00000000099999999985 0.00000000099999999985 0.00000000099999999985 
0.00000000099999999992 0.00000000099999999992 0.00000000099999999992 0.00000000099999999992 0.00000000099999999992 0.00000000099999999992 0.00000000099999999992 0.99999999299999997593 
0.00000000099999999965 0.00000000099999999965 0.00000000099999999965 0.00000000099999999965 0.00000000099999999965 0.99999999300000008695 0.00000000099999999965 0.00000000099999999965 
0.39842163745321196311 0.00000000099999999987 0.00000000099999999987 0.00000000099999999987 0.60157835654678804005 0.00000000099999999987 0.00000000099999999987 0.00000000099999999987 
0.00000000099999999961 0.00000000099999999961 0.00000000099999999961 0.00000000099999999961 0.00000000099999999961 0.99999999300000008695 0.00000000099999999961 0.00000000099999999961 
0.00000000099999999984 0.00000000099999999984 0.00000000099999999984 0.00000000099999999984 0.00000000099999999984 0.00000000099999999984 0.99999999299999986491 0.00000000099999999984 
0.00000000100000000000 0.00000045380061837339 0.03028783222720111273 0.05938991996867849787 0.41963068456524049710 0.00000000833564284412 0.11191959738017610848 0.37877150272244258788 
0.00000000099999999985 0.00000000099999999985 0.00000000099999999985 0.00000000099999999985 0.99999999299999997593 0.00000000099999999985 0.00000000099999999985 0.00000000099999999985 
0.00000000099999999977 0.00000000099999999977 0.00000000099999999977 0.00000000099999999977 0.00000000099999999977 0.00000000099999999977 0.99999999299999997593 0.00000000099999999977 
0.00000000099999999999 0.00000000099999999999 0.01758048394145368676 0.00000001218375648876 0.45199017539523850262 0.00000000099999999999 0.00000000099999999999 0.53042932447955126740 
0.00000000099999999993 0.00000000099999999993 0.00000000099999999993 0.00000000099999999993 0.00000000099999999993 0.00000000099999999993 0.00000000099999999993 0.99999999299999997593 
0.00000000099999999997 0.00000000099999999997 0.00000000099999999997 0.00000000099999999997 0.47590571337528081441 0.00000000099999999997 0.52409428062471918874 0.00000000099999999997 
0.00000000099999999980 0.00000000099999999980 0.00000000099999999980 0.00000000099999999980 0.00000000099999999980 0.00000000099999999980 0.99999999299999986491 0.00000000099999999980 
0.00000000099999999982 0.00000000099999999982 0.00000000099999999982 0.00000000099999999982 0.00000000099999999982 0.00000000099999999982 0.99999999299999997593 0.00000000099999999982 
0.00000000099999999978 0.00000000099999999978 0.00000000099999999978 0.00000000099999999978 0.00000000099999999978 0.00000000099999999978 0.99999999299999986491 0.00000000099999999978 
0.00000000099999999981 0.00000000099999999981 0.00000000099999999981 0.00000000099999999981 0.00000000099999999981 0.00000000099999999981 0.99999999299999986491 0.00000000099999999981 
0.00000000099999999996 0.04687678608629752830 0.00000000099999999996 0.00000000099999999996 0.34125669606172548409 0.00000000099999999996 0.00000000099999999996 0.61186651285197690697 
0.01259567434681408901 0.00000000099999999994 0.00000000099999999994 0.00000000099999999994 0.39960898254392174245 0.00000000099999999994 0.00000000099999999994 0.58779533810926420934 
0.00924689477834062835 0.00038872115563759561 0.00000077354356832501 0.00000000099999999998 0.50251292222434928991 0.00000000099999999998 0.00000000099999999998 0.48785068529810426963 
0.00000000099999999998 0.00000000099999999998 0.04362999061209699853 0.03317289830341179496 0.44611783614338268444 0.00000000099999999998 0.07075343066727302066 0.40632584127383564176 
0.00000000099999999996 0.00000000099999999996 0.00000000099999999996 0.00000000099999999996 0.33143585162755540008 0.00000000099999999996 0.00000000099999999996 0.66856414237244454757 
0.00000000099999999997 0.00000000099999999997 0.00000000099999999997 0.00000000099999999997 0.52137485176350439886 0.00000000099999999997 0.01325580650054019108 0.46536933673595543004 
0.02779265410131412026 0.00000000099999999997 0.00000416603245538973 0.00000000099999999997 0.33200089756688982989 0.00000000099999999997 0.01455702257231508354 0.62564525672702542280 
0.00000000099999999979 0.00000000099999999979 0.99999999300000008695 0.00000000099999999979 0.00000000099999999979 0.00000000099999999979 0.00000000099999999979 0.00000000099999999979 
0.99999999300000019797 0.00000000099999999971 0.00000000099999999971 0.00000000099999999971 0.00000000099999999971 0.00000000099999999971 0.00000000099999999971 0.00000000099999999971 
0.00000000099999999954 0.99999999300000008695 0.00000000099999999954 0.00000000099999999954 0.00000000099999999954 0.00000000099999999954 0.00000000099999999954 0.00000000099999999954 
0.00000000099999999989 0.00000000099999999989 0.00000000099999999989 0.43362078338084691920 0.00000000099999999989 0.56637921061915308396 0.00000000099999999989 0.00000000099999999989 
0.00000000099999999959 0.00000000099999999959 0.00000000099999999959 0.99999999299999997593 0.00000000099999999959 0.00000000099999999959 0.00000000099999999959 0.00000000099999999959 
0.00000000099999999983 0.25513923445319808270 0.00000000099999999983 0.74486075954680208699 0.00000000099999999983 0.00000000099999999983 0.00000000099999999983 0.00000000099999999983 
0.00000000099999999956 0.00000000099999999956 0.00000000099999999956 0.99999999299999997593 0.00000000099999999956 0.00000000099999999956 0.00000000099999999956 0.00000000099999999956 
0.00000000099999999951 0.99999999300000019797 0.00000000099999999951 0.00000000099999999951 0.00000000099999999951 0.00000000099999999951 0.00000000099999999951 0.00000000099999999951 
0.00000000099999999985 0.00000000099999999985 0.99999999299999997593 0.00000000099999999985 0.00000000099999999985 0.00000000099999999985 0.00000000099999999985 0.00000000099999999985 
0.00000000099999999968 0.00000000099999999968 0.00000000099999999968 0.00000000099999999968 0.00000000099999999968 0.00000000099999999968 0.99999999299999997593 0.00000000099999999968 
0.00000000099999999987 0.00000000099999999987 0.00000000099999999987 0.00000000099999999987 0.00000000099999999987 0.00000000099999999987 0.00000000099999999987 0.99999999299999997593 
0.00000000099999999986 0.00000000099999999986 0.00000000099999999986 0.00000000099999999986 0.00000000099999999986 0.00000000099999999986 0.00000000099999999986 0.99999999299999997593 
0.00000000099999999974 0.00000000099999999974 0.00000000099999999974 0.00000000099999999974 0.00000000099999999974 0.00000000099999999974 0.99999999299999997593 0.00000000099999999974 
0.00000000099999999982 0.00000000099999999982 0.00000000099999999982 0.00000000099999999982 0.99999999300000008695 0.00000000099999999982 0.00000000099999999982 0.00000000099999999982 
0.00000000099999999989 0.00000000099999999989 0.00000000099999999989 0.00000000099999999989 0.00000000099999999989 0.00000000099999999989 0.00000000099999999989 0.99999999299999997593 
0.99999999300000019797 0.00000000099999999973 0.00000000099999999973 0.00000000099999999973 0.00000000099999999973 0.00000000099999999973 0.00000000099999999973 0.00000000099999999973 
0.01043274124757462631 0.00000000099999999999 0.00000002115797758500 0.02528447583751835745 0.36292295964438725520 0.00000000099999999999 0.04587358589889783955 0.55548621421364430262 
0.00000000099999999999 0.00000000099999999999 0.05446663292789147987 0.00000000099999999999 0.29198989302191535877 0.03518715496355973721 0.07465146821986438919 0.54370484786676909206 
0.00000000099999999971 0.00000000099999999971 0.00000000099999999971 0.99999999299999997593 0.00000000099999999971 0.00000000099999999971 0.00000000099999999971 0.00000000099999999971 
0.40586796075989028942 0.00000000099999999994 0.59413203324010976925 0.00000000099999999994 0.00000000099999999994 0.00000000099999999994 0.00000000099999999994 0.00000000099999999994 
0.00000000099999999957 0.00000000099999999957 0.00000000099999999957 0.00000000099999999957 0.00000000099999999957 0.99999999299999997593 0.00000000099999999957 0.00000000099999999957 
0.46614076178193286637 0.00000000099999999987 0.00000000099999999987 0.00000000099999999987 0.53385923221806708128 0.00000000099999999987 0.00000000099999999987 0.00000000099999999987 
0.00000000099999999967 0.00000000099999999967 0.00000000099999999967 0.00000000099999999967 0.00000000099999999967 0.99999999299999997593 0.00000000099999999967 0.00000000099999999967 
0.00000000099999999970 0.00000000099999999970 0.99999999300000008695 0.00000000099999999970 0.00000000099999999970 0.00000000099999999970 0.00000000099999999970 0.00000000099999999970 
0.00000000099999999993 0.00000000099999999993 0.00000000099999999993 0.00000000099999999993 0.00000000099999999993 0.00000000099999999993 0.00000000099999999993 0.99999999299999997593 
0.99999999300000019797 0.00000000099999999982 0.00000000099999999982 0.00000000099999999982 0.00000000099999999982 0.00000000099999999982 0.00000000099999999982 0.00000000099999999982 
0.00000000099999999989 0.00000000099999999989 0.00000000099999999989 0.00000000099999999989 0.00000000099999999989 0.00000000099999999989 0.00000000099999999989 0.99999999299999997593 
0.47130988695636538699 0.00000000099999999996 0.38148823265231307511 0.00000000099999999996 0.00000000099999999996 0.00000000099999999996 0.14720187539132170707 0.00000000099999999996 
0.99999999300000019797 0.00000000099999999974 0.00000000099999999974 0.00000000099999999974 0.00000000099999999974 0.00000000099999999974 0.00000000099999999974 0.00000000099999999974 
0.00000000099999999974 0.00000000099999999974 0.99999999300000008695 0.00000000099999999974 0.00000000099999999974 0.00000000099999999974 0.00000000099999999974 0.00000000099999999974 
0.03557599493012072317 0.00000000099999999992 0.00000000099999999992 0.00000000099999999992 0.00000000099999999992 0.00000000099999999992 0.00000000099999999992 0.96442399906987930081 
0.39127626797457848440 0.00000000099999999986 0.60872372602542157427 0.00000000099999999986 0.00000000099999999986 0.00000000099999999986 0.00000000099999999986 0.00000000099999999986 
0.99999999300000008695 0.00000000099999999975 0.00000000099999999975 0.00000000099999999975 0.00000000099999999975 0.00000000099999999975 0.00000000099999999975 0.00000000099999999975 
0.09703114241981168619 0.01976619498608027381 0.00006705173253709377 0.00000000100000000000 0.28389708551641062995 0.00000000100000000000 0.08971608424496421708 0.50952243910019612283 
0.00000000099999999998 0.00000000099999999998 0.06434185453950566624 0.00000000099999999998 0.45782255519219527962 0.03147827824994717250 0.00000000099999999998 0.44635730801835177273 
0.00011700609954420282 0.00000000099999999999 0.00000000099999999999 0.00000000099999999999 0.33467285594630652446 0.03201096450548378269 0.06987065407713355381 0.56332851637153202873 
0.00000000099999999997 0.00000000099999999997 0.00000000099999999997 0.14097447325744832947 0.36893853863837966500 0.00000000099999999997 0.00000007424954456853 0.49008690985462749490 
0.00032498361222730796 0.00000000099999999998 0.00000000099999999998 0.56024696937663520657 0.43942804201113744300 0.00000000099999999998 0.00000000099999999998 0.00000000099999999998 
0.00000000099999999993 0.00000000099999999993 0.00000000099999999993 0.00000000099999999993 0.41403976803676101337 0.00000000099999999993 0.00000000099999999993 0.58596022596323904530 
0.00000000099999999986 0.00000000099999999986 0.00000000099999999986 0.00000000099999999986 0.99999999299999997593 0.00000000099999999986 0.00000000099999999986 0.00000000099999999986 
0.32239828507787765544 0.00000000099999999998 0.48948725315621366416 0.00000000099999999998 0.16685036056845181651 0.00000000099999999998 0.02126409719745691110 0.00000000099999999998 
0.00813408677156001077 0.00000000099999999997 0.00000000099999999997 0.00000000099999999997 0.34104468710033292167 0.00000000099999999997 0.07067922970615468647 0.58014199242195241268 
0.00000000099999999996 0.00000000099999999996 0.00000000099999999996 0.00000000099999999996 0.58023754636812485685 0.00000000099999999996 0.01556340800945962485 0.40419904062241551745 
0.00000000099999999998 0.00388105653298020893 0.00000000099999999998 0.05552012337228198757 0.52766524819520244094 0.00000000099999999998 0.00000000099999999998 0.41293356789953550301 
0.50913316113400231000 0.00000000099999999998 0.49085545003872549374 0.00000000099999999998 0.00001138382727221780 0.00000000099999999998 0.00000000099999999998 0.00000000099999999998 
0.00000000099999999995 0.00000000099999999995 0.00000000099999999995 0.00000000099999999995 0.39652552241918964659 0.00000000099999999995 0.00000000099999999995 0.60347447158081035656 
0.47941842655061278622 0.00000000099999999994 0.25861180155734198038 0.00000000099999999994 0.00000000099999999994 0.00000000099999999994 0.01407908593470914849 0.24789068195733618416 
0.34309620564535603382 0.00002589806824837065 0.00002851413450622118 0.00000000100000000000 0.63549414485446020784 0.00000000100000000000 0.01896405022924035552 0.00239118506818896195 
0.00000000099999999998 0.00000000099999999998 0.00000000099999999998 0.00000000099999999998 0.73776295727696050708 0.00000000099999999998 0.26223703672303955159 0.00000000099999999998 
0.99999999300000019797 0.00000000099999999974 0.00000000099999999974 0.00000000099999999974 0.00000000099999999974 0.00000000099999999974 0.00000000099999999974 0.00000000099999999974 
0.00000000099999999998 0.00000000099999999998 0.00155223817455474376 0.00000003047952242132 0.48212246500939770488 0.00000000099999999998 0.11869001071793383595 0.39763525261859117288 
0.00000000099999999998 0.08367561605473938791 0.00000000099999999998 0.00000000099999999998 0.48172792500035049867 0.00000000099999999998 0.00000009793437792668 0.43459635701053211942 
0.00000000099999999996 0.00000000099999999996 0.00000000099999999996 0.00000000099999999996 0.86151004293320909699 0.00000000099999999996 0.13848995106679093392 0.00000000099999999996 
0.00000000099999999992 0.00000000099999999992 0.00000000099999999992 0.00000000099999999992 0.00000000099999999992 0.00000000099999999992 0.00000000099999999992 0.99999999300000008695 
0.00000000099999999989 0.00000000099999999989 0.00000000099999999989 0.00000000099999999989 0.00000000099999999989 0.00000000099999999989 0.00000000099999999989 0.99999999299999997593 
0.00000000099999999994 0.00000000099999999994 0.00000000099999999994 0.00000000099999999994 0.50940429851415436335 0.00000000099999999994 0.00000000099999999994 0.49059569548584575083 
0.00000000099999999992 0.00000000099999999992 0.00000000099999999992 0.00000000099999999992 0.99999999300000008695 0.00000000099999999992 0.00000000099999999992 0.00000000099999999992 
0.00000000099999999999 0.00000000099999999999 0.00000000099999999999 0.02351388174927262348 0.46938377953475907134 0.08566703650903793876 0.00810889257557895551 0.41332640663135139514 
