0.00000000099999999996 0.00000000099999999996 0.99999999599999989108 0.00000000099999999996 0.00000000099999999996 
0.00000000099999999997 0.00000000099999999997 0.00000000099999999997 0.99999999599999989108 0.00000000099999999997 
0.00000000099999999997 0.42196424293380324633 0.00000000099999999997 0.00000000099999999997 0.57803575406619656096 
0.00000000100000000000 0.00000000105598519661 0.00000000100000000000 0.86757829489496685049 0.13242170204904785136 
0.00000000099999999995 0.00000000099999999995 0.00000000099999999995 0.00000000099999999995 0.99999999600000000211 
0.00000000099999999994 0.00000000099999999994 0.99999999600000000211 0.00000000099999999994 0.00000000099999999994 
0.00000000099999999991 0.00000000099999999991 0.99999999600000000211 0.00000000099999999991 0.00000000099999999991 
0.00000000099999999993 0.99999999600000011313 0.00000000099999999993 0.00000000099999999993 0.00000000099999999993 
0.00000000099999999998 0.69894878157824058551 0.00000000099999999998 0.00000000099999999998 0.30105121542175949934 
0.03555101312338582870 0.73883977098017483698 0.00000000099999999998 0.00000000099999999998 0.22560921389643939783 
0.00000000099999999992 0.00000000099999999992 0.00000000099999999992 0.00000000099999999992 0.99999999599999989108 
0.00000000099999999998 0.63963622017231624994 0.00000000099999999998 0.00000000099999999998 0.36036377682768389041 
0.02028809089398998095 0.42638486928942487264 0.05953496931157564037 0.00491114175600879024 0.48888092874900074269 
0.00000000099999999996 0.00000000099999999996 0.00000000099999999996 0.99999999600000000211 0.00000000099999999996 
0.00000420876239243860 0.00000000099999999999 0.00000000099999999999 0.89340239818684730189 0.10659339105076028054 
0.00000000099999999988 0.00000000099999999988 0.00000000099999999988 0.99999999599999989108 0.00000000099999999988 
0.00000000099999999996 0.00000000099999999996 0.99999999599999989108 0.00000000099999999996 0.00000000099999999996 
0.00000000099999999995 0.99999999600000000211 0.00000000099999999995 0.00000000099999999995 0.00000000099999999995 
0.00000000099999999993 0.00000000099999999993 0.00000000099999999993 0.99999999600000000211 0.00000000099999999993 
0.00000000099999999995 0.00000000099999999995 0.39682364085206478510 0.00000000099999999995 0.60317635614793529975 
0.00000000099999999989 0.00000000099999999989 0.00000000099999999989 0.99999999599999989108 0.00000000099999999989 
0.99999999600000011313 0.00000000099999999992 0.00000000099999999992 0.00000000099999999992 0.00000000099999999992 
0.12132310026288804783 0.48623445371087614664 0.02586219277073468700 0.05892202495260909917 0.30765822830289191181 
0.00000000099999999993 0.00000000099999999993 0.00000000099999999993 0.00000000099999999993 0.99999999599999989108 
0.99999999600000011313 0.00000000099999999988 0.00000000099999999988 0.00000000099999999988 0.00000000099999999988 
0.00008236052231732783 0.54273872742084838805 0.01842935556405068259 0.00000000160122759231 0.43874955489155598176 
0.00000000099999999998 0.64009077965024985257 0.00000000099999999998 0.00000000099999999998 0.35990921734975028778 
0.49744458314469636173 0.30178541177497764103 0.00000000099999999999 0.00000853250401093617 0.20076147157631504814 
0.99999999600000000211 0.00000000099999999990 0.00000000099999999990 0.00000000099999999990 0.00000000099999999990 
0.99999999600000000211 0.00000000099999999991 0.00000000099999999991 0.00000000099999999991 0.00000000099999999991 
0.99999999600000000211 0.00000000099999999989 0.00000000099999999989 0.00000000099999999989 0.00000000099999999989 
0.99999999600000000211 0.00000000099999999991 0.00000000099999999991 0.00000000099999999991 0.00000000099999999991 
0.00000000099999999993 0.00000000099999999993 0.00000000099999999993 0.00000000099999999993 0.99999999600000000211 
0.00000000099999999994 0.99999999600000000211 0.00000000099999999994 0.00000000099999999994 0.00000000099999999994 
0.00000000099999999996 0.99999999600000011313 0.00000000099999999996 0.00000000099999999996 0.00000000099999999996 
0.06504590267169310658 0.42360654395659252947 0.05199152202900281933 0.01873000550828880437 0.44062602583442267434 
0.00000000099999999998 0.68890418590915503128 0.00000000099999999998 0.00000000099999999998 0.31109581109084516459 
0.01075182682492102811 0.45302057043413546111 0.00000000099999999999 0.00000000099999999999 0.53622760074094333316 
0.01359947449178051417 0.63585204957704188899 0.02526753156712757339 0.00000000099999999999 0.32528094336405000142 
0.00000000099999999994 0.00000000099999999994 0.99999999599999989108 0.00000000099999999994 0.00000000099999999994 
0.00000000099999999992 0.00000000099999999992 0.99999999599999989108 0.00000000099999999992 0.00000000099999999992 
0.00000000099999999986 0.00000000099999999986 0.00000000099999999986 0.99999999599999989108 0.00000000099999999986 
0.00000000099999999996 0.00000000099999999996 0.00000000099999999996 0.99999999600000000211 0.00000000099999999996 
0.00000000099999999978 0.00000000099999999978 0.00000000099999999978 0.99999999600000000211 0.00000000099999999978 
0.00000000099999999991 0.00000000099999999991 0.00000000099999999991 0.99999999600000000211 0.00000000099999999991 
0.00000000099999999980 0.00000000099999999980 0.00000000099999999980 0.99999999599999989108 0.00000000099999999980 
0.00000000099999999983 0.00000000099999999983 0.00000000099999999983 0.99999999599999989108 0.00000000099999999983 
0.00000000099999999998 0.06291648499695032259 0.93708351200304973450 0.00000000099999999998 0.00000000099999999998 
0.99999999600000011313 0.00000000099999999983 0.00000000099999999983 0.00000000099999999983 0.00000000099999999983 
0.00000000099999999991 0.00000000099999999991 0.00000000099999999991 0.00000000099999999991 0.99999999599999989108 
0.00000000099999999996 0.71689903922331188468 0.00000000099999999996 0.00000000099999999996 0.28310095777668808914 
0.99999999600000011313 0.00000000099999999987 0.00000000099999999987 0.00000000099999999987 0.00000000099999999987 
0.03224512820241104416 0.65966280300522495139 0.00000000099999999997 0.00000000099999999997 0.30809206679236411652 
0.00000000099999999994 0.99999999600000000211 0.00000000099999999994 0.00000000099999999994 0.00000000099999999994 
0.00000000099999999991 0.00000000099999999991 0.99999999600000000211 0.00000000099999999991 0.00000000099999999991 
0.04991535442835295239 0.59602639635683474229 0.01040459533826124973 0.01593140480640885953 0.32772224907014224637 
0.07985093552377101056 0.44101584407681043709 0.05187674963325564215 0.02500345877288783283 0.40225301199327517798 
0.00000000099999999991 0.00000000099999999991 0.00000000099999999991 0.99999999599999989108 0.00000000099999999991 
0.00000000099999999996 0.00000000099999999996 0.99999999600000000211 0.00000000099999999996 0.00000000099999999996 
0.00000000099999999988 0.00000000099999999988 0.00000000099999999988 0.99999999600000000211 0.00000000099999999988 
0.00000000099999999994 0.00000000099999999994 0.47682076307189324993 0.00000000099999999994 0.52317923392810661287 
0.00000000099999999990 0.00000000099999999990 0.00000000099999999990 0.99999999599999989108 0.00000000099999999990 
0.00000000099999999989 0.00000000099999999989 0.99999999600000000211 0.00000000099999999989 0.00000000099999999989 
0.00000000099999999999 0.50195519074900429857 0.00000000099999999999 0.00000000099999999999 0.49804480625099567526 
0.00000000099999999994 0.00000000099999999994 0.99999999599999989108 0.00000000099999999994 0.00000000099999999994 
0.00000000099999999994 0.99999999600000011313 0.00000000099999999994 0.00000000099999999994 0.00000000099999999994 
0.15207207981643339201 0.00000000099999999999 0.84792791718356652630 0.00000000099999999999 0.00000000099999999999 
0.00000000099999999991 0.00000000099999999991 0.99999999599999989108 0.00000000099999999991 0.00000000099999999991 
0.00000000099999999992 0.00000000099999999992 0.99999999599999989108 0.00000000099999999992 0.00000000099999999992 
0.00000000099999999998 0.42538878901872895222 0.00000000099999999998 0.00000000099999999998 0.57461120798127096609 
0.00000000099999999992 0.00000000099999999992 0.99999999600000000211 0.00000000099999999992 0.00000000099999999992 
0.00000000099999999992 0.00000000099999999992 0.99999999600000000211 0.00000000099999999992 0.00000000099999999992 
0.09367289803023909345 0.45280551177989991629 0.09849617763147910932 0.01481384543627468908 0.34021156712210720574 
0.00267143613242997076 0.66555542267429745884 0.05678625529822736717 0.02159044893404622745 0.25339643696099894976 
0.06484128174624473329 0.62283654271429489402 0.00000007645715418869 0.01947180587527869502 0.29285029320702760103 
0.00000000223010997163 0.53309309762156509294 0.00000000100000000000 0.12490334450287852996 0.34200355464544640594 
0.00000003056125426802 0.42397076863781246736 0.06198910030418757627 0.51403987728110911437 0.00000022321563668585 
0.00000000099999999994 0.99999999600000011313 0.00000000099999999994 0.00000000099999999994 0.00000000099999999994 
0.00000000099999999999 0.67670952547202134486 0.02169770155251692090 0.00000000099999999999 0.30159277097546183244 
0.06851434792041734279 0.00001183626331645506 0.83932531914169961063 0.00819887084527490262 0.08394962582929159367 
0.07599498410611109367 0.61437915376372465026 0.00000000099999999999 0.00000000099999999999 0.30962586013016446529 
0.03193745599353172565 0.62850747496713121887 0.00000000099999999998 0.00000000099999999998 0.33955506703933696633 
0.00000000099999999998 0.98200478592779261167 0.00000000099999999998 0.01799521107220750094 0.00000000099999999998 
0.00000000099999999999 0.00000000099999999999 0.99987411227771427757 0.00000000099999999999 0.00012588472228575390 
0.00000000099999999990 0.00000000099999999990 0.00000000099999999990 0.00000000099999999990 0.99999999599999989108 
0.02744090893226817235 0.26007788095614930990 0.71248120811158255350 0.00000000099999999998 0.00000000099999999998 
0.04778111324956572925 0.56742159398671110360 0.31886315162651623911 0.00000031392660752008 0.06593382721059934393 
0.32115531028237220834 0.28815460620725230623 0.00557651552444840808 0.00000000553351770660 0.38511356245240935259 
0.00000000099999999992 0.00000000099999999992 0.99999999599999989108 0.00000000099999999992 0.00000000099999999992 
0.12426424844109779100 0.49664584607783218706 0.00007695038306231088 0.00000000100000000000 0.37901295409800767056 
0.00000000099999999999 0.00000000099999999999 0.00000000099999999999 0.00000000099999999999 0.99999999600000000211 
0.14678291089617656606 0.00000000099999999998 0.00000000099999999998 0.00000000099999999998 0.85321708610382329674 
0.00000000099999999996 0.99999999600000011313 0.00000000099999999996 0.00000000099999999996 0.00000000099999999996 
0.00000000099999999997 0.60874111190068991295 0.00000000099999999997 0.00000000099999999997 0.39125888509931011638 
0.00000000099999999997 0.79257999814178814457 0.00000000099999999997 0.00000000099999999997 0.20741999885821191252 
0.00000000099999999998 0.99999999600000000211 0.00000000099999999998 0.00000000099999999998 0.00000000099999999998 
0.02608640157634345424 0.51755214184569431346 0.00000000100000000000 0.10226028676233707426 0.35410116881562520019 
