0.00000000099999999947 0.00000000099999999947 0.00000000099999999947 0.00000000099999999947 0.00000000099999999947 0.00000000099999999947 0.00000000099999999947 0.00000000099999999947 0.99999998999999994975 0.00000000099999999947 0.00000000099999999947 
0.00000000099999999985 0.00000000099999999985 0.99999999000000017180 0.00000000099999999985 0.00000000099999999985 0.00000000099999999985 0.00000000099999999985 0.00000000099999999985 0.00000000099999999985 0.00000000099999999985 0.00000000099999999985 
0.00000000099999999984 0.00000000099999999984 0.00000000099999999984 0.99999999000000006077 0.00000000099999999984 0.00000000099999999984 0.00000000099999999984 0.00000000099999999984 0.00000000099999999984 0.00000000099999999984 0.00000000099999999984 
0.00000000099999999999 0.30507173312409885391 0.56629180853403282558 0.00000031135535603172 0.00000151015340781233 0.00730794975590124025 0.00000000099999999999 0.01148223655721434047 0.00000000099999999999 0.00000000099999999999 0.10984444651998891140 
0.00000000099999999982 0.00000000099999999982 0.00000000099999999982 0.00000000099999999982 0.00000000099999999982 0.00000000099999999982 0.99999998999999994975 0.00000000099999999982 0.00000000099999999982 0.00000000099999999982 0.00000000099999999982 
0.00000000099999999963 0.00000000099999999963 0.00000000099999999963 0.00000000099999999963 0.99999999000000017180 0.00000000099999999963 0.00000000099999999963 0.00000000099999999963 0.00000000099999999963 0.00000000099999999963 0.00000000099999999963 
0.00000000099999999968 0.00000000099999999968 0.00000000099999999968 0.00000000099999999968 0.00000000099999999968 0.00000000099999999968 0.00000000099999999968 0.00000000099999999968 0.00000000099999999968 0.99999998999999994975 0.00000000099999999968 
0.00000000099999999971 0.00000000099999999971 0.00000000099999999971 0.00000000099999999971 0.00000000099999999971 0.00000000099999999971 0.00000000099999999971 0.00000000099999999971 0.00000000099999999971 0.00000000099999999971 0.99999998999999994975 
0.00000000099999999993 0.00000000099999999993 0.00000000099999999993 0.42499785892628677564 0.00000000099999999993 0.00000000099999999993 0.00000000099999999993 0.00000000099999999993 0.00000000099999999993 0.00000000099999999993 0.57500213207371309032 
0.00000000099999999985 0.00000000099999999985 0.00000000099999999985 0.00000000099999999985 0.00000000099999999985 0.00000000099999999985 0.00000000099999999985 0.00000000099999999985 0.00000000099999999985 0.00000000099999999985 0.99999998999999994975 
0.00000000099999999989 0.00000000099999999989 0.00000000099999999989 0.67632294665802561440 0.00000000099999999989 0.00000000099999999989 0.32367704434197464014 0.00000000099999999989 0.00000000099999999989 0.00000000099999999989 0.00000000099999999989 
0.00000000099999999987 0.00000000099999999987 0.00000000099999999987 0.99999999000000006077 0.00000000099999999987 0.00000000099999999987 0.00000000099999999987 0.00000000099999999987 0.00000000099999999987 0.00000000099999999987 0.00000000099999999987 
0.00000000099999999998 0.00000000099999999998 0.00000000099999999998 0.91945377290220031696 0.00000000099999999998 0.08054621809779978492 0.00000000099999999998 0.00000000099999999998 0.00000000099999999998 0.00000000099999999998 0.00000000099999999998 
0.00000000099999999974 0.99999999000000028282 0.00000000099999999974 0.00000000099999999974 0.00000000099999999974 0.00000000099999999974 0.00000000099999999974 0.00000000099999999974 0.00000000099999999974 0.00000000099999999974 0.00000000099999999974 
0.00000000099999999993 0.99999999000000017180 0.00000000099999999993 0.00000000099999999993 0.00000000099999999993 0.00000000099999999993 0.00000000099999999993 0.00000000099999999993 0.00000000099999999993 0.00000000099999999993 0.00000000099999999993 
0.00000000099999999946 0.99999999000000017180 0.00000000099999999946 0.00000000099999999946 0.00000000099999999946 0.00000000099999999946 0.00000000099999999946 0.00000000099999999946 0.00000000099999999946 0.00000000099999999946 0.00000000099999999946 
0.00000000099999999969 0.00000000099999999969 0.00000000099999999969 0.00000000099999999969 0.99999999000000017180 0.00000000099999999969 0.00000000099999999969 0.00000000099999999969 0.00000000099999999969 0.00000000099999999969 0.00000000099999999969 
0.00000000099999999977 0.00000000099999999977 0.00000000099999999977 0.00000000099999999977 0.00000000099999999977 0.00000000099999999977 0.00000000099999999977 0.00000000099999999977 0.00000000099999999977 0.00000000099999999977 0.99999999000000006077 
0.00000000099999999959 0.99999999000000028282 0.00000000099999999959 0.00000000099999999959 0.00000000099999999959 0.00000000099999999959 0.00000000099999999959 0.00000000099999999959 0.00000000099999999959 0.00000000099999999959 0.00000000099999999959 
0.00000000099999999920 0.00000000099999999920 0.00000000099999999920 0.00000000099999999920 0.00000000099999999920 0.99999999000000006077 0.00000000099999999920 0.00000000099999999920 0.00000000099999999920 0.00000000099999999920 0.00000000099999999920 
0.00000000099999999954 0.99999999000000017180 0.00000000099999999954 0.00000000099999999954 0.00000000099999999954 0.00000000099999999954 0.00000000099999999954 0.00000000099999999954 0.00000000099999999954 0.00000000099999999954 0.00000000099999999954 
0.00000000099999999962 0.00000000099999999962 0.00000000099999999962 0.00000000099999999962 0.00000000099999999962 0.00000000099999999962 0.00000000099999999962 0.99999998999999994975 0.00000000099999999962 0.00000000099999999962 0.00000000099999999962 
0.00000000099999999998 0.00000000099999999998 0.05885345512862279888 0.44240970420428604726 0.00000000099999999998 0.00000000099999999998 0.15780030833137773105 0.13589745654085139126 0.05243082455247246448 0.00000000099999999998 0.15260824624238961134 
0.00000000099999999984 0.00000000099999999984 0.00000000099999999984 0.99999999000000006077 0.00000000099999999984 0.00000000099999999984 0.00000000099999999984 0.00000000099999999984 0.00000000099999999984 0.00000000099999999984 0.00000000099999999984 
0.00000000099999999951 0.00000000099999999951 0.00000000099999999951 0.00000000099999999951 0.00000000099999999951 0.00000000099999999951 0.00000000099999999951 0.99999998999999994975 0.00000000099999999951 0.00000000099999999951 0.00000000099999999951 
0.00000002961826716413 0.00000000099999999998 0.00000000099999999998 0.45164459180821436846 0.00000000099999999998 0.05601602363292120662 0.41577274568513888919 0.00000000099999999998 0.00000000099999999998 0.00000000099999999998 0.07656660325545829038 
0.00000000099999999990 0.00000000099999999990 0.00000000099999999990 0.49033543849862887276 0.00000000099999999990 0.00000000099999999990 0.50966455250137110422 0.00000000099999999990 0.00000000099999999990 0.00000000099999999990 0.00000000099999999990 
0.52412139660073853165 0.00000000099999999992 0.00000000099999999992 0.47587859439926177840 0.00000000099999999992 0.00000000099999999992 0.00000000099999999992 0.00000000099999999992 0.00000000099999999992 0.00000000099999999992 0.00000000099999999992 
0.99999999000000028282 0.00000000099999999954 0.00000000099999999954 0.00000000099999999954 0.00000000099999999954 0.00000000099999999954 0.00000000099999999954 0.00000000099999999954 0.00000000099999999954 0.00000000099999999954 0.00000000099999999954 
0.99999999000000028282 0.00000000099999999960 0.00000000099999999960 0.00000000099999999960 0.00000000099999999960 0.00000000099999999960 0.00000000099999999960 0.00000000099999999960 0.00000000099999999960 0.00000000099999999960 0.00000000099999999960 
0.00000000099999999953 0.00000000099999999953 0.00000000099999999953 0.00000000099999999953 0.00000000099999999953 0.00000000099999999953 0.00000000099999999953 0.99999998999999994975 0.00000000099999999953 0.00000000099999999953 0.00000000099999999953 
0.99999999000000028282 0.00000000099999999959 0.00000000099999999959 0.00000000099999999959 0.00000000099999999959 0.00000000099999999959 0.00000000099999999959 0.00000000099999999959 0.00000000099999999959 0.00000000099999999959 0.00000000099999999959 
0.00000000099999999990 0.00000000099999999990 0.00000000099999999990 0.00000000099999999990 0.00000000099999999990 0.00000000099999999990 0.58614879685469056803 0.00000000099999999990 0.00000000099999999990 0.00000000099999999990 0.41385119414530946447 
0.00000000099999999975 0.00000000099999999975 0.00000000099999999975 0.00000000099999999975 0.00000000099999999975 0.00000000099999999975 0.00000000099999999975 0.00000000099999999975 0.00000000099999999975 0.00000000099999999975 0.99999999000000006077 
0.00000000099999999984 0.00000000099999999984 0.00000000099999999984 0.99999999000000017180 0.00000000099999999984 0.00000000099999999984 0.00000000099999999984 0.00000000099999999984 0.00000000099999999984 0.00000000099999999984 0.00000000099999999984 
0.00000000099999999997 0.00000000099999999997 0.02411845607767005087 0.45112566149033783702 0.04810975009154151022 0.00000000099999999997 0.00000000099999999997 0.07756228755618026216 0.00000000099999999997 0.00000000099999999997 0.39908383878427050595 
0.00000000770784991583 0.00000000099999999994 0.00000000099999999994 0.27959537547022689230 0.00000000099999999994 0.00000000099999999994 0.44742675636913231685 0.00000000099999999994 0.00000000099999999994 0.00000000099999999994 0.27297785345279101943 
0.00000000099999999979 0.00000000099999999979 0.00000000099999999979 0.00000000099999999979 0.00000000099999999979 0.00000000099999999979 0.00000000099999999979 0.00000000099999999979 0.00000000099999999979 0.00000000099999999979 0.99999999000000006077 
0.00000000099999999995 0.00000000099999999995 0.00000000099999999995 0.48402221329404765404 0.00000000099999999995 0.03191987195982663034 0.00000000099999999995 0.03699155906329504306 0.00000000099999999995 0.00130168501495108260 0.44576466466787967313 
0.00000000099999999966 0.00000000099999999966 0.00000000099999999966 0.00000000099999999966 0.00000000099999999966 0.00000000099999999966 0.00000000099999999966 0.00000000099999999966 0.00000000099999999966 0.99999998999999994975 0.00000000099999999966 
0.00000000099999999979 0.00000000099999999979 0.00000000099999999979 0.00000000099999999979 0.34688947988101148656 0.00000000099999999979 0.00000000099999999979 0.00000000099999999979 0.00000000099999999979 0.65311051111898843491 0.00000000099999999979 
0.00000000099999999953 0.00000000099999999953 0.99999999000000006077 0.00000000099999999953 0.00000000099999999953 0.00000000099999999953 0.00000000099999999953 0.00000000099999999953 0.00000000099999999953 0.00000000099999999953 0.00000000099999999953 
0.00000000099999999978 0.00000000099999999978 0.99999999000000006077 0.00000000099999999978 0.00000000099999999978 0.00000000099999999978 0.00000000099999999978 0.00000000099999999978 0.00000000099999999978 0.00000000099999999978 0.00000000099999999978 
0.00000000099999999937 0.00000000099999999937 0.99999999000000017180 0.00000000099999999937 0.00000000099999999937 0.00000000099999999937 0.00000000099999999937 0.00000000099999999937 0.00000000099999999937 0.00000000099999999937 0.00000000099999999937 
0.00000000099999999960 0.00000000099999999960 0.99999999000000006077 0.00000000099999999960 0.00000000099999999960 0.00000000099999999960 0.00000000099999999960 0.00000000099999999960 0.00000000099999999960 0.00000000099999999960 0.00000000099999999960 
0.00000000099999999935 0.00000000099999999935 0.99999999000000017180 0.00000000099999999935 0.00000000099999999935 0.00000000099999999935 0.00000000099999999935 0.00000000099999999935 0.00000000099999999935 0.00000000099999999935 0.00000000099999999935 
0.00000000099999999943 0.00000000099999999943 0.99999999000000017180 0.00000000099999999943 0.00000000099999999943 0.00000000099999999943 0.00000000099999999943 0.00000000099999999943 0.00000000099999999943 0.00000000099999999943 0.00000000099999999943 
0.00000000099999999955 0.00000000099999999955 0.00000000099999999955 0.00000000099999999955 0.00000000099999999955 0.00000000099999999955 0.00000000099999999955 0.00000000099999999955 0.99999999000000006077 0.00000000099999999955 0.00000000099999999955 
0.99999999000000028282 0.00000000099999999936 0.00000000099999999936 0.00000000099999999936 0.00000000099999999936 0.00000000099999999936 0.00000000099999999936 0.00000000099999999936 0.00000000099999999936 0.00000000099999999936 0.00000000099999999936 
0.00000000099999999965 0.00000000099999999965 0.00000000099999999965 0.00000000099999999965 0.00000000099999999965 0.00000000099999999965 0.99999998999999994975 0.00000000099999999965 0.00000000099999999965 0.00000000099999999965 0.00000000099999999965 
0.00000000099999999987 0.00000000099999999987 0.00000000099999999987 0.49689737197171418570 0.00000000099999999987 0.00000000099999999987 0.50310261902828590230 0.00000000099999999987 0.00000000099999999987 0.00000000099999999987 0.00000000099999999987 
0.00000000099999999936 0.00000000099999999936 0.00000000099999999936 0.00000000099999999936 0.00000000099999999936 0.00000000099999999936 0.00000000099999999936 0.99999998999999994975 0.00000000099999999936 0.00000000099999999936 0.00000000099999999936 
0.00000000099999999980 0.00000000099999999980 0.00000000099999999980 0.99999999000000006077 0.00000000099999999980 0.00000000099999999980 0.00000000099999999980 0.00000000099999999980 0.00000000099999999980 0.00000000099999999980 0.00000000099999999980 
0.00000000099999999986 0.00000000099999999986 0.00000000099999999986 0.00000000099999999986 0.00000000099999999986 0.00000000099999999986 0.48548998678999000234 0.00000000099999999986 0.00000000099999999986 0.00000000099999999986 0.51451000421001003016 
0.00000000099999999963 0.00000000099999999963 0.00000000099999999963 0.00000000099999999963 0.00000000099999999963 0.00000000099999999963 0.00000000099999999963 0.00000000099999999963 0.00000000099999999963 0.99999999000000006077 0.00000000099999999963 
0.00000000099999999998 0.00000000099999999998 0.01471119205393726058 0.41934057307606253939 0.00000000099999999998 0.03884857136924268345 0.15653735500009416381 0.06243551294665930507 0.00000000099999999998 0.00000000099999999998 0.30812679055400410411 
0.00000000099999999985 0.00000000099999999985 0.00000000099999999985 0.00000000099999999985 0.00000000099999999985 0.00000000099999999985 0.99999998999999994975 0.00000000099999999985 0.00000000099999999985 0.00000000099999999985 0.00000000099999999985 
0.00000000099999999975 0.63204102888607782695 0.36795896211392242758 0.00000000099999999975 0.00000000099999999975 0.00000000099999999975 0.00000000099999999975 0.00000000099999999975 0.00000000099999999975 0.00000000099999999975 0.00000000099999999975 
0.00000000099999999990 0.00000000099999999990 0.00000000099999999990 0.00000000099999999990 0.58987393792683007199 0.00000000099999999990 0.00000000099999999990 0.00000000099999999990 0.00000000099999999990 0.41012605307317001602 0.00000000099999999990 
0.00000000099999999946 0.99999999000000017180 0.00000000099999999946 0.00000000099999999946 0.00000000099999999946 0.00000000099999999946 0.00000000099999999946 0.00000000099999999946 0.00000000099999999946 0.00000000099999999946 0.00000000099999999946 
0.00000000099999999920 0.00000000099999999920 0.00000000099999999920 0.00000000099999999920 0.00000000099999999920 0.99999999000000017180 0.00000000099999999920 0.00000000099999999920 0.00000000099999999920 0.00000000099999999920 0.00000000099999999920 
0.00000000099999999956 0.99999999000000028282 0.00000000099999999956 0.00000000099999999956 0.00000000099999999956 0.00000000099999999956 0.00000000099999999956 0.00000000099999999956 0.00000000099999999956 0.00000000099999999956 0.00000000099999999956 
0.00000000099999999956 0.00000000099999999956 0.00000000099999999956 0.00000000099999999956 0.99999999000000006077 0.00000000099999999956 0.00000000099999999956 0.00000000099999999956 0.00000000099999999956 0.00000000099999999956 0.00000000099999999956 
0.00000000099999999981 0.00000000099999999981 0.00000000099999999981 0.00000000099999999981 0.00000000099999999981 0.00000000099999999981 0.99999998999999994975 0.00000000099999999981 0.00000000099999999981 0.00000000099999999981 0.00000000099999999981 
0.00000000099999999986 0.00000000099999999986 0.00000000099999999986 0.00000000099999999986 0.40514196491615467322 0.00000000099999999986 0.00000000099999999986 0.00000000099999999986 0.00000000099999999986 0.59485802608384508172 0.00000000099999999986 
0.00000000099999999991 0.00000000099999999991 0.00000000099999999991 0.21786991942323047367 0.00000000099999999991 0.00000000099999999991 0.47050332646010672999 0.03581958279290549385 0.00000000099999999991 0.00000000099999999991 0.27580716432375734781 
0.11673977344552621815 0.00000000099999999994 0.00000000099999999994 0.00000000099999999994 0.00000000099999999994 0.00000000099999999994 0.00000000099999999994 0.00000000099999999994 0.00000000099999999994 0.88326021755447370332 0.00000000099999999994 
0.00000000099999999956 0.00000000099999999956 0.00000000099999999956 0.00000000099999999956 0.99999999000000017180 0.00000000099999999956 0.00000000099999999956 0.00000000099999999956 0.00000000099999999956 0.00000000099999999956 0.00000000099999999956 
0.00000000099999999964 0.00000000099999999964 0.00000000099999999964 0.00000000099999999964 0.00000000099999999964 0.00000000099999999964 0.00000000099999999964 0.00000000099999999964 0.00000000099999999964 0.99999999000000006077 0.00000000099999999964 
0.00000000099999999994 0.00000000099999999994 0.00000000099999999994 0.59450378968399930635 0.00000000099999999994 0.00000000099999999994 0.00000000099999999994 0.00000000099999999994 0.00000000099999999994 0.00000000099999999994 0.40549620131600089268 
0.00000000099999999937 0.00000000099999999937 0.00000000099999999937 0.00000000099999999937 0.00000000099999999937 0.00000000099999999937 0.00000000099999999937 0.00000000099999999937 0.99999999000000006077 0.00000000099999999937 0.00000000099999999937 
0.00000000099999999964 0.00000000099999999964 0.00000000099999999964 0.00000000099999999964 0.00000000099999999964 0.00000000099999999964 0.00000000099999999964 0.00000000099999999964 0.00000000099999999964 0.99999999000000006077 0.00000000099999999964 
0.00933942515994892752 0.01640232000776906465 0.00000000100000000000 0.21650626801547251388 0.02932016255944925112 0.05971256418915384112 0.29014607281810345096 0.07707890640320680387 0.03838358157359002265 0.00000000100000000000 0.26311069727330615997 
0.00000000099999999999 0.03924448782374127115 0.00000000099999999999 0.50617504468157048514 0.05343756069005490411 0.00913864981179538134 0.17659327067843105796 0.00555505702369870139 0.00000000099999999999 0.00000000099999999999 0.20985592529070815071 
0.06810784930607430288 0.02431007867342745155 0.00000000099999999999 0.35513128303812019348 0.00000000099999999999 0.03093156720819590158 0.22537956379351761771 0.00000000099999999999 0.00000003413472552606 0.00000000099999999999 0.29613961984593911714 
0.00000000099999999997 0.00000000099999999997 0.13307627571489025198 0.34746087612103421227 0.00000000099999999997 0.01004830968796432966 0.32564784714726463521 0.00000000099999999997 0.00000000099999999997 0.00000000099999999997 0.18376668532884646301 
0.00000000099999999998 0.00000000099999999998 0.54334992625129541199 0.36178334044025545202 0.00000000099999999998 0.00000000099999999998 0.00003450662436252873 0.00000000099999999998 0.09483221968408667157 0.00000000099999999998 0.00000000099999999998 
0.00000000099999999991 0.00000000099999999991 0.00000000099999999991 0.31510134202074829846 0.00000000099999999991 0.01872073316446844563 0.37700485107630532511 0.00000000099999999991 0.00000000099999999991 0.00000000099999999991 0.28917306673847797960 
0.00000000099999999987 0.00000000099999999987 0.00000000099999999987 0.99999999000000017180 0.00000000099999999987 0.00000000099999999987 0.00000000099999999987 0.00000000099999999987 0.00000000099999999987 0.00000000099999999987 0.00000000099999999987 
0.00000000099999999979 0.00000000099999999979 0.00000000099999999979 0.00000000099999999979 0.00000000099999999979 0.00000000099999999979 0.00000000099999999979 0.00000000099999999979 0.99999998999999994975 0.00000000099999999979 0.00000000099999999979 
0.00000000099999999993 0.00000000099999999993 0.00000000099999999993 0.99795410238744830522 0.00000000099999999993 0.00000000099999999993 0.00000000099999999993 0.00204588861255185260 0.00000000099999999993 0.00000000099999999993 0.00000000099999999993 
0.00000000099999999993 0.00000000099999999993 0.00000000099999999993 0.00228983110566046083 0.00000000099999999993 0.00000000099999999993 0.31635559884205111114 0.00000002834241143222 0.00000000099999999993 0.00000000099999999993 0.68135453470987705771 
0.00000000099999999997 0.00000000099999999997 0.05922714947384004336 0.42224505485094931956 0.00000000099999999997 0.00000000099999999997 0.25143436711510414039 0.00000000099999999997 0.00000000099999999997 0.00000000099999999997 0.26709342156010656977 
0.00000000099999999996 0.00000000099999999996 0.00000000099999999996 0.00000000099999999996 0.99999999000000017180 0.00000000099999999996 0.00000000099999999996 0.00000000099999999996 0.00000000099999999996 0.00000000099999999996 0.00000000099999999996 
0.00000000099999999990 0.00000000099999999990 0.00000000099999999990 0.68594358595996296479 0.00000000099999999990 0.00000000099999999990 0.00000000099999999990 0.00000000099999999990 0.00000000099999999990 0.00000000099999999990 0.31405640504003712321 
0.00000000099999999990 0.00000000099999999990 0.00000000099999999990 0.00000000099999999990 0.00000000099999999990 0.00000000099999999990 0.00000000099999999990 0.00000000099999999990 0.00000000099999999990 0.75891716296620381765 0.24108282803379613157 
0.01927638601109818092 0.00000000100000000000 0.00000000100000000000 0.50846530064588879583 0.00000000100000000000 0.13862930242675541859 0.00000006329530177207 0.04394041108009113378 0.00000441836345697688 0.28964578734505203039 0.00003832783235565412 
0.00099192236258183208 0.00000000099999999999 0.00000000099999999999 0.50170575609402656703 0.00000000099999999999 0.01438268251872650352 0.00000000099999999999 0.29441081283419084924 0.00000000099999999999 0.00000000099999999999 0.18850882019047440763 
0.00000000099999999963 0.00000000099999999963 0.00000000099999999963 0.00000000099999999963 0.99999999000000017180 0.00000000099999999963 0.00000000099999999963 0.00000000099999999963 0.00000000099999999963 0.00000000099999999963 0.00000000099999999963 
0.10497368717378878500 0.00000000099999999996 0.00000000099999999996 0.89502630382621140015 0.00000000099999999996 0.00000000099999999996 0.00000000099999999996 0.00000000099999999996 0.00000000099999999996 0.00000000099999999996 0.00000000099999999996 
0.00000000099999999998 0.03585448906993912721 0.00000000099999999998 0.00038319105233126189 0.00000000099999999998 0.00127550951489796582 0.58861493789453278591 0.00006253059445082571 0.00000000099999999998 0.00000000099999999998 0.37380933687384815256 
0.00000000099999999995 0.00000000099999999995 0.00000000099999999995 0.74158906284116976604 0.00000000099999999995 0.05157311396250510022 0.00000000099999999995 0.20683781519632515877 0.00000000099999999995 0.00000000099999999995 0.00000000099999999995 
0.00000000099999999978 0.00000000099999999978 0.00000000099999999978 0.00000000099999999978 0.00000000099999999978 0.00000000099999999978 0.00000000099999999978 0.00000000099999999978 0.00000000099999999978 0.00000000099999999978 0.99999998999999994975 
0.00000000099999999970 0.00000000099999999970 0.00000000099999999970 0.00000000099999999970 0.00000000099999999970 0.00000000099999999970 0.99999999000000006077 0.00000000099999999970 0.00000000099999999970 0.00000000099999999970 0.00000000099999999970 
0.00000000099999999990 0.00000000099999999990 0.00000000099999999990 0.35639895928353337862 0.00000000099999999990 0.00000000099999999990 0.00000000099999999990 0.00000000099999999990 0.00000000099999999990 0.00000000099999999990 0.64360103171646643183 
0.00000000099999999993 0.00000000099999999993 0.00000000099999999993 0.99999999000000006077 0.00000000099999999993 0.00000000099999999993 0.00000000099999999993 0.00000000099999999993 0.00000000099999999993 0.00000000099999999993 0.00000000099999999993 
0.00000000099999999998 0.11347798214076505741 0.00000000099999999998 0.00000000099999999998 0.00000000099999999998 0.03750383325836338655 0.39426323871264995491 0.04798164580826861508 0.00000000099999999998 0.00000000099999999998 0.40677329407995310717 
