0.99999999500000003039 0.00000000099999999995 0.00000000099999999995 0.00000000099999999995 0.00000000099999999995 0.00000000099999999995 
0.00000000099999999996 0.00000000099999999996 0.00000000099999999996 0.00000000099999999996 0.99999999500000003039 0.00000000099999999996 
0.00000000099999999997 0.00000000099999999997 0.00000000099999999997 0.51715279912296385767 0.00000000099999999997 0.48284719687703608892 
0.00000000099999999999 0.00000000099999999999 0.00000000099999999999 0.15609588576443320096 0.84390411023556677339 0.00000000099999999999 
0.00000000472845302265 0.07465970289882239985 0.00000000099999999999 0.46668639128066408128 0.00000000099999999999 0.45865389909206055741 
0.99999999500000003039 0.00000000099999999992 0.00000000099999999992 0.00000000099999999992 0.00000000099999999992 0.00000000099999999992 
0.99999999500000014141 0.00000000099999999989 0.00000000099999999989 0.00000000099999999989 0.00000000099999999989 0.00000000099999999989 
0.00000000099999999988 0.00000000099999999988 0.00000000099999999988 0.99999999500000003039 0.00000000099999999988 0.00000000099999999988 
0.00000000099999999992 0.00000000099999999992 0.00000000099999999992 0.99999999499999991937 0.00000000099999999992 0.00000000099999999992 
0.00000000099999999998 0.00332169885691906835 0.00000000099999999998 0.60560174762700824669 0.00000000099999999998 0.39107655051607281838 
0.00000000099999999990 0.00000000099999999990 0.00000000099999999990 0.99999999499999991937 0.00000000099999999990 0.00000000099999999990 
0.00000000099999999998 0.00000000099999999998 0.00000000099999999998 0.48847306437266285739 0.00000000099999999998 0.51152693162733708920 
0.01287605448449304427 0.02908100852282834159 0.06367102034697262603 0.31894779409569723461 0.01393407493533065263 0.56149004761467824487 
0.00000000099999999995 0.00000000099999999995 0.00000000099999999995 0.00000000099999999995 0.99999999499999991937 0.00000000099999999995 
0.00000000099999999999 0.00000027373568594740 0.00000000099999999999 0.11040056048293586666 0.88959916278137807222 0.00000000099999999999 
0.00000000099999999984 0.00000000099999999984 0.00000000099999999984 0.00000000099999999984 0.99999999499999991937 0.00000000099999999984 
0.99999999500000014141 0.00000000099999999995 0.00000000099999999995 0.00000000099999999995 0.00000000099999999995 0.00000000099999999995 
0.00000000099999999993 0.00000000099999999993 0.00000000099999999993 0.00000000099999999993 0.00000000099999999993 0.99999999499999991937 
0.00000000099999999991 0.00000000099999999991 0.00000000099999999991 0.00000000099999999991 0.99999999499999991937 0.00000000099999999991 
0.00000000099999999961 0.00000000099999999961 0.99999999500000003039 0.00000000099999999961 0.00000000099999999961 0.00000000099999999961 
0.00000000099999999986 0.00000000099999999986 0.00000000099999999986 0.00000000099999999986 0.99999999500000003039 0.00000000099999999986 
0.00000000099999999990 0.99999999500000014141 0.00000000099999999990 0.00000000099999999990 0.00000000099999999990 0.00000000099999999990 
0.00094592708251772556 0.12243706120176083008 0.03195921184121002651 0.31842663516459157602 0.06084019187750371038 0.46539097283241598335 
0.00000000099999999999 0.03147869135340720936 0.03797873733545120700 0.47174463290471307930 0.00000000099999999999 0.45879793640642868580 
0.00000000099999999985 0.99999999500000003039 0.00000000099999999985 0.00000000099999999985 0.00000000099999999985 0.00000000099999999985 
0.00000000099999999996 0.00000000099999999996 0.00000000099999999996 0.00000000099999999996 0.00000000099999999996 0.99999999500000003039 
0.00000000099999999992 0.00000000099999999992 0.00000000099999999992 0.00000000099999999992 0.00000000099999999992 0.99999999499999991937 
0.00000000099999999998 0.49095572693821254440 0.00000000099999999998 0.37383998270348978155 0.00000000099999999998 0.13520428735829748135 
0.00000000099999999986 0.99999999500000014141 0.00000000099999999986 0.00000000099999999986 0.00000000099999999986 0.00000000099999999986 
0.00000000099999999988 0.99999999500000003039 0.00000000099999999988 0.00000000099999999988 0.00000000099999999988 0.00000000099999999988 
0.00000000099999999987 0.99999999500000003039 0.00000000099999999987 0.00000000099999999987 0.00000000099999999987 0.00000000099999999987 
0.00000000099999999989 0.99999999500000003039 0.00000000099999999989 0.00000000099999999989 0.00000000099999999989 0.00000000099999999989 
0.00000000099999999988 0.00000000099999999988 0.00000000099999999988 0.99999999500000003039 0.00000000099999999988 0.00000000099999999988 
0.00208025302826330121 0.00000000099999999997 0.00000000099999999997 0.34789724174573766202 0.00000000099999999997 0.65002250222599911034 
0.01087663793042428773 0.00000000099999999999 0.00000000099999999999 0.30340365610564046239 0.00000000099999999999 0.68571970296393514044 
0.00000000099999999994 0.00000000099999999994 0.00000000099999999994 0.99999999499999991937 0.00000000099999999994 0.00000000099999999994 
0.00000000099999999998 0.00000000099999999998 0.00000000099999999998 0.43068056071005150764 0.00000000099999999998 0.56931943528994843895 
0.00000000099999999999 0.01608936890038160580 0.00000000099999999999 0.36736579905306443461 0.00000000099999999999 0.61654482904655394382 
0.00725405447416758737 0.01250686669511478881 0.02719172051528438716 0.54444245413896685815 0.00000000099999999999 0.40860490317646647185 
0.99999999500000014141 0.00000000099999999992 0.00000000099999999992 0.00000000099999999992 0.00000000099999999992 0.00000000099999999992 
0.99999999500000014141 0.00000000099999999989 0.00000000099999999989 0.00000000099999999989 0.00000000099999999989 0.00000000099999999989 
0.00000000099999999981 0.00000000099999999981 0.00000000099999999981 0.00000000099999999981 0.99999999499999991937 0.00000000099999999981 
0.00000000099999999995 0.00000000099999999995 0.00000000099999999995 0.00000000099999999995 0.99999999500000003039 0.00000000099999999995 
0.00000000099999999972 0.00000000099999999972 0.00000000099999999972 0.00000000099999999972 0.99999999500000003039 0.00000000099999999972 
0.00000000099999999988 0.00000000099999999988 0.00000000099999999988 0.00000000099999999988 0.99999999500000003039 0.00000000099999999988 
0.00000000099999999973 0.00000000099999999973 0.00000000099999999973 0.00000000099999999973 0.99999999500000003039 0.00000000099999999973 
0.00000000099999999978 0.00000000099999999978 0.00000000099999999978 0.00000000099999999978 0.99999999500000003039 0.00000000099999999978 
0.95106289545104005789 0.00000000099999999997 0.00000000099999999997 0.04893710054896009687 0.00000000099999999997 0.00000000099999999997 
0.00000000099999999979 0.99999999500000014141 0.00000000099999999979 0.00000000099999999979 0.00000000099999999979 0.00000000099999999979 
0.00000000099999999992 0.00000000099999999992 0.00000000099999999992 0.00000000099999999992 0.00000000099999999992 0.99999999500000003039 
0.00000000099999999996 0.00000000099999999996 0.00000000099999999996 0.32581143553109082056 0.00000000099999999996 0.67418856046890895950 
0.00000000099999999983 0.99999999500000003039 0.00000000099999999983 0.00000000099999999983 0.00000000099999999983 0.00000000099999999983 
0.00000000099999999991 0.00000000099999999991 0.00000000099999999991 0.00000000099999999991 0.00000000099999999991 0.99999999500000003039 
0.00000000099999999996 0.00000000099999999996 0.00000000099999999996 0.32528173839742008377 0.00000000099999999996 0.67471825760257986282 
0.99999999500000014141 0.00000000099999999989 0.00000000099999999989 0.00000000099999999989 0.00000000099999999989 0.00000000099999999989 
0.00000000100000000000 0.04071488985537744659 0.04561406201305197999 0.43749646558817972819 0.01521048693304316232 0.46096409461034781874 
0.05087021352121449957 0.07867684464982112325 0.00007824968832948196 0.30461267515332512978 0.02026146095976745151 0.54550055602754243811 
0.00000000099999999988 0.00000000099999999988 0.00000000099999999988 0.00000000099999999988 0.99999999499999991937 0.00000000099999999988 
0.94932397574240634519 0.00000000099999999996 0.05067602025759360834 0.00000000099999999996 0.00000000099999999996 0.00000000099999999996 
0.00000000099999999985 0.00000000099999999985 0.00000000099999999985 0.00000000099999999985 0.99999999499999991937 0.00000000099999999985 
0.00000000099999999960 0.00000000099999999960 0.99999999500000003039 0.00000000099999999960 0.00000000099999999960 0.00000000099999999960 
0.00000000099999999986 0.00000000099999999986 0.00000000099999999986 0.00000000099999999986 0.99999999500000003039 0.00000000099999999986 
0.99999999500000014141 0.00000000099999999988 0.00000000099999999988 0.00000000099999999988 0.00000000099999999988 0.00000000099999999988 
0.00000000099999999993 0.00000000099999999993 0.00000000099999999993 0.99999999500000003039 0.00000000099999999993 0.00000000099999999993 
0.99999999500000014141 0.00000000099999999994 0.00000000099999999994 0.00000000099999999994 0.00000000099999999994 0.00000000099999999994 
0.00000000099999999993 0.00000000099999999993 0.00000000099999999993 0.00000000099999999993 0.00000000099999999993 0.99999999499999991937 
0.78511541285983432736 0.13366188801393993901 0.08122269612622587398 0.00000000099999999998 0.00000000099999999998 0.00000000099999999998 
0.99999999500000003039 0.00000000099999999988 0.00000000099999999988 0.00000000099999999988 0.00000000099999999988 0.00000000099999999988 
0.99999999500000014141 0.00000000099999999990 0.00000000099999999990 0.00000000099999999990 0.00000000099999999990 0.00000000099999999990 
0.00000000099999999998 0.00000009263195459060 0.00889702818498647879 0.39071619968614124119 0.00000000099999999998 0.60038667749691765341 
0.99999999500000003039 0.00000000099999999991 0.00000000099999999991 0.00000000099999999991 0.00000000099999999991 0.00000000099999999991 
0.99999999500000014141 0.00000000099999999991 0.00000000099999999991 0.00000000099999999991 0.00000000099999999991 0.00000000099999999991 
0.07097414026318818459 0.09509711911202489709 0.06049657154152332517 0.31645003626154144527 0.01520061004124205993 0.44178152278048010704 
0.04546117569378314155 0.00599917004704461805 0.02442968461129140650 0.39178902031547657714 0.02339281137153503484 0.50892813796086910916 
0.00000000100000000000 0.05667475800430366722 0.03557687621751921825 0.45104223815952315668 0.02023925384758172227 0.43646687277107237835 
0.00000000099999999999 0.00000000099999999999 0.01920770087088462252 0.39530650806851591605 0.12245100536829031657 0.46303478369230921530 
0.06801902686556410282 0.00000009278317863847 0.00089333539328179665 0.09627945473486815287 0.51536679696918230587 0.31944129325392495167 
0.00000000099999999996 0.00000000099999999996 0.00695693776884648285 0.30138352543435131814 0.00000000099999999996 0.69165953379680211732 
0.00361924206816804754 0.00000000099999999998 0.03426483821499125976 0.51290751745418716734 0.00000000099999999998 0.44920840026265335121 
0.78183951096690318394 0.06642650708451533492 0.15173397894858156598 0.00000000099999999999 0.00000000099999999999 0.00000000099999999999 
0.00000000099999999999 0.07378770099675313610 0.00000000099999999999 0.29841543280194549048 0.00000000099999999999 0.62779686320130145827 
0.00000000099999999997 0.01655598009063271800 0.00000000099999999997 0.34128014088930669345 0.00000000099999999997 0.64216387602006053115 
0.00000000099999999999 0.00000000099999999999 0.00000000099999999999 0.45292326963073065160 0.05481915003177326856 0.49225757733749597733 
0.99993500995094297679 0.00000000099999999999 0.00006488477356701902 0.00000010227549003374 0.00000000099999999999 0.00000000099999999999 
0.00000000099999999989 0.00000000099999999989 0.00000000099999999989 0.99999999500000003039 0.00000000099999999989 0.00000000099999999989 
0.72640717924776754266 0.03803926123828711703 0.00000000099999999997 0.00000000099999999997 0.00000000099999999997 0.23555355651394541128 
0.17520737300900901534 0.11735049046543223616 0.20017102416568749446 0.30399015775216159385 0.00000000100000000000 0.20328095360770978561 
0.00000000099999999999 0.22689369722636548721 0.00135704875697596934 0.77174925101665847738 0.00000000099999999999 0.00000000099999999999 
0.99999999500000014141 0.00000000099999999990 0.00000000099999999990 0.00000000099999999990 0.00000000099999999990 0.00000000099999999990 
0.00000000099999999998 0.00032825147549372886 0.00000000099999999998 0.99967174452450624500 0.00000000099999999998 0.00000000099999999998 
0.00000000100000000000 0.00000000100000000000 0.03432653747551105139 0.56299236048281731115 0.03350430985144417506 0.36917679019022742182 
0.00000000099999999999 0.15750822462209415620 0.08100169903491091783 0.55447068705699475988 0.00000000099999999999 0.20701938728600030593 
0.00000000099999999993 0.00000000099999999993 0.00000000099999999993 0.00000000099999999993 0.00000000099999999993 0.99999999499999991937 
0.00000000099999999996 0.00000000099999999996 0.00000000099999999996 0.31556764334158726726 0.00000000099999999996 0.68443235265841273485 
0.00000000099999999995 0.00000000099999999995 0.00000000099999999995 0.00000000099999999995 0.00000000099999999995 0.99999999500000003039 
0.00000000099999999997 0.00000000099999999997 0.00000000099999999997 0.00000000099999999997 0.00000000099999999997 0.99999999499999991937 
0.00000000099999999999 0.00000000099999999999 0.00045066604023702537 0.90346479859515282929 0.09608453236461023117 0.00000000099999999999 
