0.00000000099999999996 0.00000000099999999996 0.99999999600000000211 0.00000000099999999996 0.00000000099999999996 
0.99999999600000011313 0.00000000099999999997 0.00000000099999999997 0.00000000099999999997 0.00000000099999999997 
0.00000000099999999998 0.38225077183544281523 0.00000000099999999998 0.61774922516455710308 0.00000000099999999998 
0.84150869175264764177 0.15849130524735249859 0.00000000099999999999 0.00000000099999999999 0.00000000099999999999 
0.00000000099999999995 0.99999999600000011313 0.00000000099999999995 0.00000000099999999995 0.00000000099999999995 
0.00000000099999999994 0.00000000099999999994 0.99999999600000000211 0.00000000099999999994 0.00000000099999999994 
0.00000000099999999991 0.00000000099999999991 0.99999999599999989108 0.00000000099999999991 0.00000000099999999991 
0.00000000099999999997 0.47543643324294748709 0.00000000099999999997 0.51457909588443750959 0.00998446887261496795 
0.00000000099999999997 0.00000000099999999997 0.00000000099999999997 0.99999999599999989108 0.00000000099999999997 
0.00000000099999999998 0.55525198483129134530 0.00000000099999999998 0.43653939099270416824 0.00820862217600445976 
0.00000000099999999993 0.99999999600000000211 0.00000000099999999993 0.00000000099999999993 0.00000000099999999993 
0.00000000099999999998 0.57741670250169430112 0.00000000099999999998 0.42258329449830572822 0.00000000099999999998 
0.00000003805399300168 0.00000000100000000000 0.05387859833449780422 0.94571534423155101390 0.00040601837995822261 
0.99999999600000011313 0.00000000099999999996 0.00000000099999999996 0.00000000099999999996 0.00000000099999999996 
0.89022293435416965934 0.10977706264583036999 0.00000000099999999999 0.00000000099999999999 0.00000000099999999999 
0.99999999600000011313 0.00000000099999999988 0.00000000099999999988 0.00000000099999999988 0.00000000099999999988 
0.00000000099999999996 0.00000000099999999996 0.99999999599999989108 0.00000000099999999996 0.00000000099999999996 
0.00000000099999999996 0.00000000099999999996 0.00000000099999999996 0.99999999600000000211 0.00000000099999999996 
0.99999999600000000211 0.00000000099999999993 0.00000000099999999993 0.00000000099999999993 0.00000000099999999993 
0.00000000099999999996 0.00000000099999999996 0.39336910209915521008 0.60663089490084476374 0.00000000099999999996 
0.99999999600000000211 0.00000000099999999989 0.00000000099999999989 0.00000000099999999989 0.00000000099999999989 
0.00000000099999999992 0.00000000099999999992 0.00000000099999999992 0.00000000099999999992 0.99999999600000000211 
0.06144140414544395357 0.23187266110016466203 0.01481943044663215810 0.56025922998842958567 0.13160727431932978115 
0.00000000099999999999 0.46722606721883408465 0.00000000099999999999 0.49881521395757022486 0.03395871682359569849 
0.00000000099999999988 0.00000000099999999988 0.00000000099999999988 0.00000000099999999988 0.99999999599999989108 
0.00000000100000000000 0.33174242012153609682 0.00368244346683206051 0.66453649261432101714 0.00003864279731083799 
0.00000000099999999998 0.38239133071555853061 0.00000000099999999998 0.61760866628444133219 0.00000000099999999998 
0.00000000099999999999 0.49745734757189075115 0.00000000099999999999 0.00000000099999999999 0.50254264942810933370 
0.00000000099999999990 0.00000000099999999990 0.00000000099999999990 0.00000000099999999990 0.99999999599999989108 
0.00000000099999999991 0.00000000099999999991 0.00000000099999999991 0.00000000099999999991 0.99999999599999989108 
0.00000000099999999989 0.00000000099999999989 0.00000000099999999989 0.00000000099999999989 0.99999999600000000211 
0.00000000099999999991 0.00000000099999999991 0.00000000099999999991 0.00000000099999999991 0.99999999600000000211 
0.00000000099999999992 0.99999999600000011313 0.00000000099999999992 0.00000000099999999992 0.00000000099999999992 
0.00000000099999999997 0.29695811809711314400 0.00000000099999999997 0.70304187890288682983 0.00000000099999999997 
0.00000000099999999997 0.00000000099999999997 0.00000000099999999997 0.99999999599999989108 0.00000000099999999997 
0.00000000099999999995 0.99999999600000011313 0.00000000099999999995 0.00000000099999999995 0.00000000099999999995 
0.00000000099999999998 0.48997442989234385458 0.00000000099999999998 0.51002556710765611925 0.00000000099999999998 
0.00000000099999999993 0.99999999600000011313 0.00000000099999999993 0.00000000099999999993 0.00000000099999999993 
0.00000000099999999999 0.22981599732446850171 0.01523582498650131144 0.73724033198120841881 0.01770784470782175296 
0.00000000099999999994 0.00000000099999999994 0.99999999599999989108 0.00000000099999999994 0.00000000099999999994 
0.00000000099999999991 0.00000000099999999991 0.99999999599999989108 0.00000000099999999991 0.00000000099999999991 
0.99999999600000011313 0.00000000099999999986 0.00000000099999999986 0.00000000099999999986 0.00000000099999999986 
0.99999999600000011313 0.00000000099999999996 0.00000000099999999996 0.00000000099999999996 0.00000000099999999996 
0.99999999600000000211 0.00000000099999999978 0.00000000099999999978 0.00000000099999999978 0.00000000099999999978 
0.99999999600000000211 0.00000000099999999991 0.00000000099999999991 0.00000000099999999991 0.00000000099999999991 
0.99999999600000011313 0.00000000099999999980 0.00000000099999999980 0.00000000099999999980 0.00000000099999999980 
0.99999999600000000211 0.00000000099999999983 0.00000000099999999983 0.00000000099999999983 0.00000000099999999983 
0.00000000099999999998 0.07145007491512286868 0.92854992208487729943 0.00000000099999999998 0.00000000099999999998 
0.00000000099999999983 0.00000000099999999983 0.00000000099999999983 0.00000000099999999983 0.99999999599999989108 
0.00000000099999999997 0.24745727210499107729 0.00000000099999999997 0.75254272489500884102 0.00000000099999999997 
0.00000000099999999993 0.00000000099999999993 0.00000000099999999993 0.99999999599999989108 0.00000000099999999993 
0.00000000099999999987 0.00000000099999999987 0.00000000099999999987 0.00000000099999999987 0.99999999600000000211 
0.00000000099999999997 0.46616726089740689876 0.00000000099999999997 0.51689690568660684455 0.01693583141598630631 
0.00000000099999999995 0.00000000099999999995 0.00000000099999999995 0.99999999600000000211 0.00000000099999999995 
0.00000000099999999991 0.00000000099999999991 0.99999999599999989108 0.00000000099999999991 0.00000000099999999991 
0.01599186414918691082 0.34730079377393263673 0.00629906625213128533 0.58462355739586224779 0.04578471842888702514 
0.02597683041430884354 0.34746189891617190737 0.04919418361869913603 0.50085730821867235907 0.07650977883214790665 
0.99999999600000011313 0.00000000099999999991 0.00000000099999999991 0.00000000099999999991 0.00000000099999999991 
0.00000000099999999996 0.00000000099999999996 0.99999999599999989108 0.00000000099999999996 0.00000000099999999996 
0.99999999600000011313 0.00000000099999999989 0.00000000099999999989 0.00000000099999999989 0.00000000099999999989 
0.00000000099999999996 0.00000000099999999996 0.48629919475951044472 0.51370080224048952910 0.00000000099999999996 
0.99999999600000000211 0.00000000099999999990 0.00000000099999999990 0.00000000099999999990 0.00000000099999999990 
0.00000000099999999989 0.00000000099999999989 0.99999999599999989108 0.00000000099999999989 0.00000000099999999989 
0.00000000099999999999 0.46764337992767135432 0.00000000099999999999 0.53235661707232850848 0.00000000099999999999 
0.00000000099999999994 0.00000000099999999994 0.99999999600000000211 0.00000000099999999994 0.00000000099999999994 
0.00000000099999999995 0.00000000099999999995 0.00000000099999999995 0.99999999599999989108 0.00000000099999999995 
0.00000000099999999998 0.00000000099999999998 0.84612980708998364321 0.00000000099999999998 0.15387018991001624735 
0.00000000099999999991 0.00000000099999999991 0.99999999600000000211 0.00000000099999999991 0.00000000099999999991 
0.00000000099999999992 0.00000000099999999992 0.99999999600000000211 0.00000000099999999992 0.00000000099999999992 
0.00000000099999999998 0.55019785882812366484 0.00000000099999999998 0.44980213817187630898 0.00000000099999999998 
0.00000000099999999992 0.00000000099999999992 0.99999999600000000211 0.00000000099999999992 0.00000000099999999992 
0.00000000099999999992 0.00000000099999999992 0.99999999599999989108 0.00000000099999999992 0.00000000099999999992 
0.01398786321581049243 0.22904204940546013525 0.09977445131604208151 0.56203624314904043757 0.09515939291364687580 
0.00004697665456001551 0.00000000100000000000 0.04526881641167328219 0.95468420493376660030 0.00000000100000000000 
0.01978202290277784534 0.43840851006738218443 0.00000000100000000000 0.47684188586092446371 0.06496758016891536480 
0.12283049117214112078 0.39175105031947760059 0.00000000100000000000 0.48541845650838127968 0.00000000100000000000 
0.51758715631117324651 0.04158149855473444734 0.05955079135063946066 0.38128055278345263091 0.00000000100000000000 
0.00000000099999999996 0.26265088175890755062 0.00000000099999999996 0.73734911524109236769 0.00000000099999999996 
0.00000000099999999998 0.29989401026623974111 0.01886620668185377131 0.68123978105190641230 0.00000000099999999998 
0.00849497941858883519 0.00000000100000000000 0.84163541163505883880 0.07803475866734019273 0.07183484927901219452 
0.00000000099999999999 0.32499220708808285174 0.00000000099999999999 0.60668602568373242168 0.06832176522818476927 
0.00000000099999999995 0.99999999600000000211 0.00000000099999999995 0.00000000099999999995 0.00000000099999999995 
0.05212720939354235222 0.25849601648583403479 0.00000000099999999999 0.68937677212062353771 0.00000000099999999999 
0.00000000099999999999 0.00000000099999999999 0.99999999599999989108 0.00000000099999999999 0.00000000099999999999 
0.00000000099999999989 0.99999999600000000211 0.00000000099999999989 0.00000000099999999989 0.00000000099999999989 
0.00000000099999999999 0.22593266964714134315 0.73203625448993203673 0.00000001105253983233 0.04203106381038668876 
0.00000000100000000000 0.30483016452827310649 0.30061372229358601649 0.32393393254009933413 0.07062217963804143239 
0.00000000100000000000 0.68464438983070186051 0.00000172814315165724 0.00000026922256267394 0.31535361180358384425 
0.00000000099999999992 0.00000000099999999992 0.99999999600000000211 0.00000000099999999992 0.00000000099999999992 
0.00000000099999999999 0.56482022434553702528 0.00000000099999999999 0.31175569745214021244 0.12342407620232274945 
0.00000000099999999999 0.99999999600000011313 0.00000000099999999999 0.00000000099999999999 0.00000000099999999999 
0.00000000099999999999 0.65182823381528520734 0.00000000099999999999 0.19303309749976307885 0.15513866668495168710 
0.00000000099999999997 0.00000000099999999997 0.00000000099999999997 0.99999999600000000211 0.00000000099999999997 
0.00000000099999999995 0.00000000099999999995 0.00000000099999999995 0.99999999600000000211 0.00000000099999999995 
0.00000000099999999997 0.56997046794961858662 0.00000000099999999997 0.43002952905038144271 0.00000000099999999997 
0.00000000099999999998 0.00000000099999999998 0.00000000099999999998 0.99999999599999989108 0.00000000099999999998 
0.10287890701310987984 0.42906366695106329390 0.00000000100000000000 0.45426003572201639757 0.01379738931381054544 
