0.99999999700000008485 0.00000000099999999996 0.00000000099999999996 0.00000000099999999996 
0.00000000099999999998 0.00000000099999999998 0.99999999699999986280 0.00000000099999999998 
0.00000000099999999998 0.99999999699999997382 0.00000000099999999998 0.00000000099999999998 
0.00000563951647909831 0.13033463206109999200 0.86960394314746691791 0.00005578527495406501 
0.00056655807472610496 0.91222583778083810024 0.00000000100000000000 0.08720760314443581906 
0.99999999700000008485 0.00000000099999999995 0.00000000099999999995 0.00000000099999999995 
0.99999999699999997382 0.00000000099999999993 0.00000000099999999993 0.00000000099999999993 
0.00000000099999999998 0.96596652358126888771 0.00000000099999999998 0.03403347441873125906 
0.00000000099999999999 0.99999811067725408176 0.00000000099999999999 0.00000188732274602623 
0.00000000099999999998 0.94986265530848967842 0.00000000099999999998 0.05013734269151046141 
0.00000000099999999998 0.96021530091360796089 0.00000000099999999998 0.03978469708639217894 
0.00000000099999999999 0.99997757808888354525 0.00000000099999999999 0.00002241991111652920 
0.06012204020254179743 0.89116328847959758175 0.02333570887459644749 0.02537896244326416292 
0.00000000099999999997 0.00000000099999999997 0.99999999699999986280 0.00000000099999999997 
0.00000013192084951359 0.06412168640896538652 0.90066683468486297137 0.03521134698532217555 
0.00000000099999999991 0.00000000099999999991 0.99999999699999997382 0.00000000099999999991 
0.99999999699999997382 0.00000000099999999997 0.00000000099999999997 0.00000000099999999997 
0.00000000099999999999 0.93823262814246410901 0.03153273604490095666 0.03023463481263494526 
0.00000000099999999995 0.00000000099999999995 0.99999999699999997382 0.00000000099999999995 
0.40692232173179493371 0.59307767626820517837 0.00000000099999999998 0.00000000099999999998 
0.00000000099999999992 0.00000000099999999992 0.99999999699999997382 0.00000000099999999992 
0.00000000099999999993 0.00000000099999999993 0.00000000099999999993 0.99999999699999997382 
0.02717023519820329497 0.78116368967871763207 0.06282329786503013103 0.12884277725804885173 
0.00000000099999999999 0.95388110315052188071 0.00000659979233874753 0.04611229605713942914 
0.00000000099999999991 0.00000000099999999991 0.00000000099999999991 0.99999999700000008485 
0.02367087133298853563 0.97352192339146892408 0.00035881227356538103 0.00244839300197721666 
0.00000000099999999998 0.99999999700000008485 0.00000000099999999998 0.00000000099999999998 
0.00000000099999999999 0.49631621676793047371 0.00060124855020687895 0.50308253368186262033 
0.00000000099999999992 0.00000000099999999992 0.00000000099999999992 0.99999999700000008485 
0.00000000099999999993 0.00000000099999999993 0.00000000099999999993 0.99999999699999997382 
0.00000000099999999991 0.00000000099999999991 0.00000000099999999991 0.99999999700000008485 
0.00000000099999999993 0.00000000099999999993 0.00000000099999999993 0.99999999699999997382 
0.00000000099999999999 0.95907096861211271754 0.04092854210247713620 0.00000048828541007267 
0.00278907981477173736 0.99721091818522833439 0.00000000099999999998 0.00000000099999999998 
0.02257907301868230729 0.97742089684525690352 0.00000000100000000000 0.00000002913606069215 
0.05053419364163236338 0.84052735189906424562 0.02852326312554228499 0.08041519133376104356 
0.00000000099999999999 0.99999910394484559095 0.00000000099999999999 0.00000089405515448703 
0.00000000099999999999 0.97267130735584772516 0.00000000099999999999 0.02732869064415225854 
0.02814270584712548484 0.94822540509369235284 0.00000000099999999999 0.02363188805918216631 
0.99999999700000008485 0.00000000099999999995 0.00000000099999999995 0.00000000099999999995 
0.99999999699999997382 0.00000000099999999993 0.00000000099999999993 0.00000000099999999993 
0.00000000099999999990 0.00000000099999999990 0.99999999699999986280 0.00000000099999999990 
0.00000000099999999997 0.00000000099999999997 0.99999999699999986280 0.00000000099999999997 
0.00000000099999999983 0.00000000099999999983 0.99999999699999997382 0.00000000099999999983 
0.00000000099999999993 0.00000000099999999993 0.99999999699999986280 0.00000000099999999993 
0.00000000099999999985 0.00000000099999999985 0.99999999699999997382 0.00000000099999999985 
0.00000000099999999987 0.00000000099999999987 0.99999999699999986280 0.00000000099999999987 
0.95824512640043291167 0.04175487159956711020 0.00000000099999999998 0.00000000099999999998 
0.00000000099999999987 0.00000000099999999987 0.00000000099999999987 0.99999999700000008485 
0.00000000099999999997 0.99999999699999997382 0.00000000099999999997 0.00000000099999999997 
0.00000000099999999996 0.99999999699999997382 0.00000000099999999996 0.00000000099999999996 
0.00000000099999999989 0.00000000099999999989 0.00000000099999999989 0.99999999699999997382 
0.00000000099999999998 0.95936378974574332279 0.00000000099999999998 0.04063620825425667132 
0.00000000099999999998 0.99999807185911027130 0.00000000099999999998 0.00000192614088970891 
0.99999999700000008485 0.00000000099999999993 0.00000000099999999993 0.00000000099999999993 
0.01291018042241472326 0.91679358959317247546 0.01659025068822203228 0.05370597929619067012 
0.05171039654206742442 0.83762005941956330091 0.02697363652636817696 0.08369590751200110812 
0.00000000099999999993 0.00000000099999999993 0.99999999699999997382 0.00000000099999999993 
0.99999999699999997382 0.00000000099999999997 0.00000000099999999997 0.00000000099999999997 
0.00000000099999999991 0.00000000099999999991 0.99999999699999997382 0.00000000099999999991 
0.50634058853791119592 0.49365940946208897167 0.00000000099999999999 0.00000000099999999999 
0.00000000099999999992 0.00000000099999999992 0.99999999699999997382 0.00000000099999999992 
0.99999999700000008485 0.00000000099999999991 0.00000000099999999991 0.00000000099999999991 
0.00000000099999999999 0.99053146440980666121 0.00000000099999999999 0.00946853359019347168 
0.99999999699999997382 0.00000000099999999995 0.00000000099999999995 0.00000000099999999995 
0.00000000099999999998 0.99138854983603696969 0.00000000099999999998 0.00861144816396304524 
0.84872437232597952583 0.00000001664572283544 0.00000000099999999999 0.15127561002829761905 
0.99999999699999997382 0.00000000099999999993 0.00000000099999999993 0.00000000099999999993 
0.99999999700000008485 0.00000000099999999994 0.00000000099999999994 0.00000000099999999994 
0.00060433396167533103 0.98583637749131380890 0.00000000099999999998 0.01355928754701088944 
0.99999999699999997382 0.00000000099999999994 0.00000000099999999994 0.00000000099999999994 
0.99999999700000008485 0.00000000099999999994 0.00000000099999999994 0.00000000099999999994 
0.10127848250708140765 0.78250619781034769229 0.01699443597719074023 0.09922088370538018065 
0.05896492090513749673 0.89567788452083862971 0.02727747173280897081 0.01807972284121472928 
0.00018864498679648040 0.89692873314184018430 0.02842591157728284815 0.07445671029408049146 
0.00000006243322831552 0.87123491943423869710 0.12782266889134441534 0.00094234924118857181 
0.07019444952028926210 0.41209403861084042964 0.51692922286141951282 0.00078228900745076801 
0.00000000099999999997 0.99999999700000008485 0.00000000099999999997 0.00000000099999999997 
0.02912370478786575900 0.97087424270502942214 0.00000000099999999999 0.00000205150710472923 
0.84773441990326292572 0.06264651111925233218 0.00986474810387956251 0.07975432087360523337 
0.00000356065363332482 0.91807465302177726496 0.00000000099999999999 0.08192178532458950502 
0.00000000099999999998 0.96080179193477777133 0.00000000099999999998 0.03919820606522236850 
0.00000000099999999999 0.94517414651778519641 0.05482585148221484628 0.00000000099999999999 
0.99999977065107981122 0.00000011186922460077 0.00000000100000000000 0.00000011647969563307 
0.00000000099999999998 0.99853378684867555304 0.00000000099999999998 0.00146621115132448618 
0.71998928941445961005 0.23190678821922636188 0.00000000099999999999 0.04810392136631398002 
0.30326555167371616051 0.60816583787060296551 0.00000260225305628445 0.08856600820262466867 
0.01223030662391032079 0.67217034376940432150 0.00001753691723756545 0.31558181268944768272 
0.99999999700000008485 0.00000000099999999994 0.00000000099999999994 0.00000000099999999994 
0.01089897176600278760 0.85586066443583197483 0.00000000100000000000 0.13324036279816528494 
0.00000007019980728614 0.96380473034836089408 0.03178697151917786456 0.00440822793265398770 
0.01124445951720503406 0.82345382801447686294 0.00000000099999999999 0.16530171146831806883 
0.00000000099999999999 0.97176724185850682503 0.01071154041551680355 0.01752121672597637195 
0.00000000099999999997 0.99999999699999997382 0.00000000099999999997 0.00000000099999999997 
0.00000000099999999998 0.99487861397379884210 0.00000000099999999998 0.00512138402620124916 
0.00000000252060619383 0.99999997044776911537 0.00000002603162461803 0.00000000099999999999 
0.00000000100000000000 0.85902326493888980785 0.10533574733682148084 0.03564098672428869102 
